4261 13019 98807 15123 95405 74389 45460 74493 91049 39429 19309 57187 5035 8195 76447 10711 23413 69677 21413 70603 
68593 49911 9748 62109 5087 4824 12317 52755 83070 77576 7093 50264 22054 15315 80604 15954 60574 40522 9040 21184 
12228 81778 32299 57174 36730 89601 42172 68710 38377 62757 19987 1578 1603 51603 93544 14422 13015 75108 19335 47536 
89046 52560 86755 72675 94435 97198 1948 99476 42199 80648 12100 98917 42599 48701 66612 30016 17514 89283 18331 65281 
41503 85410 31471 49256 30196 93271 54098 44321 52537 2986 30108 59803 49209 72668 86066 10583 47417 55852 89616 17319 
16616 22349 41894 17027 1614 80925 58169 48828 43113 91187 41182 96460 47238 18333 14594 22107 83126 79135 33772 82357 
48081 99794 68235 26335 88241 31819 50403 30514 27635 43958 87909 80889 25444 11175 46040 4540 94730 6838 1390 47659 
6014 11736 52951 45232 24396 59003 64604 26868 86989 77826 98839 70647 64204 98021 53935 58246 455 33802 68472 69808 
69754 66706 44432 13136 10817 1448 74069 46693 46621 20765 1648 6746 40503 71764 53113 22021 51323 30396 75807 93787 
10892 34009 39792 20572 14484 50163 98351 45306 13920 18256 90482 11295 74777 73914 68702 46340 86164 93007 36661 27662 
5040 68859 92891 34141 62959 37792 13622 61750 23150 4259 39882 48603 9581 88874 97942 1768 50047 11619 66397 54384 
15362 5462 13643 77462 38582 46124 67715 69991 73586 99287 27144 43153 25051 92852 40653 74795 11550 12445 29621 16796 
85699 29985 24522 2817 14820 122 79376 80001 26209 25235 77053 91296 13068 58399 39105 13019 40051 35350 76091 78593 
19844 96568 25473 65262 96939 30135 61542 69927 56847 80723 4507 68698 83640 10649 66109 17658 16986 84308 79115 10695 
97460 778 74804 67631 52322 39272 9684 38287 3769 26771 27955 29140 62851 82814 50990 66339 19289 25606 52444 54716 
38771 67582 73099 49231 73127 54663 88795 24148 54477 56054 57417 97439 66208 82575 87232 95789 68831 45487 45999 53143 
97977 92901 9915 22853 76763 39406 8530 35560 77919 45925 36226 17151 96218 62250 7858 66754 73038 31525 13273 27755 
31154 51799 53249 76556 8556 28166 53747 99840 67733 50944 74266 98308 82740 79569 55782 37026 21507 80750 48095 38416 
5180 94673 54972 22162 39100 7763 1029 66282 69823 78859 32399 96090 30737 42175 95974 93635 29500 72524 16122 30266 
54068 40280 28151 18502 17723 84381 87165 78525 27855 17630 90913 44553 61216 5578 41885 21251 48275 54623 81148 83950 
71828 78319 22574 90746 45751 88463 81166 81758 35592 89792 4520 94521 88838 51025 15322 31642 82358 31773 28420 38709 
3017 81493 33854 87665 68628 23157 27255 40890 4421 4022 89370 73034 92867 7135 48942 46991 89945 85068 20303 93871 
56150 91902 85318 67112 72178 41317 60671 40333 31250 51418 59215 7818 71785 16378 68925 28959 42133 23599 1350 5106 
23059 42158 19742 59583 96155 80275 19828 86710 38745 13478 65453 99033 49332 27329 17907 50735 62983 95107 38583 19831 
86353 15388 41439 39478 97767 42661 16328 17453 1213 98718 81811 23364 78081 88449 78863 58734 59222 35612 70207 11811 
91004 68766 59132 57136 5447 49320 84161 57359 52607 36812 68400 64410 2192 3028 5474 99030 94073 85825 53488 64714 
99475 55803 16213 15238 71863 59192 22949 44982 69622 44954 45714 22642 96613 81462 21340 8825 8175 49043 78174 75575 
23714 72617 50228 58871 56989 40674 51254 15888 24970 6611 38930 16421 61359 67061 64813 382 64326 45128 62992 96626 
30750 3279 53520 27709 78450 28083 23946 92578 71285 60833 55196 47031 63198 30340 99161 70639 25091 90810 43879 41455 
32207 17946 34737 65346 89478 97119 88875 9208 15963 69225 12119 80676 63247 49055 62437 78429 33670 61377 26583 3941 
92824 51470 29979 91313 98080 23333 60288 56141 67052 64775 2304 97588 92731 92370 88654 34190 63207 55778 48747 37114 
87210 90976 25373 74115 24763 95377 21190 95176 18461 77904 64693 54976 11768 48958 82993 37284 85477 50784 46455 47321 
87539 14471 42140 33233 38909 42756 23015 24172 94427 66661 31884 95083 76125 71789 16918 14761 52265 94787 1586 94011 
85191 56650 9940 75847 44317 17508 64760 32450 39030 22045 78559 6359 46086 82842 87170 71620 45369 17894 85941 73939 
55395 23272 63646 49905 66337 70806 72276 37168 49676 1447 5917 29059 65187 34978 69297 5762 71336 93756 61986 18350 
82440 57805 15974 68789 38316 68556 86293 823 53977 11800 20212 43763 45064 23135 48044 1218 94596 63984 24513 300 
71078 4817 66667 35568 68690 66476 45630 50407 18924 71798 70042 83956 90767 37021 73441 33073 54336 89917 83095 81855 
16748 47438 72692 61382 67976 51508 69533 61653 9462 20559 63281 89390 35785 49807 7835 64267 41320 80921 36963 15237 
3624 49458 54219 36422 7537 20695 55034 87282 56290 38616 47374 86638 87769 49832 67500 44433 38110 70136 84311 71166 
9172 51474 69972 82598 90279 98870 36393 89438 48569 99193 97238 80925 19435 9900 44290 22874 52228 97065 36762 20046 
97894 92276 2754 91340 22173 69245 95389 68424 84452 90809 59181 90145 94980 17799 23574 5337 77663 72329 95361 62224 
84214 1608 46610 54671 334 77943 88268 72164 76589 68418 25824 55145 36148 68153 81055 13073 35007 31569 20793 51755 
16721 78287 78196 2362 30633 30240 19149 38546 16164 6274 84830 45896 39352 89024 18913 14966 29836 9110 42092 60699 
60044 81065 49359 83839 60691 86921 37520 37158 4969 63132 37677 37571 6306 67605 59027 96689 55166 89511 46139 60684 
58187 21309 82451 85485 84497 19092 99085 29609 83007 58618 58937 73897 7852 48239 52459 34314 15339 12840 38893 76891 
2824 91407 32192 49619 92143 56838 45374 72128 23541 66491 52344 84132 47542 87130 4898 24162 39248 40531 6016 18482 
42473 40029 57930 29544 72245 78319 39159 74104 37252 55312 90617 23875 35125 9270 21093 50158 20910 756 76503 67709 
16714 7163 70344 38793 46375 87083 47061 86588 63276 62084 54505 3062 11666 66468 59886 7633 27637 71643 25304 38734 
1773 22463 9911 30858 17828 79961 56526 96222 6551 58206 5861 7442 52588 20374 26971 58346 19813 38121 83957 76408 
64467 79063 13925 49380 10330 94983 88968 44734 68817 60471 4809 28566 57943 84820 51473 71652 11304 86860 95694 95323 
32349 2556 21166 32297 66378 60810 28703 29795 65982 86398 52971 62447 77055 91124 81223 97721 96823 75195 52234 7870 
38853 14919 43901 99273 83151 28834 65552 84861 98714 67042 74745 48642 85804 7611 40532 93331 18836 59581 19257 21329 
92860 20416 34046 30360 3007 61510 15417 99248 5287 30680 49902 70762 4331 45964 26577 90924 28468 82673 59968 67737 
90572 511 58388 55836 11728 12670 93984 74890 95625 50022 83514 19553 37896 48957 99323 74290 66457 2769 35115 88061 
39194 52873 50012 20883 9011 71811 25426 75059 10087 58818 81034 32114 56585 31896 82865 34275 9013 73922 86220 35911 
50627 38490 42354 47642 88389 58744 60728 62229 66582 57834 64047 49317 14959 16854 18153 28440 15237 43501 61505 83428 
61859 28494 98393 94364 48457 99142 36828 45998 10391 19346 53032 35213 24325 37768 64257 68524 52867 9917 73540 84448 
92238 7586 4417 95819 10629 23133 11598 62261 21166 23018 16525 87308 50022 15514 35744 92229 36488 56826 84269 55184 
16733 6029 74620 50546 8732 53731 19115 17673 60214 379 72 83876 62002 95526 69133 67628 18561 72180 79799 78470 
79227 20629 9750 96319 11225 19343 75908 11324 26284 95620 14482 66376 52178 86626 33865 38569 25198 85919 86635 7460 
9773 30125 94125 83030 50305 30209 30975 26664 11431 16256 91468 66942 28221 57766 59817 72609 39250 60193 54817 71123 
10989 88959 71908 93229 73796 48257 31515 45122 32702 57026 6952 77200 87036 34442 18581 57690 1155 7432 28046 85206 
28316 92695 92367 73156 64487 78286 2994 64530 95015 15506 51596 52786 33190 78917 34744 34960 15557 68809 70651 64690 
78576 29339 10189 85185 68132 92750 8139 66669 3601 56241 37465 21107 95850 61441 38372 2174 99740 98734 72032 39589 
40954 62386 54082 32563 28443 163 27352 18552 97709 45655 22428 77109 14926 28355 1698 62505 11635 17177 43438 3985 
79135 82960 7944 35180 34233 83589 13169 8886 9282 90904 53175 39513 36494 54453 74353 30081 78460 16150 30136 86472 
46102 6576 74583 33462 68372 64219 74943 95383 30928 68081 2922 34105 41697 36444 93216 22255 36146 44633 29480 10818 
93859 43842 30733 61539 68771 12915 47950 16117 37665 6873 34070 39273 14762 14837 85543 54444 53723 57720 55720 66674 
64735 87133 69167 84786 50509 98293 46964 97879 14425 67406 55354 8942 40122 33789 58507 59209 95752 79022 37026 46128 
39842 20165 57497 72427 56234 10374 10448 31826 89680 18037 38802 31111 90392 92558 21173 22984 78968 42993 69902 22598 
27860 94066 10512 20183 73015 70968 21370 4601 62424 67243 76757 15437 67282 98911 31914 92365 19509 42536 67995 50644 
20657 49389 26353 6663 35287 8043 56798 28824 27674 60848 91396 97986 59670 84747 22976 69231 93291 5607 96776 37474 
78093 93326 12183 78008 13499 82662 98721 78057 6608 63271 54827 92757 64956 44635 85722 29203 55390 13346 79409 60871 
83103 39967 65409 22411 11926 44814 36620 89445 82594 86469 79433 38007 4553 65237 83558 62519 94972 87784 88448 97471 
86306 76663 3372 9812 58202 96924 49446 82863 76725 28576 47272 59903 77346 94941 27959 91597 66125 9211 60308 47837 
4547 89470 11143 81234 70169 73337 10368 62907 5147 72869 62240 66937 74771 97604 82006 39774 34003 11779 18543 69341 
14807 60625 27616 43997 44810 8513 79753 96756 97547 79776 32738 38713 35574 74467 44240 31172 40911 81264 10386 77503 
82249 20516 33213 92359 11179 80293 30395 44145 64659 58951 32361 42032 19201 80649 26898 52975 33902 92971 54680 32288 
66621 54845 80177 79668 59130 52582 37139 19249 44250 91702 9138 60473 57179 28716 77024 28989 54153 91093 12827 86143 
98639 2979 71286 849 71686 25867 23139 59813 10447 51041 29587 36280 77566 38797 14249 76227 8782 62974 32189 8505 
14802 75039 43963 94889 74787 69904 84490 6951 30119 15987 63670 7848 60734 73526 58606 92300 33892 45909 12285 31418 
43054 7826 65985 78388 3160 33025 95664 97096 1668 3203 30419 90794 63258 83761 20670 94195 22193 21805 89939 18378 
56427 88061 45169 59162 84198 98318 35681 70252 13338 424 21423 45502 44993 69205 44342 18347 47218 28558 2767 71984 
34273 42092 59454 50631 69672 21499 53907 57909 6122 28118 55088 2904 65066 57826 67811 87911 94680 67610 98440 97183 
62840 22975 9065 16374 68454 97339 43794 63177 40604 55786 3873 32 92936 34867 62671 18991 51344 16926 35788 9631 
85994 93153 53003 46076 14624 50975 98669 43932 63981 58649 4556 43930 926 36200 94465 3798 9240 63969 25302 68051 
85803 87135 56152 91681 40156 36884 8489 20718 52456 81877 9967 13648 18195 6314 21062 16556 38071 79851 97105 9102 
50819 91650 95897 46023 52165 73691 38775 30768 63835 85592 87191 22377 8083 72492 62205 58964 99538 38767 93937 76657 
46107 74316 63102 71220 69592 76204 526 86672 30066 39716 73674 52209 51850 86215 40321 4595 84136 15323 14813 19553 
5158 20336 59349 46953 19997 62800 12770 63601 21753 56653 95305 7664 71608 15963 24369 49377 93523 32373 82936 94376 
97076 74845 52024 7143 99262 57527 48314 68226 50831 61891 55623 66250 26798 62814 58941 33268 30296 4234 89724 53946 
70884 27762 86130 58122 97638 6518 90638 24634 34594 61052 80937 88545 6560 29416 16186 32475 9064 53413 38565 2420 
8365 66254 29462 79671 57223 98056 84780 96498 63578 47498 90423 43642 78300 61074 91396 21333 31532 6001 37954 21370 
71618 57234 30290 77866 12456 819 12154 89133 35510 55536 62260 96955 12764 65960 66637 20914 88565 29078 84080 84127 
51305 76392 50173 81754 33006 6805 19921 73549 3129 46313 18238 40779 54126 37672 16307 87411 66247 34300 7903 85972 
54482 70149 65465 74347 25274 67156 1891 47722 2335 39184 98311 95652 9206 38036 12997 75461 50402 67522 97760 80307 
97352 26997 20569 84495 50075 83731 82769 32273 58240 3921 72485 86501 36914 85591 37188 38804 26707 86508 17341 70372 
85364 38764 27513 47041 59097 81494 35741 4237 74882 41520 77172 27494 37013 15874 77237 44437 49300 29049 13966 61067 
52709 21394 24417 67413 78141 92383 14642 61515 90618 90478 65739 25840 53545 25096 89806 46277 12723 35863 16137 13551 
39128 45678 35742 62553 36081 42137 61342 25160 29463 4016 61406 27361 77563 71656 10034 86964 82063 94419 55072 19886 
49425 92629 67336 36550 30581 72730 85871 89311 26994 69825 54199 59603 70722 19272 51073 57791 54481 23879 66989 40665 
53403 89852 32765 84889 88774 87184 56345 83418 96023 47532 37823 21828 8493 50889 11412 25204 69757 77303 93852 88826 
42974 66306 40192 49688 63692 7252 14307 86444 36829 36791 89284 86781 75066 24264 60718 32424 46278 24712 62104 80732 
3107 62207 19489 73115 4468 58053 58371 54644 55058 40817 47496 15169 9732 5556 70710 79673 86521 51449 84020 93894 
90536 90322 19110 74526 92927 84123 50116 82445 64631 91551 25575 13440 5589 22798 70615 29787 60263 94429 70843 45537 
50538 48164 17744 80958 32402 85085 31762 31877 33360 96456 51979 57292 83055 47626 81173 47289 38948 92740 51116 92931 
66888 76926 99634 20947 60586 19577 76340 4507 84301 76321 7529 8214 72503 22943 15387 35229 51173 50605 74754 45734 
95602 41266 73622 15980 43288 26011 40747 12913 20673 15038 24140 98607 48446 30296 10521 61023 47288 59478 83386 95780 
90756 39707 83883 1029 50386 88008 10667 68677 9274 26029 5562 84061 14486 32546 88669 52497 55167 54656 88900 35246 
79740 31246 95569 5318 41503 96013 12195 79233 99881 92271 21849 98076 42315 30624 82044 16355 75221 64862 22623 74510 
24949 65333 42154 61240 54076 14526 66005 30902 44537 12823 47731 24511 14391 20211 2655 43421 81226 84075 31287 97560 
18128 99342 48994 83528 70887 60307 54582 82229 93759 80405 87558 9520 55011 54770 50090 4844 57862 20528 38710 74823 
58214 63176 91912 27577 29269 96896 93966 379 83389 43317 98964 61573 73213 87040 16544 51045 63878 13118 12696 99886 
95401 88169 62038 48618 48920 61316 57432 90042 85309 21124 65960 13678 9372 52108 25453 41394 40964 97319 78586 23263 
21129 48962 70790 4192 75148 69589 62581 98298 25813 70553 97365 13045 42168 67340 40233 50426 91841 20581 47540 83081 
7690 13910 20295 19932 17738 91687 28691 61549 92128 55503 33477 62618 31869 16937 36096 43639 38058 53947 99993 85482 
78562 25846 97113 99598 42797 79324 57088 29825 5597 81831 69099 8876 72980 21233 1761 38880 51313 38201 6587 83554 
13097 41356 70471 13187 28984 5612 88397 60149 17899 754 91694 11077 28643 1176 48743 19388 5076 37304 68000 30703 
46877 16814 48383 76374 76125 53878 90894 9453 52039 84912 20724 85333 81213 36623 50531 93417 35401 22559 98790 20368 
48054 41158 73700 38948 21841 82440 33376 97885 34928 44220 87393 3027 52466 74838 70054 90168 41425 55735 28575 53215 
62999 64882 25224 51584 46765 1358 68530 59607 70636 16124 74754 67027 98658 29271 89335 64396 86636 53998 58058 28121 
75904 8513 33347 80125 95205 39476 8888 95573 80720 65754 21259 65245 74763 57157 45929 65852 24038 89337 60947 37137 
21918 47670 97580 7593 82503 63990 84757 82865 81024 2310 67895 95037 17157 52645 1561 62906 22195 66730 19178 85591 
52821 25652 10892 13647 38070 40839 1330 57953 59851 89181 97561 70245 95728 99938 7372 79083 98163 70805 37351 68028 
52513 8673 81587 69398 22709 99391 10157 15155 30691 89622 72443 27849 12221 40125 59330 87035 9121 49900 55890 94776 
5015 30542 93443 88855 37329 39128 4519 87492 68368 28613 88513 82086 25854 56914 8793 48470 86143 75239 35990 14459 
26224 28576 79776 15619 7750 31503 94848 28897 82947 27207 63803 99464 87641 51203 7566 34425 8970 88747 98719 23396 
42572 18696 66221 57634 3930 46296 39584 41920 57892 29396 83974 54647 53647 79110 75983 14447 19201 73872 98 44294 
48526 30575 7329 65285 89366 94010 23891 75882 84783 32816 61004 27823 67816 94359 52452 57824 20753 5895 42689 66637 
89706 45560 23562 63422 13012 32260 72259 46353 97819 35123 10865 90822 69796 48911 52531 84400 74725 10818 29922 8901 
42170 68695 98980 96455 85943 59248 53872 48515 61521 25053 6260 35489 33005 7115 31293 36293 97067 85813 24580 42675 
4320 33679 56254 47128 64070 32557 34777 22629 9974 98888 15573 96601 32075 37948 35043 82810 28692 66338 25605 75697 
2597 25743 92658 19777 70501 28137 54400 10052 89232 34336 68020 72320 75128 40969 87942 22649 79391 60680 99494 46942 
21573 33402 47777 55747 70074 93340 96971 4537 44785 39075 65695 63156 75101 34915 84435 40836 39540 89131 13092 25580 
7548 3943 42434 3434 64398 87719 70008 71854 82767 9384 75298 20674 8907 16364 35823 84376 95484 97806 33206 46078 
54457 51006 84371 4533 83605 77028 41744 37953 48270 38576 53475 21951 71284 76731 11028 37871 73817 2514 63026 90149 
22996 92085 10611 43224 45358 48571 23747 97099 75654 19102 91821 67043 73812 24965 70965 2596 72812 90900 2249 38469 
61788 99206 60866 14637 78278 32966 40721 16910 71683 78519 66129 36023 53077 68000 34426 54852 82312 93611 76062 63990 
64780 80791 2458 93489 12704 93352 46502 24632 49336 39791 57232 90720 54165 77913 61585 21106 26704 26030 18447 88900 
24094 10289 53346 21384 16319 93333 77923 48142 57611 62335 12274 46308 59211 35842 65402 12301 96362 2312 51768 69845 
64931 21456 18908 28725 57404 29098 63408 21830 74513 18562 37502 83366 4562 72240 94859 30733 2932 5364 44591 98485 
77366 54135 99532 84477 31627 96593 24508 91515 33573 1367 85840 39390 68317 74044 85676 43201 84529 72942 92741 25623 
81120 43101 71140 49663 40075 91538 32097 84188 45953 49223 43826 82504 93957 56524 42747 7253 23884 98180 20312 74168 
59928 90411 63992 31892 51050 41518 14656 27358 54833 29282 97419 62144 59824 86114 80999 75128 59926 86990 40371 64564 
87652 10617 97352 7267 92611 88034 19371 82292 70034 93981 86555 35939 659 854 53035 65954 31998 10592 19129 2064 
90649 92959 84058 92207 52908 80420 45373 43421 67524 53686 69677 12649 60936 31679 82179 27437 98517 72468 27738 36579 
26704 35847 83402 56746 35497 85456 63854 76832 41503 58489 54560 51021 64966 76056 45373 15686 39193 26236 51897 58907 
79750 62314 83915 26976 65572 43639 84215 84064 57299 72562 1790 69581 71485 21538 79753 15674 31821 28801 45721 67072 
60248 7410 59090 78336 36666 42914 22053 26799 29070 80168 58759 75997 27121 79881 67417 42642 83764 6960 4490 82628 
9072 3684 1556 60606 46496 53929 26139 89024 17644 31268 37811 69130 95629 54645 6962 19595 96169 82480 68078 2194 
29816 59347 17716 5395 43234 42942 67706 38991 66185 57432 22128 65777 87157 55645 23921 17567 32138 91754 14538 82542 
36387 46235 84667 35002 96742 82412 2941 29242 74336 27333 99284 85116 82285 53956 33045 87497 17633 76580 16430 91131 
33036 70594 23407 14431 96901 59332 21744 71276 3847 74299 12703 93731 65822 20348 35826 37833 12106 45949 3137 97109 
61809 96580 69725 94116 10939 90112 90539 80497 37957 41544 13501 72023 7723 45598 63218 57065 32642 45360 97210 24606 
43386 75458 39309 8347 91841 73557 93302 3145 94244 912 87689 62989 42889 85421 71723 49579 40035 1135 35926 66965 
92888 51484 62432 38870 52078 20883 79135 80405 23466 52775 38717 71542 46615 18253 86660 86536 24676 68721 8013 87270 
11793 60321 86828 62979 75072 54233 98919 11318 63581 13965 88119 61661 93966 42692 82367 80943 9860 44497 27016 10469 
54934 24539 32013 68482 10143 21346 97700 61414 56459 96648 88861 36693 43690 66458 45306 98205 85744 86072 70836 12244 
81451 79175 61442 73013 79932 54386 9142 51681 27450 27538 93565 84166 8733 69170 79652 53693 52291 65554 39267 13819 
34256 61559 55518 67655 21316 65366 53684 35316 49742 11073 82641 51793 37970 91782 36181 33246 88630 45398 97375 27045 
93690 76599 27804 66870 2659 33508 78597 56852 23799 43675 29661 8207 39254 60256 57788 40134 77074 12398 15382 78068 
59726 58847 67698 96309 64478 93494 51575 3907 65360 86194 25069 32046 97357 98449 16915 82312 8070 25544 97908 2801 
68940 5973 2889 69479 5754 34765 73898 16876 86995 88600 21021 97611 53067 64287 85330 66138 62185 14435 71486 12208 
73996 73817 47941 82643 12037 32422 64893 91048 45930 29252 60639 59332 35936 24180 97648 31834 32838 67362 15790 76374 
14143 12942 45046 33886 31557 79632 67456 5329 40324 61098 96862 76249 6737 59996 18438 47137 39073 65916 39911 19062 
11652 66867 14962 3517 62129 67253 99087 28569 631 76035 72917 48704 27348 65393 36168 90943 24147 75169 46968 97610 
54153 30295 64346 61061 10107 64346 57087 33803 67043 69323 16261 70183 35464 74906 22977 15981 24547 79551 91822 91711 
966 27994 63023 56635 61159 5824 43560 30305 80334 59658 15409 16263 63029 80200 2555 74834 23050 14209 23751 35840 
84087 35823 31066 77744 76802 32863 49616 12426 49131 35563 52250 6068 75272 51000 75362 28280 64623 28115 88182 96103 
57882 62443 62383 60743 99209 92181 52772 55523 15195 93942 65560 40381 98517 64954 24708 77898 27265 40859 58368 73516 
50145 45742 27768 59663 42491 89688 77843 66323 75191 96610 78113 11281 38585 37899 22550 84119 59337 76241 69026 86774 
39831 93875 80846 19173 98787 29300 44734 46519 47607 12128 66657 98550 39111 52372 55294 35082 66848 21896 94878 13146 
35350 71684 36413 70373 54452 55906 88248 12483 79697 67249 20429 55532 89651 98303 5832 96803 46093 20181 84760 6450 
37624 14473 24140 38361 15239 38710 93652 48517 9991 82169 24811 72525 31793 88103 8202 38552 63664 25532 81004 76943 
7183 64775 13346 98534 48518 57049 44286 62752 6343 76456 76004 38783 91392 88730 37162 95478 87550 52514 65685 18865 
55586 31764 38917 38087 52957 49444 28964 36383 99135 93875 2158 51029 21444 1550 75353 17445 24253 20402 68615 9703 
28229 5806 84245 24035 61054 32279 13533 57428 89360 31981 92500 92761 31771 14114 82155 32269 82569 64438 50338 30865 
96413 53763 4557 76355 74482 17707 59053 45045 80061 11547 28720 80461 85010 13482 37663 89981 89860 3054 56074 21653 
40557 19104 50918 40120 57361 2882 68967 73765 35929 45464 11033 36502 40262 48352 54209 4565 5758 50146 58983 31364 
55234 84113 18812 27630 235 23529 97946 24589 32029 69464 52128 64432 23967 13264 20445 56915 72444 24579 18671 93291 
5226 78532 19160 47021 77116 38504 64324 67963 15211 30310 24029 64789 97976 17204 87190 92796 48046 83126 73134 71267 
41861 16021 9236 66201 85167 1385 29106 8886 30538 76410 10233 29166 39340 39325 87935 28428 37946 2261 94977 36854 
71327 7957 18143 15724 76630 98166 44427 87584 2188 8101 73741 54002 36187 43597 38088 91751 59868 52666 64442 98587 
61675 37797 38805 33372 16581 42909 85409 56186 48740 59294 11663 72981 4084 32025 3525 42173 65208 64565 38875 59005 
59621 38526 24087 30884 99111 27975 70758 64648 11261 733 59030 86835 86172 44522 29482 6116 65404 20370 26710 21980 
51395 30043 33834 67050 19483 60102 82991 50490 4704 12170 41430 13637 10214 95031 68210 17969 27497 8250 34476 10005 
59732 17345 76383 83585 23673 18736 66294 54368 15878 21289 99432 76365 14835 79404 55796 58871 74585 35868 91745 45006 
54804 83893 75882 55657 8003 23474 77081 14564 51341 60501 28091 78011 30777 22200 22675 44510 1582 45480 51460 43676 
74786 72716 88060 3159 16108 70758 46723 6376 98494 57316 21386 11091 32250 51664 42444 56747 2014 64687 90825 25811 
59678 49980 75791 22312 97906 22128 99287 53096 99195 96821 44668 17424 18003 63976 91109 27113 25169 55844 69124 99431 
73851 15542 6810 8824 12638 92771 38165 53344 41682 96469 86604 11036 28324 44238 59174 99605 70714 13341 11158 41055 
37303 75548 67821 17218 17371 9715 10341 66810 86626 50643 79027 9032 2087 8238 58802 48794 86270 5210 97485 100 
4022 5881 57153 78102 34463 15642 29192 59294 24010 72633 61639 96851 19603 55176 41125 41125 14421 68353 37924 85614 
26889 17519 20272 81309 42674 88534 19100 56770 47863 22717 75747 37205 97994 42058 77148 54819 43072 7431 15560 16522 
61257 11632 49218 36893 68260 4285 60289 27399 99017 73972 59120 47425 85253 780 97912 29083 47001 12883 77250 93552 
78152 14890 6775 92190 50187 15403 39796 44192 88444 13510 59093 42246 70362 36103 23793 27032 22134 7173 78116 29974 
37470 58847 71635 59609 94720 17184 86155 95181 90599 48659 7295 14991 88905 62657 52116 3846 94667 74682 48648 29772 
38419 19176 65858 9701 11178 14379 12222 18014 45280 79721 40672 3357 92093 5497 4414 31590 239 86390 74982 75496 
16076 59046 41933 49365 78962 83618 59534 58901 57604 54859 90507 67444 34595 9499 5985 9237 60142 53449 62966 17751 
30691 43728 41342 68415 65866 65027 77426 23254 37564 78518 91749 59867 44833 4596 17802 87961 56304 40975 53626 61650 
16502 32400 47462 38196 72185 98195 99081 95189 24434 81575 46541 1916 19540 74734 91629 11905 87244 24116 14818 95521 
38635 28627 21009 75772 53411 76001 31268 57801 73746 83233 22216 29848 8131 70435 70903 73841 7167 24153 44294 85018 
21549 78994 39853 74825 50894 54400 45045 4742 95738 94827 31666 34624 59782 92642 39774 71561 91652 19174 65366 7579 
49792 24419 72678 10083 24530 25307 2903 35465 19181 22376 74826 20076 71434 26024 28502 6463 86468 98970 2554 67470 
94580 88278 65840 72942 33819 5403 24028 64683 89848 13298 43308 10953 46166 6391 70569 57206 65977 53856 21767 83958 
96474 57350 5770 76023 89239 85771 28189 6331 33267 78827 71089 14038 88083 46345 18673 2647 12362 58453 95033 32071 
34655 92470 85757 23481 90053 93412 48194 8919 98114 9039 2345 95002 3562 33431 44231 34852 50210 82501 15848 49082 
89960 76302 27963 21059 26516 73327 40753 50681 40306 52963 52975 720 44869 47281 21634 43437 1723 5741 60263 48773 
76916 58023 70929 14838 35734 67677 68428 20068 36074 98534 74634 47837 50681 85872 549 61869 84374 47366 64337 97871 
47462 48061 82999 18266 91612 18696 91814 61492 47748 74654 31206 50816 77807 39924 99277 60513 91475 39686 6896 93468 
61812 31576 26919 71055 35205 25664 3145 14777 70502 85754 94375 67622 34543 22134 2519 37225 94038 7064 17224 92530 
80872 63419 76554 90939 81753 62102 60608 60875 31732 66051 73203 39406 46096 81447 8100 1848 27841 18308 62149 87431 
98578 73904 70497 1795 38485 78207 91768 41409 70321 76049 46352 69370 18978 96222 91625 23782 49416 93062 57328 66405 
43626 76176 62924 59383 40389 86380 85364 81285 88779 93950 11903 39699 38149 48204 60654 14428 29931 13611 27798 59057 
77631 23003 31946 69941 64625 88272 11656 77624 19673 83032 37688 64596 7095 64008 57453 45843 74749 26531 33346 94137 
76773 89581 5802 36164 88193 96459 3993 97415 27886 20258 15209 72035 96539 90336 73641 92871 47573 99942 79696 28332 
17944 21596 48964 48062 39026 27656 14408 61071 48805 60993 16930 25150 82105 43577 44165 83647 6881 20464 9716 52725 
70880 62674 82502 33507 50475 45934 76296 53048 7893 65133 58967 64326 37570 58218 98675 66465 62043 98406 2702 49232 
66410 10260 82255 95580 81750 48713 82137 98339 39533 5303 64752 38770 29645 37937 99490 19498 47893 4590 63393 3877 
4673 5843 15171 33215 98394 8499 33215 42037 7330 6303 35080 77843 1977 99168 38747 70230 93947 54306 81327 57975 
13632 26432 62186 83726 3267 70343 98175 78053 46012 91515 54846 39055 24873 96617 8051 76843 11002 50306 97569 6751 
99053 72979 47926 58469 72671 26577 38514 96090 65858 83798 74081 10570 21160 12174 65475 34750 56847 68841 28169 98812 
37243 62937 88990 45385 44726 90844 1582 99302 96442 43448 23286 65255 61939 67988 40715 91221 17931 62937 25021 33200 
74092 79718 49742 89920 41050 95319 15142 36328 88713 43540 39911 55835 57220 77070 6378 2525 53469 21301 69951 47711 
8961 87918 86697 30764 13083 89779 8816 69761 60509 23275 60424 95376 58324 15389 42690 38981 38072 68814 33428 98430 
68724 93253 88953 30411 39847 49108 4723 52887 40494 73405 35630 90748 54683 67864 19715 97586 22984 10188 65514 26203 
85703 68074 27411 7511 67790 80112 74970 29160 15330 81875 11879 53355 92642 81670 5871 36675 45252 45717 6941 83247 
85252 10956 16733 31671 72869 36725 80025 10941 25597 21815 19544 23053 26443 41748 82741 21432 78686 71515 16780 60497 
27094 88883 83395 26740 4975 81966 14216 253 83467 12262 46422 54790 7970 9832 41675 81280 40051 34191 9069 3004 
8478 19360 1422 71549 33995 76831 9636 10511 21837 10080 39395 9077 61335 52167 12429 24211 91821 74825 62763 37116 
37957 99082 92372 50499 98788 57645 37892 84062 98956 98236 49416 7518 92389 75585 72242 86178 73616 35765 73186 1085 
73027 36498 69840 90565 31290 21938 23582 80892 88246 98794 16671 77190 68797 87903 32814 51854 96820 47853 98742 96443 
58964 6365 90369 94560 50557 48626 5604 14297 94964 4919 98938 4376 64446 6835 43222 73547 9774 45754 94410 77863 
58293 32327 89920 99051 7432 52510 92440 81569 45034 15512 86634 34322 23996 49775 8166 83876 55215 8275 65508 53229 
5733 91003 41027 60870 42719 81410 89440 71197 64263 30781 75764 70173 89525 28170 36633 44588 28480 68254 24201 73036 
22026 43122 92611 24007 38008 25833 7478 37926 42065 9706 57364 91147 90473 42731 13942 98671 66757 73653 20133 31443 
42975 57335 16799 57453 71044 1151 83695 98672 50942 71909 46632 84064 11760 81151 78231 19826 63123 60882 87044 49601 
83319 7903 48015 11103 10886 50560 11199 28667 98265 95281 50025 91954 64346 61302 23134 28250 37372 22233 33113 46179 
92105 78618 92738 10363 98915 79104 63041 89926 70173 29623 41831 44845 73019 95185 85839 5363 37835 96012 98526 29323 
32073 47985 91545 63221 95322 78708 51878 46978 82328 87722 56979 7495 99554 38317 31558 56816 29155 28648 94354 28304 
77953 64379 211 31272 29190 55087 38542 31142 75707 16886 50489 3493 94780 8813 24276 46888 16952 86129 23713 90223 
52230 35161 75662 76 651 65354 23051 57174 30220 17283 434 37648 40102 74419 75911 72552 70448 1519 95838 71421 
45425 49036 5104 3138 48008 40336 48566 57816 8377 49327 7053 87855 22590 31774 63809 43267 41007 26695 96948 16330 
76203 96690 12515 575 69832 30813 52362 22261 63351 34270 11535 28925 73320 43589 51008 74746 68222 18853 38289 97493 
2022 94696 89285 62181 24555 74380 90889 13533 2576 30286 40577 74071 96546 58998 83701 46029 25759 47886 57498 72649 
90297 17611 99657 49517 98192 74199 21756 59172 20289 36074 77784 63785 97625 5008 36572 36687 97889 34891 3013 89025 
86405 88101 86323 77904 30858 54698 90180 90590 92536 43652 22243 46769 1639 13095 72571 38309 59892 95412 22680 12205 
61527 18844 38379 14646 58332 81459 94678 67177 66746 30779 36701 14566 12830 49767 67607 44774 1479 78039 24102 77563 
92594 96870 53799 83791 1829 32822 52275 72603 8712 53230 75740 6496 45133 62781 98657 5989 14329 59570 43130 39878 
77202 16758 869 37271 48509 62187 14947 75331 20991 34499 76600 26201 63115 93944 90009 78548 19776 87337 77621 2308 
93670 46787 83452 40724 45847 67863 90820 32206 64636 2261 98657 83699 35836 61003 28601 38244 26543 51038 44884 24468 
79661 13574 45073 54336 39771 85911 35916 38609 48446 29664 73816 25468 85094 28745 40388 16663 84994 63587 44722 67823 
32499 22446 98937 9003 7459 85648 8004 50990 52997 14800 99850 35289 54344 51894 79321 86815 81339 48773 51837 73854 
22603 2221 63947 26910 62614 83762 34175 61311 88629 855 17561 33526 59408 20598 59943 98377 54338 35272 58496 48955 
60436 2821 7870 40216 10808 6877 19325 86037 87603 91731 1886 74001 87520 9433 18437 13729 26595 56546 83199 68214 
72026 68654 21223 65942 39219 73597 64933 50857 94113 39248 99665 79340 34371 5918 41902 41609 51859 55935 80142 33078 
85103 14839 27058 59076 5828 90622 11317 16527 85834 9290 15118 46034 54642 66587 62272 11784 77424 81588 51366 99893 
88366 88589 27730 33436 21943 20151 88127 43439 34526 41424 68884 52651 79204 30668 16586 55660 57954 94248 76584 49647 
57832 39559 41640 45876 4054 75246 28264 12275 17487 87856 53812 25215 12035 79712 6314 98456 53949 33991 24755 65089 
33076 8541 70537 91265 49658 62342 92996 56950 53736 52427 68779 85856 7517 3207 52372 87592 21234 58093 11063 49765 
89716 91932 44794 24946 64356 75300 83506 56742 33015 13016 34142 17067 19767 35059 19801 63565 74669 49041 17164 46414 
51104 18977 12782 3507 20264 49057 2324 89205 16956 25953 14306 95488 29808 65275 20755 5974 90221 56434 55856 20401 
40342 72785 3658 72336 80553 16170 63488 76227 25409 95298 23173 80928 83330 72513 9130 23803 18587 69477 31970 3557 
32177 92589 24829 49094 44284 84542 83339 72386 37837 2691 34307 21569 16847 60102 81626 23894 86375 70744 84592 33509 
72948 41222 32722 61839 47252 15683 88111 69228 86185 547 94428 87652 84749 44194 3457 11909 32116 75691 68411 7824 
29422 39157 59667 16361 87226 84638 35480 62323 83298 24426 57376 69039 30404 71301 77599 16826 48780 6855 73299 87737 
33030 51598 1728 27907 46625 62138 53233 41114 77579 43061 56925 18082 68192 51856 41751 93146 39290 61557 91952 80028 
5638 73719 34544 48407 34491 35876 9973 18380 68919 98804 2130 22468 32606 33037 26904 22462 50018 46143 31358 64605 
26278 6679 44375 78475 7076 40517 12862 56684 14038 50569 49919 17175 5321 45601 5866 22341 94873 11182 23359 61766 
3171 82889 45042 36329 89324 51375 89933 70699 48392 31165 76399 60683 21511 62366 32548 57541 56349 55852 67106 78771 
42755 8614 4835 9980 28572 97691 51071 23717 61179 7297 12700 9186 45810 42851 22092 30810 61982 78187 99513 17185 
17275 53397 54861 14519 42937 1379 15076 42931 99064 71551 87075 89508 43528 52445 8003 45472 97985 73510 88537 69075 
71319 65946 80339 50376 71869 51926 26403 30544 82202 48454 13912 43300 12518 93872 71717 36829 59500 1556 98759 30125 
37144 54274 45525 32482 16103 5268 7864 40347 41906 92648 80421 50054 1354 30560 67635 7659 50527 25649 82908 91650 
66738 95009 46775 99786 52290 38600 2916 34985 49443 2321 56519 53774 4850 57499 97016 49710 44851 34171 31346 53257 
2247 77328 22715 7602 99288 19687 72902 84391 21000 9733 92192 21913 59960 88011 54170 35673 72595 78482 75760 11118 
53703 2511 26996 17098 12887 48572 88009 79170 10942 79849 20269 59018 78752 27347 64798 6964 58229 48292 57171 63514 
35036 10153 20490 62587 35008 97061 80086 95105 30885 96167 46908 45259 1611 93379 72734 90866 62514 10917 75646 19932 
4374 90605 18687 67113 89496 23163 40851 6313 70882 74145 58000 6030 13218 55689 85666 46790 73820 20499 56210 97037 
42758 84443 19997 35045 29543 60483 9342 83461 12024 28152 86719 50323 66945 13438 17885 91250 54382 47785 3823 42253 
39482 32556 45032 10451 81371 32253 78465 92586 57119 53449 87106 45026 82835 27233 55666 6983 71876 74679 41957 42711 
29317 56839 60963 32794 62033 97657 14495 11914 32694 50294 46915 6358 26622 96177 56642 45201 42484 6621 79752 34835 
44154 93470 62715 19890 91762 82540 48147 19491 60980 25039 13115 82727 5099 56788 85855 1407 72718 9491 37136 65620 
83632 17293 54564 89884 23709 96197 40507 68961 82672 64994 99551 94321 228 74075 7569 5059 85226 81915 83410 64460 
18647 51742 79650 50743 16955 96528 75295 73860 40183 56635 48339 2816 43091 10342 24861 43856 52048 95572 26563 10488 
72217 87053 39019 83057 3107 11536 95157 65241 82575 56228 47763 11895 86122 50452 14491 81157 94501 40666 18057 30005 
22204 26383 55438 83356 99072 22182 24079 69520 89809 72332 90415 74209 14110 48324 85098 84682 45908 79538 23329 22552 
72657 88828 96285 61336 69908 11898 64448 32622 41036 39382 18824 79732 59737 93267 7616 54096 83331 88080 50460 61982 
93797 54926 62607 18746 38998 60644 14608 84520 5389 97111 17054 64239 15363 84139 58231 65928 61413 16844 19402 55795 
99337 10673 95500 72972 93161 53765 26266 39723 86017 15966 51846 97694 38858 94606 63565 58626 7181 97885 95821 74731 
33691 3995 92205 77842 64297 63638 26610 60656 74960 47131 59234 84580 60462 62560 69109 9935 24451 33122 83668 64397 
48715 33862 44322 23823 73813 87231 62659 79354 59632 78486 61636 57812 1982 92325 35813 50140 62969 88147 60404 87580 
70508 11675 79550 84998 89750 83704 50423 6967 75085 27504 4123 37923 31783 18270 82082 67123 81547 45595 35980 62188 
411 41502 91111 14333 67565 71813 44767 90937 16042 96634 57461 54805 32582 12888 30352 35800 84954 84840 16554 86959 
95104 20859 13413 7966 35753 77692 52651 44684 23031 72485 34765 81845 28105 55107 51726 31188 6364 53455 7927 42337 
80185 33493 29170 35921 9545 55012 57870 7136 75916 86899 70792 38876 38337 23652 97219 79397 43097 79273 1607 5056 
91144 19459 30791 56951 71700 45577 36516 91471 28438 93673 22323 69415 67792 54533 94518 19265 9087 79393 48452 44021 
69863 81675 95023 26183 29221 75429 56560 99681 30163 81878 80045 11685 29291 59856 56328 95166 53741 7417 24121 54434 
12789 94807 98872 44622 83804 45758 89382 48968 64928 66016 86499 63944 24756 14830 47571 13077 44468 4467 36997 8799 
75123 9695 45868 5418 32879 36645 23677 15390 82284 96150 36311 56648 73890 63446 69565 86629 51039 85666 81741 88857 
86694 24157 65751 5355 68268 54930 51006 17883 24167 2573 6148 6500 82163 72701 90464 58021 88622 21896 50137 2481 
78375 26586 2337 27573 7072 89880 5911 11608 30804 55551 64295 64665 5345 41042 76804 65954 31327 22647 65810 81648 
59902 56951 99737 97572 55619 686 92230 93889 99309 64579 76024 66009 26687 56375 47716 91122 81724 34088 27986 71553 
67230 55482 17785 18233 26144 906 47970 32280 81217 41196 78358 77374 87953 83741 21190 67929 87733 24159 8955 2774 
8591 1270 12475 18037 56462 10245 52015 54683 51173 21986 49074 67215 91664 70918 86939 53492 90638 2515 97576 69553 
15312 11735 72146 7497 97349 69953 31505 71311 9836 9240 83603 69401 22086 76945 57966 41466 34734 40842 44554 86741 
32111 59073 21796 91123 2101 55852 64935 16172 32697 49692 69197 32374 16560 23476 80733 58092 26898 79224 57442 38554 
94987 72032 2394 31921 41984 20406 82418 39577 41169 41109 42141 41520 14195 40853 25051 13042 86587 28774 79639 5741 
94902 97251 75699 33063 23500 7875 32184 52184 33620 28147 76504 73115 99669 49604 66313 84219 11453 65021 77421 16576 
76926 31100 62555 96568 93097 85892 33730 25084 35123 9498 47910 58887 11996 99515 50567 79563 45941 59726 64361 95013 
20565 50776 55470 53079 16526 77400 63602 80095 83414 34959 52321 36727 9043 74608 20504 56073 15024 33458 94044 15772 
11640 60569 9948 11308 32966 49451 8043 536 8666 37543 31703 34487 22565 9355 70935 59868 44423 20655 44807 5649 
88238 92828 82917 1001 21893 16282 7583 59283 60791 17713 8569 90288 22745 75165 4752 47153 56278 33874 99690 23948 
29922 14756 31572 86639 5292 82356 40340 86464 80383 23104 23172 18329 9736 88032 54736 94064 52850 48596 19489 8578 
30490 9108 37788 84453 22163 88285 87787 13273 55024 3602 93229 91533 25316 26287 75988 14087 6146 58297 26774 61462 
66709 14917 1913 40692 78771 28689 48051 57035 61992 15364 42893 78286 38135 75795 35685 46624 1106 18345 54553 72441 
17858 35347 42590 56312 22157 79419 53356 31678 42387 96006 89464 39175 35623 46183 64682 93875 7749 43419 3985 57543 
23845 66861 62615 91860 85181 3978 39663 2463 38676 45535 3758 18767 39402 46382 85464 89046 63998 81776 73424 54270 
31502 28489 8040 5553 68647 55282 57686 39701 91453 91026 8020 47724 88361 51490 17576 79795 30524 89611 83655 52402 
38192 47546 44204 32084 64251 22664 80744 51641 60821 22733 69622 31251 19271 6294 3808 39289 96555 76277 5430 84234 
18739 84397 3287 32999 80045 61652 63586 54599 77219 35093 38589 98065 47904 42480 6070 72785 56114 42808 60009 84713 
29435 34119 41579 87998 95721 87077 45648 34828 8839 94676 72044 79082 42761 62308 86038 64009 61084 27051 22727 33899 
55663 44275 89541 77031 5455 18710 44604 26505 34039 37233 81061 86457 55167 17810 44153 29699 51370 89014 17705 10129 
30725 1771 4901 95031 89006 40221 3945 52800 28 48707 77404 37550 23504 46825 26741 56143 42384 31486 59076 131 
93326 78375 8976 76094 43760 39144 19263 11702 4860 25645 31285 49371 47497 10835 48189 20388 75766 17244 98768 39141 
15334 31714 75332 46366 35059 99147 62418 38786 74544 51262 55452 67640 33957 73482 50532 78211 8052 11583 20302 37009 
49558 31502 1142 79107 58562 12329 90076 31652 80707 53832 67910 16294 35332 83053 92675 13112 43539 85102 72360 60284 
39091 51823 51278 59015 35902 99330 13527 40355 42248 11972 81969 20273 1115 58313 14660 68494 54490 37050 15031 86277 
57665 16512 65144 44742 11321 35108 18993 45987 45834 55461 52439 21618 68696 87961 8197 45076 77152 61259 57299 71528 
57926 46609 69201 52012 90963 70244 27615 797 72461 47421 81503 28199 40000 90748 60661 63206 30993 31632 13808 17411 
46622 85849 72902 84300 36658 39896 33647 27564 25575 61540 8583 38285 83293 12688 71533 94101 4225 63632 28467 79843 
36874 74549 75164 1997 15907 3863 53755 25437 11952 63757 49774 20954 67650 68202 36751 81837 90561 6823 99307 65568 
11346 13776 38995 57383 21568 97097 90027 37638 44453 20978 4900 21212 80983 45602 38828 52834 41585 86549 17894 58653 
9029 98017 60063 69660 35895 45072 60242 14081 54219 18502 61329 53290 84052 42303 23943 8203 75224 8393 42667 2981 
53640 2900 3235 67532 26719 19119 42722 88957 53332 57899 74055 36869 36915 62686 50626 88597 43869 69173 57472 85134 
69464 47278 64735 1562 26023 3271 989 79560 15867 59622 51471 15628 21229 36523 38775 96749 45556 10648 4468 89548 
50095 24684 82981 21971 20068 15258 78836 10974 13142 14042 84908 48477 57538 86844 98268 16773 1660 28554 42250 11927 
6507 30395 85881 62083 97106 41838 50343 70600 15375 39790 11585 12949 42342 55472 92663 24899 71422 41273 97009 60235 
81309 74728 872 82184 31181 80128 68633 34847 36016 40037 58424 9267 82948 47204 98744 97234 44874 30137 57052 38240 
82724 91921 55888 1556 82257 90697 4734 18475 47051 26032 62311 6131 51750 46545 76720 87450 39816 78701 3467 14821 
80678 62373 84676 11071 1035 53875 56398 4752 88264 13468 32306 28751 48042 25669 73013 22283 95476 30209 17830 8183 
53992 41583 84581 58094 31616 50808 79916 87622 14119 89144 71075 945 95434 68305 41197 58335 29553 35453 88305 46835 
57377 88778 4385 60993 4964 32893 80357 81979 23712 81114 5952 43715 98813 30924 18798 10853 46078 54726 11416 77518 
81512 10490 18021 68729 68542 35932 86495 44106 82021 10506 28175 31743 55018 57407 39044 44941 51291 33544 4060 37967 
52836 93956 22488 99334 75845 12702 68519 84286 49067 89582 17567 62378 45826 47766 23505 50373 25819 710 29263 33609 
34571 49904 63780 5901 95923 16684 35217 35580 5334 20428 58311 72670 76182 88762 63586 21973 20522 88788 96122 7270 
39846 36113 64556 6654 73102 5736 6800 73730 80955 92439 51683 20260 82730 39651 40421 15112 30833 27298 2736 40465 
58729 52325 27178 49881 35062 12903 8488 7709 64551 1902 19679 6635 24767 81218 63035 37229 90260 31784 67556 61943 
47678 7429 37392 21676 81671 56732 21780 63355 67834 66245 64021 44615 5034 99612 44852 97289 2764 56221 43575 72922 
31837 44819 43600 2290 20072 33599 95744 5162 43817 63353 913 27480 55323 76516 10881 54628 27977 15967 58355 67667 
89400 12507 91701 48637 69599 70861 43190 86748 10535 46645 25525 91665 38864 57446 84142 96575 2493 59445 30508 1870 
31040 51472 85921 72941 15382 19560 32867 47384 97920 92046 32384 86264 44963 12666 78465 26803 79997 32375 46368 35567 
54878 40920 90372 89896 92772 37651 93490 42837 63072 23118 98414 85137 66798 51024 83970 24077 77983 55360 31433 17504 
78556 72138 2116 26644 9633 49680 45461 60523 70323 22169 73281 56866 68570 44518 52982 78951 47803 64322 56975 21712 
19637 90929 70838 70417 60675 22310 97053 85688 66302 38486 2635 51825 55332 86295 22560 56511 34509 42883 7260 89155 
42159 92112 46601 73985 2567 50991 28079 61980 35112 9818 81008 96624 35128 50793 1658 21121 67611 15442 3446 62318 
33511 216 82085 62749 16866 19735 790 16410 76643 26824 61893 52315 83747 57990 71762 476 55534 15750 49944 39180 
34837 15961 24170 14812 16301 16704 92665 15047 97500 1255 85816 4450 89407 5545 12956 84560 78401 48997 3395 48663 
53190 72183 40071 9078 70175 77736 25219 13733 65568 17094 18885 23816 48504 32462 54245 36291 83065 3010 75446 47620 
11790 47216 88042 32984 25217 49486 60627 21694 35912 76075 25439 28018 29122 88137 25552 75638 73077 37577 36972 83317 
14337 43409 81609 84008 16305 43234 56637 21795 69510 45678 89534 38243 54694 15505 53612 86583 92010 69451 83298 23554 
76728 35105 22428 46424 29142 64202 88617 26377 73081 4167 79759 76831 12532 56750 35729 81813 5131 71231 63110 99970 
90346 77266 28321 95188 6621 57403 27950 60799 4229 23897 27515 86940 56008 70091 14654 61691 80536 44820 25898 51223 
35692 95520 55123 33988 16431 26069 11249 35471 92788 92905 91468 15287 95561 2805 5586 61866 88307 16371 69260 83549 
10319 49216 52720 60660 7995 1256 46307 280 45014 5600 13322 14251 14268 58349 61802 93864 85352 55520 35728 70691 
25580 6849 2936 95640 98736 29402 78922 19022 57595 24817 72003 58008 23687 69400 67207 12996 82697 97660 38677 61806 
19327 24478 92370 79428 38164 23789 7077 3818 70206 6762 98158 68128 7300 49886 10937 49359 55763 42808 42461 81789 
10833 39136 12376 87944 9884 32658 47034 41771 6467 14090 46829 39830 84424 5834 28992 15865 6234 58641 67834 30317 
80772 62423 53062 48610 61566 80807 7552 68426 33314 15987 11732 66146 63448 41474 79465 48735 34130 79074 50256 44654 
30195 58564 53420 30905 1640 48230 57174 40655 65508 70649 2843 86618 46247 48341 31556 32820 25579 60264 41386 15028 
49438 40308 83028 36756 8161 90627 30997 54303 13748 46071 51926 83393 87911 13244 74242 86861 68318 65092 97754 32956 
92605 31056 68677 67585 5809 99588 92625 84798 30710 22665 61810 46914 55219 10462 55331 86390 17186 53153 59129 91474 
20078 67106 63561 59576 83435 45516 11773 93160 82613 329 70142 10000 62938 42921 46397 85281 3347 31341 21803 8170 
38846 71163 63301 53047 26392 34627 53719 21058 70752 24057 40393 77201 9640 32503 35544 6060 9188 50754 87850 36589 
94692 69939 30609 82616 71355 48442 20572 73860 39143 29199 2685 61419 3392 26832 1385 55015 6885 73993 90972 17183 
56559 73762 896 21050 77821 83966 92685 79059 30865 47419 21746 52937 26694 87670 68257 15715 16207 46846 25609 35672 
71806 71302 54525 52826 48215 73982 54758 40486 51450 53627 3705 57520 17320 84656 11772 21414 71387 55132 28370 68512 
93399 36444 49536 64003 81679 41032 49293 3515 59225 99971 50046 2752 44571 18583 61799 78810 95579 10957 32048 89366 
44566 18798 53663 87799 71821 43504 99872 4812 31773 72771 7532 41716 30619 7308 26693 78494 7861 13530 21597 98422 
24451 72750 97291 31272 97045 36843 61600 77161 1160 86216 29984 7655 31918 24805 63095 54742 70592 80380 53497 39364 
72842 79670 90370 21327 69248 43625 9799 36186 76191 84205 91946 43767 59513 26191 44767 95271 25672 86933 96038 1915 
62409 99444 47076 13583 39006 20953 44871 11 25116 90420 54249 37418 29870 15550 51409 83148 12230 59311 21497 26839 
26680 95130 23082 98049 25089 42637 56894 2496 29651 60252 71163 50965 69183 39262 81290 34039 2335 5872 26235 312 
60762 4707 17388 59326 2560 22300 32813 99149 16410 50363 94542 38882 90269 71875 70849 49542 19744 68308 34292 60825 
94696 79745 34811 47913 57325 37279 15434 15453 66005 14809 40343 12127 51509 65724 44835 30720 69282 31565 44312 40715 
63018 90710 23445 85475 79425 79321 38546 8921 22103 98989 54652 37216 37905 62296 82717 6229 64058 80460 70442 69339 
47816 78252 78829 97821 45810 3228 24507 98746 8812 1004 43480 75830 84679 51913 84361 6422 16458 36082 95705 70540 
92728 34313 12007 72476 47432 81847 59188 61129 59363 55939 57231 32266 357 50358 33898 75073 47275 63396 4467 39639 
58102 57267 54375 88642 96103 96516 97765 52692 6229 4716 3220 97783 79860 48227 23322 75074 77605 18244 23882 2878 
22238 65019 26032 98329 65962 57422 39277 91159 97361 78827 2552 67436 34481 14580 63909 3841 8241 54806 35036 17203 
95251 67510 13763 17523 63138 92835 95654 16849 36241 85095 88801 58705 87710 80479 60378 66049 37500 5262 38508 36646 
39843 75730 63837 31837 85633 24404 32244 63005 70492 13055 32621 23875 77816 37603 29856 38661 95946 4944 22799 23867 
38291 51592 70069 35687 41329 26979 82037 19940 37387 68822 27755 70455 87297 62400 67070 52428 4023 87226 32208 76158 
20704 74298 85302 41223 85890 93523 75058 88004 15308 32525 56009 44814 40792 97273 23425 87907 84431 88697 76263 26515 
80708 38089 88136 84346 7180 3574 3292 33802 28639 71065 138 90103 76709 65804 9229 89413 63865 361 33680 51116 
36945 28634 77214 74096 30679 82479 18831 44577 82093 91357 41474 78422 67412 75796 27773 78761 69492 62606 79072 76598 
27288 92131 18355 94136 60012 8227 97546 69260 16207 67837 54921 27903 53080 24828 73284 3796 96521 3052 12281 62442 
73594 87143 18800 39553 7316 66646 67289 15921 16642 7763 29756 31610 63589 40002 82097 4701 12302 7099 21412 89907 
88660 65434 74213 4020 93676 50308 99322 5986 50494 25537 29767 52622 73835 62708 59540 24810 87669 75715 59374 59939 
46205 81151 6026 38947 44523 27143 73743 25271 79348 3381 34498 15839 60168 79647 63788 1807 12156 52278 18629 43887 
20809 52670 88877 53465 50733 39189 26410 59089 49169 65777 22213 15903 75446 12606 21789 72444 55296 69459 72809 9490 
25524 59846 49840 9961 17056 1347 97839 9229 61522 64659 69559 62084 10464 34182 54299 45253 34022 44019 76175 92664 
80197 45535 98748 85572 56553 42316 61872 93457 72139 93797 32783 26519 69659 46960 79714 52541 91835 14816 73847 37022 
21904 26698 68576 81244 99488 80932 95733 19156 59585 23434 5631 95796 27756 28091 56743 81585 606 64061 88897 9923 
38075 36057 85481 75724 46277 72841 1806 24036 54698 97770 72876 18634 13285 87771 31958 85370 24380 16075 93185 52837 
69539 80700 78979 63658 83168 44655 58165 96110 63121 52816 85609 44796 16635 17541 82673 33132 15123 15336 72300 6839 
20958 31312 86879 35774 75761 62071 68932 86592 17140 75672 39450 88987 50463 28074 88974 8733 3580 17197 12411 79332 
13976 88659 58548 61056 59826 1057 92188 20278 47395 9040 92214 10458 13771 7404 76721 219 10606 93845 42119 22934 
81041 46315 46516 71831 51734 61870 56001 39187 48685 15909 9720 21042 31088 38056 63709 20439 64934 33509 33906 40022 
46763 47913 82839 2146 40201 51478 91997 26015 61943 61644 15528 41883 39477 41328 70874 24384 15037 67355 69180 27324 
66723 83861 35826 42094 91962 44939 69182 33960 7744 97817 27169 13037 71463 31972 38777 28360 46912 37345 99827 4027 
83545 28339 29415 33012 97221 51821 15797 5407 73117 95439 3216 61405 3944 8641 9832 64606 24189 6122 39797 10937 
91560 48705 45480 19085 28993 9 41374 98613 16164 95515 75444 56013 62330 8412 38334 84237 23427 98483 57761 85390 
35362 44854 15120 38861 68601 63806 73771 29843 80786 40419 23528 64596 21323 71308 31316 60694 9708 35959 98446 38429 
54916 73370 88282 18001 48748 89270 89542 95390 98365 17788 20244 64392 66972 89168 43622 15901 64459 97311 43202 19218 
87963 31225 92494 48779 17888 85814 15623 20770 6501 85633 57896 77731 94655 29189 12029 584 68180 72444 13287 31507 
30592 78525 98643 71105 90178 11888 61495 52438 5800 615 36458 71645 39460 38461 26175 26883 60018 47964 51334 31733 
84253 17534 58480 10937 51737 2376 92357 78513 68814 57950 66938 84746 64811 92285 56905 14623 57306 21629 54929 21660 
64137 73474 64927 82279 28111 83980 14005 14961 50416 62996 48955 35975 59708 12753 19246 27706 71494 90573 54704 73301 
83135 94616 77499 84269 57558 67759 13105 68742 83719 64496 69290 17542 45091 61135 61542 95012 86135 55024 94944 76169 
12120 79335 15318 46977 47218 58487 14822 39748 5890 67764 40165 46426 90675 62687 89286 28236 32702 59006 10225 60286 
60863 40873 95401 26997 75253 46787 86410 14161 24834 70285 32532 65027 8919 82268 29609 1747 47513 57170 89381 32188 
66695 82317 94915 28589 32203 11553 72166 79864 4786 81849 73256 62988 45278 5965 84391 21690 89648 40770 57152 85584 
96507 99227 89098 63473 55688 94318 87349 49139 94075 41844 94270 19259 58278 98612 65997 8269 98221 40610 7984 20790 
82169 37748 67600 95404 41198 90818 86975 81911 45257 65462 40301 72624 4448 8788 21954 39767 57982 2552 81649 83394 
15588 28867 64321 13681 64191 15999 96743 91547 47156 59585 64522 28082 62358 30141 52049 89173 29537 64046 64346 61837 
21678 34323 48295 74530 46041 87712 16590 37008 22841 63033 87636 73141 80348 92960 66533 51671 59460 82665 17674 48178 
19598 18968 74599 296 7148 50424 24811 20862 6563 67965 96541 13802 34355 2269 81413 15368 84807 60410 79669 46689 
4073 96976 11109 11266 97163 39141 90025 29024 92748 48971 37040 28951 20072 92939 59661 44992 23429 7719 48014 51991 
6782 71079 21981 37880 99731 10200 50983 40178 88158 40639 55540 49679 29616 77535 2544 35893 55181 23975 57066 81972 
18568 53558 2494 55802 35268 59359 88076 10085 85965 76970 67878 24380 57243 41048 39278 20040 34712 27820 9697 3364 
67140 12542 5183 42246 47293 56999 73150 7445 52396 60219 24074 54751 58949 73257 97616 72342 92868 43132 2263 57532 
14543 66472 13359 82803 69973 50118 80640 30822 97189 50167 25369 77812 14063 78444 92558 67341 46998 98075 49310 62047 
95661 32953 17167 47165 20360 43585 50015 40200 29866 70107 53581 64760 44407 65921 36546 55582 25392 25359 4498 36944 
25639 92442 40073 83193 99080 66628 22525 17432 58226 18635 31704 64476 13743 88253 84639 51480 34859 56540 85146 33592 
79750 33040 70821 19731 88869 13877 74578 27260 45173 53114 62358 62561 3712 54638 5311 8040 2461 11089 13139 93912 
37510 54034 41494 29199 9288 55074 43549 80167 83480 39837 78222 82321 93523 57235 9503 81587 19565 21410 99395 26180 
93897 9133 11809 49961 61714 30545 5193 24058 84108 64310 89926 48923 9472 35492 71195 40959 80759 7072 43246 45155 
70781 89107 54454 59078 90448 40416 23923 21436 63244 39509 15977 47177 67541 13334 87679 7756 56992 51347 6942 12892 
96993 17216 95424 48541 6034 32138 60437 89523 37212 3728 76914 41421 30337 19357 36092 17804 18296 78798 68681 42211 
91830 44836 97104 62225 78170 48093 46305 82858 86005 22281 83315 42094 53938 43919 77654 29241 61854 22593 62931 22690 
7404 71397 18309 19904 40960 55913 86467 38512 56795 80870 36440 76053 80338 44911 17899 1416 95884 28107 5777 9061 
77886 69552 16275 53545 73551 37528 96462 86593 18790 70655 89635 32583 63448 66279 68699 2584 65589 9411 52152 34032 
92746 53894 63008 65988 93288 15111 51265 37980 76095 95966 7992 38994 71018 55953 56493 30639 68605 73372 84445 11155 
13550 63124 56598 24986 6214 88190 9858 95152 49615 63316 29094 65848 24868 29432 66024 57743 14603 52492 73950 16674 
95382 55813 14495 44413 44130 41959 91042 48366 62288 36329 50099 67466 85239 81303 17269 24568 87020 51891 97267 60531 
28406 56347 83789 57057 15970 72440 29235 40620 57329 88380 87429 86221 7870 19243 88936 83772 79103 31625 93890 4753 
9065 13391 84247 68930 3909 18548 91221 33600 28868 6616 51108 11740 94245 31356 92801 3553 50490 69841 6902 9394 
3348 66486 33336 37283 85855 54067 59380 310 94388 47849 79375 21732 83850 1648 22156 33620 32500 47580 1680 29153 
73133 42730 38771 52123 99435 65636 69927 68867 25888 10918 84660 77880 71615 82397 74999 47103 7906 83136 56378 41337 
21002 19414 30193 411 84035 5841 35910 87295 82810 17754 69051 38142 36646 6138 49931 13173 29695 89405 25180 1558 
73757 49799 25293 24379 94650 85979 87018 51420 90777 45613 33494 43239 22181 59564 14914 26638 40285 43 28539 47312 
7475 53409 67151 2163 45539 86356 54877 61479 62412 63996 38385 1062 79570 35410 81838 61850 20938 82983 8328 36509 
95753 97417 9672 35083 96040 80701 42177 36625 2359 68035 36677 2472 7725 22601 32827 93210 52532 66246 31074 54561 
49087 48221 86309 3479 18666 72216 71243 82998 49944 37391 30266 85483 16630 25425 21031 37511 8413 27583 4404 86772 
82376 45633 8017 49400 31044 26036 89599 19182 82273 15836 56882 41479 53082 35307 76169 56244 39566 48435 15362 73565 
71282 86448 37259 15134 63874 60420 94488 77609 70888 44026 82556 45725 62254 63456 774 49196 6351 99455 35537 7242 
11449 50430 49154 36686 78963 15826 78754 34485 25698 57207 80342 5764 71727 42940 66417 23562 97797 19866 79509 36907 
11174 9411 67356 1517 69459 34682 71424 91952 44753 20108 72145 25648 12143 46268 97569 76473 51901 49036 57043 35389 
71853 74373 69838 45988 32898 34523 19747 23132 28352 33362 4300 28827 26498 84354 76768 17878 54756 38029 44000 19342 
4755 53653 97458 59088 5625 17871 99792 97353 66951 24992 56622 27738 82524 40070 30127 45282 61572 32902 62686 46378 
80037 521 87516 44476 4997 37042 41257 54335 16529 10509 56827 39003 96098 91655 75368 33368 92867 28590 6849 48348 
39686 92022 67251 14670 1062 48256 33393 81915 48491 90485 45660 18122 96449 18043 87873 68321 92300 30048 60952 86796 
84051 11058 79919 64380 48045 42993 58306 82725 30702 51970 61079 76524 21487 42370 84050 16389 36367 50899 86371 70620 
43708 72119 74151 44011 9950 87925 47128 73087 74801 87801 65805 51462 12115 66981 58513 43739 54129 88914 61790 90840 
38640 39360 39053 68149 97069 1027 50704 52619 66481 21416 52398 77859 868 53860 55703 67873 26653 73115 33128 46706 
72912 97576 12436 80994 88535 18232 62492 25535 8306 94591 3200 87961 73045 3125 51891 52244 79255 29686 77946 55888 
7110 32775 77084 14617 27164 65522 54999 72451 843 69524 62735 74139 99706 45069 94852 85722 72120 55377 64548 4677 
63646 33043 5908 8242 42842 90009 88351 35411 15572 14748 68396 24985 30101 19186 415 73048 59167 29818 88050 81570 
76030 12001 3100 26902 91696 67392 5317 40594 94835 6696 37713 64710 60702 62932 81109 89720 86950 48360 39658 61216 
13819 43514 8433 95763 6390 14639 21196 65001 73909 15726 13586 86546 26317 85798 98892 80513 67194 2824 84764 30661 
86172 18970 16847 63070 2756 13079 96730 99280 61047 85525 18430 25209 3804 13102 47716 62987 28490 64154 63997 80048 
1495 39747 87914 20111 77873 98956 91347 4416 21590 87558 96384 99665 56485 60448 41668 39215 87279 64339 40157 73307 
64342 40826 81067 90147 9806 78864 48339 8668 6142 22749 58002 69739 43394 83991 92610 41113 30708 30611 3717 52884 
98891 6150 64416 11099 67333 57936 28520 14526 8592 76005 41060 48124 89149 2621 84672 43366 67453 73361 48610 43608 
63237 64952 94029 2667 8345 70423 98747 96288 47094 67191 88978 41864 35409 80715 63088 34106 49896 15628 10213 15078 
32852 90460 63693 3476 18720 62696 23093 67853 78283 89175 93850 93251 50955 8980 6918 32281 40472 68025 55247 52370 
67236 41465 60003 78108 71453 73379 68117 79661 43021 95022 15460 99668 52484 63653 59299 33654 28771 92994 57072 93281 
33079 43146 57456 58931 94772 97555 46966 22022 2837 53502 40724 67465 88974 70376 68540 95995 81240 54436 96209 88563 
84560 14393 56823 59391 77726 38603 98850 72088 83335 81414 12619 47259 86362 96202 4649 9941 46830 95985 3674 10176 
53200 18385 47721 57086 1704 20068 77517 73580 11262 8124 34073 4926 33196 82409 55650 22495 83278 58211 19816 27489 
96484 41259 35687 24394 48338 38512 46486 64482 50423 36027 29433 7699 61739 7947 33033 91205 84322 31855 22576 83304 
99041 14948 79781 41915 16620 40421 26829 9044 38136 18487 61523 24781 28827 20184 66375 55546 41500 30233 71759 77075 
28977 85272 91158 44011 96629 60851 89573 56404 43912 53671 26516 54531 84239 87734 33194 41230 37143 25426 38354 47786 
47075 39349 41491 84522 71600 26264 80295 19244 61204 48026 60920 14863 27586 40558 59683 24033 51585 64093 92569 24684 
80625 78529 16426 316 67569 81607 90494 40933 28000 55181 92878 58948 94417 24533 96025 91029 68147 96620 11645 93753 
52191 46714 23966 75599 6003 33451 37990 60150 30389 92600 32092 27820 82440 15423 96353 4694 59441 19881 60813 99203 
42756 44850 32778 37060 50776 98634 72649 25960 33865 7500 94749 97361 89100 2380 85132 70148 81566 8429 29799 10189 
19472 12805 46877 35751 46117 18551 30906