19062 81436 75340 22867 8564 99833 7506 55328 78273 22280 49718 41625 28381 80602 18292 19053 43492 2662 13641 61398 
94883 93332 71536 34381 87559 29695 79863 35856 39991 59551 63595 24358 89727 75068 53907 76887 741 16843 2158 64894 
50827 10031 93789 5850 22334 53625 48419 15718 97724 63713 24382 15461 71345 40430 19672 44232 48543 62543 95058 89491 
73308 37375 35219 81264 74420 6829 40526 74507 93714 88805 5722 57315 77070 18812 68796 64730 30641 61279 28498 67625 
76586 79663 55999 27432 39881 22028 55679 78151 51326 93432 6353 98325 62511 74186 71193 84635 76358 8737 84177 37367 
36248 89171 95854 49218 10485 77871 63140 81181 58341 94563 9521 20747 59049 78887 47641 67423 5602 9099 10161 19289 
42773 11771 76176 71612 24956 41832 4763 47279 90111 40499 32126 44205 12575 17651 94202 7513 87038 58848 36026 95528 
98786 40266 49868 39055 72356 98660 27817 42872 27960 39503 42016 86300 79576 82284 92073 82880 4721 86521 92212 45019 
58796 76661 68609 30217 98100 35955 28498 28002 29728 64425 38599 80041 55149 10881 27135 51358 48941 69242 50692 29930 
90186 47998 55963 49896 96863 80658 13479 26804 72158 16553 54218 17891 67620 36500 34343 37168 57742 24837 61558 73969 
18148 57255 4121 68745 44054 71643 72901 99188 6976 46688 81809 28989 14730 7430 42077 18414 91239 81143 50479 81690 
84599 34033 8310 21808 15719 71642 47540 4499 31466 4388 50869 79307 75838 79407 16990 58381 63736 36624 55854 668 
66492 93278 72159 8039 20566 74379 5823 23460 87191 32354 92144 54725 23213 68569 53059 86121 24342 63816 27492 49012 
86772 40406 83344 11630 6544 49921 61666 71164 17372 94558 30903 74978 3 68832 81672 29731 48211 75552 87477 12380 
96192 95874 75126 32840 4500 41458 56825 51214 12467 4687 87054 23379 58375 51850 56755 37750 48288 55485 39556 61728 
49636 60246 55777 96288 83495 99233 91057 58005 75306 96021 53338 62561 32197 32641 88357 54167 19239 45356 57819 22877 
30491 83212 60293 11928 41374 15238 85036 86960 54589 3142 76700 26313 89720 63950 14049 59588 6250 37119 63056 18853 
5154 5596 68097 94291 30719 81701 9734 98584 32586 43549 71331 17573 1798 82028 52960 80897 47264 59253 85460 3203 
4377 68716 37221 91349 21071 4196 19126 24697 78441 15880 40748 91963 40580 67921 1153 54150 78209 46303 87175 85379 
84679 17323 29992 27085 84578 30067 1177 68578 40385 80650 94925 95057 36445 42487 41064 42101 54982 52037 84217 9978 
37987 84958 60059 59100 19875 20301 73643 56520 18057 61494 67738 38699 54998 75987 47314 84941 38893 66811 39446 11236 
96784 99059 25063 39375 4327 73208 25324 71168 46975 43082 236 50754 30837 95391 85823 42931 27212 1046 42041 73883 
64291 66448 30693 550 89413 74541 38598 90038 5758 60150 55155 51961 43515 35701 62541 91009 28769 20225 69420 37456 
76618 10114 55343 20916 87904 47553 10759 78247 38178 96241 73776 85247 21457 60900 82131 71142 64017 56188 24684 94218 
99720 73728 74139 71806 60785 4052 32537 51414 32790 52642 79965 71971 56646 861 35437 84022 99768 73039 4961 49271 
53250 47496 92019 84231 60901 4145 80465 37227 27742 29445 33516 74000 53879 1357 84039 39089 37586 53 80450 75927 
12165 48321 12501 58871 72910 25483 41959 78003 68917 40912 52633 35028 77271 6107 79886 45264 613 57707 45229 87352 
27853 29649 84533 63654 64946 50924 64367 83589 76684 4282 95050 66894 12852 10371 52951 47240 99723 51397 41953 42844 
14083 89849 50216 4698 65122 29472 51199 760 30610 73177 85892 4223 27686 31169 81755 34608 15077 44055 40904 24112 
17888 70193 95938 70254 70788 86084 87224 27269 46020 27813 46292 11458 57350 92905 7857 50609 10784 80454 94143 38585 
68842 10243 13960 19643 23370 92702 89693 3586 82879 54410 84615 10093 97196 64745 29857 17539 7328 27682 65760 74966 
52582 95432 58004 51766 90307 48171 71824 57735 2605 79874 81481 34824 97841 99898 50767 81779 47565 12822 7083 30557 
28578 10430 34894 54389 59424 3367 1725 33497 73582 42068 96677 85632 47024 25851 86574 20678 39485 42492 12429 56906 
73250 70197 26703 82521 94080 37825 42880 25430 74789 72560 47794 99330 84459 74536 91695 77493 98476 53401 28010 40431 
77336 84977 31221 75868 85056 81361 45837 23204 32170 89766 97704 44111 64555 26707 98484 42223 65026 12110 46240 76382 
27253 36903 95213 25784 41197 75914 96760 59044 99774 4906 16566 17314 31928 41514 91321 87818 73875 34005 53058 45624 
21040 91007 19081 7840 14031 12482 89322 64154 38462 69375 34025 99177 17493 43338 9876 70486 52936 41489 67640 22481 
56418 85614 98807 52993 52493 26770 2912 72819 84427 51119 62910 2054 30919 6810 51537 44269 15823 43029 93803 45675 
51258 6976 84093 89845 80637 35837 91477 57199 89574 83102 36921 29605 6214 81067 44868 16338 85013 48458 82239 66412 
18836 77962 29591 8986 93939 92023 68349 96570 43758 62106 92342 9061 25615 27997 38850 12061 92172 23703 40180 57960 
18652 82858 41614 81331 99369 47593 41971 23106 44930 13971 41406 91461 80198 65085 36450 86704 17668 2373 87694 6409 
59723 59828 44552 14575 90843 33148 47314 91732 64473 88482 23621 5782 47941 7739 93410 3996 78808 57435 64037 17132 
77691 50785 46899 90456 46225 1056 7671 83447 90358 11998 25184 24791 84127 15422 34181 31671 452 37641 1336 79357 
53188 37458 43230 65664 59799 35863 26061 31003 26373 47570 74505 75191 77539 82136 8236 37231 34390 6009 63113 7333 
83924 56862 91707 99868 27345 47059 66712 45507 27379 51937 45766 70823 53238 43054 92740 6271 68398 1124 7530 53910 
83819 38521 1703 64010 90421 2561 97842 88733 8752 52282 63458 13625 29275 99921 18943 61926 69772 21544 78103 97236 
41039 63114 91017 58144 31638 80108 42986 16444 6553 60363 45361 84953 4458 32508 98733 67051 64275 478 36270 78375 
8 10662 28103 53674 78508 70883 46285 44900 29807 84570 82710 46122 92094 64019 2197 76463 63423 24720 16284 62820 
59766 27611 16371 99892 77021 19416 16328 55170 45604 26686 95177 76411 7669 23741 27261 52254 77260 3375 84122 45505 
15672 75171 10611 27619 35993 85653 14997 94473 12633 10530 51877 62698 94655 95648 78715 78802 69274 59493 57632 89224 
58636 23394 6067 16230 91121 53542 49406 33088 21338 35820 62873 94537 54299 98568 54549 60223 69450 63859 52473 87627 
83815 62655 85306 41082 31990 62449 46075 29797 92551 76474 70297 26120 33393 12662 84191 22891 40187 31922 5116 51034 
1756 58424 82736 36232 14896 34522 87139 21329 27433 11854 57720 65636 15962 72974 18861 97739 51938 42353 68582 8092 
26495 16571 85272 97255 40699 94041 85167 23671 10235 85258 90165 42888 31442 10396 65274 73716 98734 1459 82483 71869 
55260 97501 87017 98837 95668 31330 78987 87999 33044 9067 86736 44962 72953 99188 3790 1251 62599 52949 63276 33890 
1576 99714 3712 27901 62961 98930 89627 22494 23610 7426 97182 39080 19472 66850 10596 96249 42290 8951 80860 35318 
34301 23391 45960 96367 72694 38709 68877 6919 83207 89110 11181 73446 777 85155 96172 59512 71822 8852 17079 3091 
47571 45928 44878 34576 53380 48083 57792 20315 7103 8655 39489 81923 24418 54958 92418 98883 26944 9343 36353 21824 
14967 82684 3925 12543 66290 55287 72181 40274 84718 90992 18965 6510 14263 76000 65417 54902 79209 99113 69812 42477 
36209 96843 52770 52087 54189 75211 69905 26168 41302 24500 41227 6281 69692 53501 48698 94220 78589 92963 39335 66270 
8557 95122 60729 44915 75379 84986 27974 44339 40565 38193 12991 32812 93508 34878 41922 83499 49103 57879 60176 85335 
14898 64430 63591 66454 78483 47122 36276 61709 32016 58681 82461 94273 4437 32931 5431 4717 56467 335 61409 24109 
87171 15583 83570 17467 63531 32699 36938 87335 23308 88509 21728 51688 76301 4945 14244 81996 5126 38354 27803 16524 
66798 81632 99733 568 231 42533 86888 95747 29401 57144 10319 51229 56422 8643 48594 56676 25194 26158 13755 65565 
62521 81509 88119 45971 13345 94393 87222 72363 59691 23753 51493 506 69713 45245 50864 360 61600 12552 61806 13695 
12129 39059 56158 27665 69400 31042 67497 4049 91940 76592 68612 78703 63498 54925 99949 23035 63197 42561 75519 38112 
16446 93769 85985 24674 85370 68763 77996 99265 88128 94284 82866 87772 64203 1898 10131 1320 37179 89739 98485 86458 
63228 80646 35872 84253 20725 50571 47693 40833 82852 22649 80680 62602 21131 83001 42746 59877 87882 94184 89973 51474 
16589 11252 2104 41641 85255 94972 25069 95581 5938 96504 47768 62559 50678 40152 43023 52579 42705 52322 59056 16486 
82487 58196 77331 29116 16015 86619 83832 33797 38797 82710 70622 39146 3257 67713 6119 1738 30980 51635 14302 28078 
50202 86790 92748 18027 69484 82703 6550 64323 66763 82362 72831 11377 74470 36550 52867 22737 397 3593 856 5862 
38034 40910 47806 58450 45934 54549 81560 81040 61640 28860 13850 33677 4867 93142 7594 50282 28809 74874 56707 58297 
89984 98216 59897 54622 96069 96442 80353 58514 11505 86526 29325 83712 63688 32047 37789 64682 38950 45858 1580 48047 
29807 78207 43367 1018 45376 17687 78880 14269 71384 40069 60124 77006 74312 32513 1148 19907 90884 50342 66579 34812 
54310 77840 75489 79739 20922 3634 39500 86198 78750 12059 2148 71217 51935 76675 80822 78070 93188 16125 34472 46880 
79466 4222 52193 24827 78652 66142 53004 54192 20926 72674 71151 7741 62617 41724 51586 73997 36686 27113 74547 46110 
26798 88471 57561 24259 5693 91578 25070 75144 96359 7761 11166 49802 27391 59607 37705 69901 67740 84574 32007 19336 
64382 82370 35957 60770 33411 20255 26236 76721 1352 51157 82349 68905 12199 38677 56702 39924 253 29635 72168 15190 
84114 99636 24723 42754 24853 32153 90412 12585 21067 18875 35721 39509 33146 31720 12623 76710 95092 20472 4945 37656 
37049 18391 82755 27409 2503 30311 40676 89445 21045 79657 41734 30252 83045 20620 16462 21240 85009 26425 23445 73293 
94219 78166 85316 10223 97780 86955 62520 94029 8527 3920 52723 3702 94203 9231 45085 66435 65540 46073 79002 34810 
33973 44665 19683 67358 23395 83085 75307 46859 15934 41522 39954 79476 93741 82834 39662 72704 48341 1638 30413 43797 
91130 4517 98124 96404 63919 35651 49010 39812 37258 58463 20669 41911 42372 38033 45776 16241 77396 81485 25518 85177 
66485 72882 73309 1578 63997 89210 93296 79456 60009 49199 39355 38774 25050 201 38950 53841 21186 48580 51843 72789 
77981 99312 32453 20436 76471 96032 71455 33018 52480 91569 79008 6152 30693 60656 4909 99001 65809 74558 21537 22557 
94587 69997 70092 26614 34486 50727 80699 89762 67818 8730 61160 67393 61633 44332 12079 59852 84275 16551 75987 61337 
67850 93026 72467 75180 82251 26618 58078 52844 53608 53956 25582 15326 9421 12743 80412 90006 87541 73150 52312 81900 
19700 22344 38175 90111 42508 43782 77790 16484 68451 89902 85481 38620 96790 71005 87776 17541 16208 55016 83039 33040 
55237 68378 68210 63666 23924 82216 52481 35258 42848 77820 79023 61435 34217 13416 55137 42970 14571 89872 5797 99293 
89409 17951 41967 97173 3198 62830 30272 46521 47718 99788 82767 52242 39400 18122 87727 25998 58298 30001 31429 95228 
31618 23352 70333 9916 52415 23009 10444 43890 48307 46379 44139 77172 36115 22723 13174 36899 97793 24014 1169 81027 
18005 49202 352 18881 37069 29634 67313 14189 78559 62411 59312 1986 95320 96903 38121 95145 97428 72005 73427 71738 
22707 25879 77037 65830 52254 24230 98449 73761 48085 74677 54784 10777 79101 16865 25499 85265 58787 16360 66522 10016 
27242 94040 43801 79058 26173 51240 21638 84946 60684 13120 46415 39357 83505 15699 76509 95756 54447 64696 40160 3316 
83680 65277 22962 29259 77564 76668 24715 48734 82024 75606 21654 41751 84760 15872 49207 76432 71540 29295 26527 56441 
44383 81576 69951 79995 83061 16273 26243 57142 81478 53330 58205 4788 68836 87522 26927 49467 52169 48445 1495 58738 
34431 52475 8281 94988 40770 36003 13974 98181 16778 83338 95087 40156 56530 75465 47900 7777 8675 25611 51416 41995 
73419 73581 49562 24996 81214 26332 42843 87420 6238 68022 82822 25670 58011 15461 61785 18799 98832 83599 47462 13314 
96777 30323 57960 24407 8318 7812 99617 58991 46478 953 4673 14509 92609 92236 86594 24547 84834 73075 52187 55402 
42638 94483 81727 51698 69191 23464 8734 39185 12790 61114 66667 59216 7686 91003 49655 8007 18004 1831 34613 42624 
66325 15233 68941 73397 88022 98398 56057 68687 6620 77233 61932 33867 38197 72267 53577 85101 37633 42285 91496 59590 
83415 11073 66161 50057 25606 89537 43334 24121 90157 82192 2986 96053 7074 66378 59434 58581 1487 6484 21203 77793 
71948 59353 9540 15229 91664 87006 50158 34425 25737 55169 33253 1311 11112 52832 74048 80409 60673 61237 41169 25915 
1398 85153 17037 14783 58523 81417 85969 1146 6431 10838 75901 25133 19403 27214 8187 77623 86736 87060 67468 8755 
68617 79764 31468 71422 84543 60856 78961 85141 55927 72111 16570 16401 23709 26886 16044 60378 92411 46471 44057 50254 
10208 82619 8354 32105 20652 12825 44202 68388 77319 31402 42630 26065 90416 33049 78281 97539 49664 39952 32211 40590 
97251 70870 76766 93991 67686 14999 45706 4605 65737 23291 77149 10714 2423 91355 29899 70295 95615 77442 76912 52718 
52650 97554 6683 39423 74578 53989 84995 71401 39022 12441 45331 38113 68069 1454 28560 12667 39024 83043 10298 78735 
21844 62111 29846 92738 69474 44430 42964 50148 70549 23921 98951 85532 11168 37604 73012 4315 83946 44580 9161 78006 
8429 94022 62756 71951 15124 88449 48358 36144 87995 14290 63858 21233 66424 65831 61398 21039 90281 2530 58002 92117 
39722 14936 66379 37633 49461 91666 8609 88188 70017 22544 37057 93105 82582 92451 54258 61646 7717 80397 57974 30984 
96495 42430 84942 27993 76499 63996 47543 47863 71283 48239 49610 70938 61732 47214 86650 93785 89532 5948 76206 72391 
56375 65458 77003 66260 94587 30129 20342 15739 97144 55158 4702 88910 25484 52396 66068 41395 11294 97666 83084 71440 
5682 19733 88566 93697 97227 96409 38560 42902 42879 27393 86175 69393 40862 28697 99834 23573 12690 56893 93046 16532 
31770 94012 9357 79832 32601 44623 62385 66254 77820 30175 94538 96200 4542 8488 50875 86231 51716 42368 90490 75377 
37240 16399 68007 48492 80170 95258 63247 53357 69182 32802 49703 70475 34493 93461 29436 55805 36687 88583 17199 73296 
38775 39210 31785 38846 3447 86877 86653 2451 13699 86753 34529 88604 44938 3511 75909 74177 55344 21130 45473 65400 
54745 14612 8628 17450 60169 48409 55032 85685 22496 64085 98030 56473 50815 2173 80664 97928 16670 86284 6453 55493 
22230 31931 94556 61817 49540 94191 30057 39513 11465 88202 27615 92733 39351 25713 99946 67861 66738 43447 6400 54208 
70998 29689 17781 13022 4711 35907 41080 44923 4724 64687 40907 55678 78488 98310 66280 47392 60201 22769 239 1305 
24313 4012 69211 42641 93804 40634 83114 63390 15017 80306 39923 43075 35094 51923 33844 42153 9347 51440 66501 43602 
75946 19114 63890 99891 51576 51631 63851 36661 80419 16660 14272 99424 54690 33390 35079 52356 16087 17789 88300 62953 
84795 2555 66593 11667 89619 77696 5349 52998 91087 43968 90705 1780 87987 93198 80755 13841 87885 60454 63215 15254 
35328 69319 22296 61804 5377 39119 53226 7470 7074 44183 39656 14504 65675 40378 92376 73256 51095 40571 77048 77710 
74805 33076 5039 86554 75067 18743 63987 10525 79474 36642 54643 52510 29074 12585 72364 82758 65764 40999 59235 65030 
99718 4007 94198 54640 91189 68671 60227 57346 23092 83270 61778 69475 28985 8618 98597 1494 94275 81972 94372 15057 
22530 79073 97661 23455 74194 62565 28423 76081 21266 86552 60849 25870 40217 99634 97787 67101 74610 82615 35723 94493 
97852 30117 95646 8288 54659 59026 59760 49081 27198 42889 36107 468 72677 2969 3840 10945 21503 86630 2214 36688 
61291 2291 26878 11632 20064 66938 81073 44721 9770 24407 59124 49419 21340 86601 97015 24249 89707 2661 91970 30724 
35802 6296 90456 8592 52533 10281 84182 53853 56369 6121 87111 1394 5918 2731 44983 4505 73533 21268 61676 48104 
87066 54410 3232 73985 25441 75380 17329 82526 94832 85504 77391 96812 24963 48540 48149 54946 7426 67416 94774 37580 
65886 74108 84148 58652 90673 33863 79432 15984 15184 46454 83701 65133 25758 22158 97683 35427 90972 88550 87496 58891 
52291 11459 6097 4796 70105 66320 33794 78265 35096 40118 63139 68457 96806 34913 13902 81800 80895 12202 97742 56192 
64558 76623 30899 34609 70172 92653 45543 91410 96963 38528 80444 14756 24555 63348 88378 29896 78451 97344 32941 52295 
17459 8741 50694 93074 76119 47828 9692 32986 87249 20043 10775 32214 89133 10191 85424 54630 40010 75125 19834 48594 
65543 11704 4453 27550 60939 91723 72992 86460 77560 49548 75950 42246 37243 2832 68918 7137 44101 6091 61410 20181 
81251 61064 41273 71343 45346 27541 71089 17260 20213 7085 14525 46286 20046 96385 39632 15382 15475 21328 21592 10191 
45725 50870 55817 96536 69720 43071 20781 79275 74385 41770 11109 70945 11943 72140 84109 73331 86580 16508 98757 54923 
40158 38234 13279 85783 73950 26963 18628 22271 37101 74095 64755 64532 90973 10193 48879 34501 26701 51224 68921 10441 
9091 42009 15312 24071 63029 95510 57166 52346 85287 1568 42311 75238 84141 83131 74848 68695 57369 99786 85713 46346 
33257 61063 62854 34848 88442 82743 23403 93757 19108 67444 56032 70454 43165 75531 7769 13640 46356 80190 90002 91846 
68179 5174 76317 31931 23799 89818 74045 24030 90474 45673 62273 88190 94942 28679 51172 6346 31141 62764 61916 11334 
52679 84280 14185 34909 21163 52225 28934 30504 11525 46349 46193 16098 5985 1925 62977 70719 60096 96334 45882 3806 
27074 60661 44585 58231 79078 57929 62894 45884 6488 67163 20114 15784 39633 4130 75047 10093 10193 84748 55895 16624 
67496 3288 43033 88123 2791 15761 9025 27350 25055 94919 98768 53944 99043 90786 64957 90805 57560 23063 98499 51404 
91873 68156 2127 50441 30006 35129 58162 33936 60975 56251 36849 85535 17701 27762 53594 97298 88652 34326 9741 57572 
39143 32800 6526 42827 55246 18136 90368 28129 69704 87073 75659 70075 78605 59949 58886 21132 85891 61796 8834 13647 
31557 90108 50373 24352 23261 25473 8761 11226 76555 20281 41170 24472 20157 7195 4687 2971 98708 20079 19694 75740 
79191 32407 71615 21860 17506 58322 51523 64187 99693 54108 51896 66352 61337 25781 58377 24522 28395 50301 19459 68580 
57893 48041 72068 90804 72096 61684 30377 3395 58719 70179 40173 875 99209 55403 99976 37880 38973 45114 51375 11922 
55305 32 59855 82935 69913 83206 81238 94111 62615 79749 20579 60528 27057 50937 40137 55188 22924 36353 90840 24231 
85521 39266 38969 4929 81647 4209 63901 85089 59455 64320 42840 54090 95462 16929 69543 32710 8843 25052 55751 20568 
80787 39860 62060 1859 31058 7285 34516 68959 69290 73231 48595 75525 4292 70787 33552 22779 39270 47822 59804 89638 
73278 82202 648 72447 32006 8130 29222 39991 59981 26636 90913 79831 17799 21573 48635 55467 59149 12537 4726 72543 
70125 70267 51313 2177 78222 34572 3256 60947 42819 86003 92653 33087 33504 50334 32184 82157 86699 25364 21162 28441 
75841 59799 93046 33710 8043 95243 72803 43906 60076 25540 38048 12477 22850 58007 51374 35695 71322 17065 34005 62646 
91528 76827 90475 63393 15512 97432 15941 59794 53194 38525 20311 23853 4370 8771 13092 73624 27768 70502 99087 30419 
85858 90025 52492 26658 61519 60021 81006 59033 93379 27794 34651 49487 91164 83380 97872 470 7446 83679 61561 67314 
35638 97804 84970 11225 28799 62192 38915 39139 4863 24743 65858 33109 49711 30197 93404 85876 75375 76027 95381 37368 
68979 15335 4299 38765 83758 59822 87852 83497 23820 62118 74264 22182 97580 30130 94432 28534 7979 88416 23241 82856 
27153 17363 76279 35541 61808 32422 72628 54892 14139 86596 44319 67200 2161 26488 49522 99574 49640 83559 68765 74965 
40770 86429 51731 39130 49660 87537 2524 85229 77885 57397 43129 47922 53347 72624 31157 19623 79184 79279 97835 20670 
48937 42726 87612 77897 78621 37119 98630 73633 66803 75468 98695 79518 97519 90562 14944 45021 47628 21571 19006 95687 
80564 91535 95084 67551 25115 83508 13085 27516 44348 15791 6565 40149 95590 52653 87649 62430 12224 12726 54970 97126 
99109 93196 582 35620 89901 76941 68871 89692 56086 80064 15109 37396 92077 55249 46043 39343 54845 86784 77288 88879 
27167 57167 55228 6469 69210 77868 72616 98390 15619 91987 71630 25067 77037 9903 79180 5923 8377 63032 34929 27296 
30817 56909 56943 83661 40056 13962 46971 45947 38884 45600 15480 36697 31106 31307 21077 7788 36373 53342 39171 11665 
42088 10888 67780 40595 42486 93033 49591 5255 16804 63444 24168 96233 96426 4630 79135 14943 68955 34424 75359 50540 
38211 27629 53401 74978 37969 46754 37403 44989 39031 11731 98741 43887 27164 14633 88148 72014 40038 68525 2865 2952 
24381 65608 49627 83057 39927 5609 18936 64296 8387 87040 78160 52116 79355 52911 34829 51109 92640 81916 55180 63710 
53835 26137 90246 70782 61060 45338 41971 43453 20969 58101 10131 46723 965 54474 60699 93228 86185 76104 57957 68392 
78293 67810 46248 53418 74055 15521 61016 39646 77622 18436 21837 34400 55788 65111 98620 67349 74314 93157 87687 79367 
28934 66781 12474 63472 34264 82085 8429 73241 43213 85881 8278 87853 8067 84449 21914 48255 88746 45363 94860 30777 
27594 1492 13453 98002 84717 28385 64110 7858 43402 87992 70139 96564 25366 29982 76330 95131 79083 21379 94982 23502 
37582 75426 19673 35796 27718 48631 29626 37538 38422 84217 31368 5849 93321 60312 59714 5740 16070 73112 48676 37010 
9569 38528 90050 12243 72194 73034 21119 60147 26714 78369 62297 27378 97952 77899 69031 10886 64747 8072 12867 37747 
22070 26264 32863 44547 99488 93460 95340 91942 4967 4741 90553 92009 77171 87518 28612 1752 92101 5921 61110 23016 
88130 77661 72764 81848 88268 9093 84371 3392 99564 46908 7720 55946 44653 59399 43949 16516 87119 98254 6895 24864 
1964 23187 56351 31016 90024 30473 15221 45375 56538 92617 70822 43390 10773 76783 21234 6504 91706 67366 48442 78793 
24019 1565 9048 32882 15883 49264 19923 4632 63390 7986 79105 28381 15116 57983 67857 36871 62938 96692 36843 89626 
69978 17825 53783 92797 36135 34742 92973 70259 6442 72003 77360 96562 47615 55799 97773 1324 89462 81030 10595 88382 
46897 68065 98718 59947 92453 20895 88521 65000 88630 31516 68789 59770 3651 17434 67444 64405 12650 68940 28609 4643 
38261 89820 14034 60417 20285 15999 52490 63791 87360 35650 33209 48003 33796 98216 22670 92013 4660 61013 95525 69217 
78075 81372 68861 11174 12058 28120 18832 26064 89817 63710 32409 86117 99345 24540 34466 85045 65051 90017 27824 72040 
53702 75150 49463 63970 24182 42299 63360 3651 80790 48155 89808 55626 35820 1769 82041 31890 52871 41104 78544 77254 
89382 10260 38852 56285 36496 29630 47104 37341 38113 43650 98003 63774 34129 5877 45113 37229 53257 42026 3005 48662 
71123 72237 53832 41360 82210 57208 70713 59723 22210 50705 35897 76257 25136 6503 73833 59816 14248 62168 10699 91515 
12278 76735 2379 52418 79538 7308 75853 7389 34031 60449 25106 96063 3507 84435 79918 3603 37523 68410 4133 74879 
71593 15302 39831 44301 70213 77414 9387 20266 21756 33219 90901 45230 63501 1246 80526 33665 15740 87508 2285 75575 
80476 29352 72388 63162 12925 89522 16326 57804 74769 2745 27350 82755 78066 29194 16169 91216 10808