93461 84450 50504 25602 50465 5383 65596 78467 56792 86913 34464 38902 58955 97139 81759 28039 39258 11870 88392 75532 
57677 71015 52615 5838 31076 89455 97539 66026 93025 70327 18771 38942 86624 38912 52943 91621 57399 78211 73239 67048 
70173 21107 4311 58159 10322 57248 71164 25459 58324 21863 24563 94705 19801 15463 59752 54862 75969 77007 86993 16018 
17097 4627 58094 88755 17902 29613 86729 75432 30777 64692 12382 47106 94774 12045 89685 13118 54023 60001 27358 90372 
38595 77681 23969 55041 9697 46510 9479 82115 67815 81556 51276 63554 46205 15487 17223 18200 15445 5045 50400 18199 
55472 8096 92645 1499 39821 19332 17276 5566 18991 41118 1071 70179 80977 13137 5572 95832 34381 23522 28600 5888 
27778 26887 18639 52022 37779 80396 32213 31497 52212 46298 67806 30590 7778 84632 58973 96989 61020 91631 72437 78448 
15086 62370 74367 54067 67899 21099 4157 50074 60309 66893 43899 71837 6708 71117 54802 85198 55032 52700 41884 36890 
39981 1415 8705 35872 87400 95915 84766 62821 95998 3030 50816 48945 50038 10365 66323 55402 71059 36026 38537 31163 
52883 84058 84818 93457 9496 57825 46734 12047 71826 44029 98451 34301 87716 21921 95399 35586 47025 10000 64036 15024 
54923 78687 38150 37354 37409 92758 74647 34787 29492 78997 60899 77722 11263 9608 69406 9056 15810 13773 4487 48533 
69324 15745 82255 98299 87549 84335 80386 90648 66667 49438 14584 16639 48691 8238 73640 90231 59269 98155 78689 29644 
53416 28914 64469 85034 70449 20149 85961 37579 82202 32517 63454 45741 17677 40091 81257 81841 54268 62551 39630 49368 
1258 63095 66736 86257 12715 86321 27997 39762 92931 64319 94476 13580 87547 12746 72311 67653 9536 25427 30987 23947 
86662 45043 64233 59790 38627 70379 50271 93611 25014 74339 80323 63942 73001 34143 49603 64239 92640 65206 27249 27849 
46310 72246 4626 48808 89319 94971 8789 59926 16378 96379 56317 21089 81514 98038 73367 14162 26182 5217 83659 80027 
52917 38267 4684 83427 74796 82678 3358 40726 98697 96711 18178 79891 57355 86356 62026 44004 39614 56487 14347 47685 
31467 80316 10384 99320 91365 57002 92552 55543 37336 13085 67765 94330 25740 45187 63920 5619 67137 80157 75545 43934 
86768 75365 76902 8059 48169 47525 44022 16079 17090 31881 32069 97422 26475 17817 77790 78920 89823 81799 33066 99473 
3047 61815 73776 8166 48879 40143 16909 32387 64329 98910 16441 87624 8094 70848 23875 50803 45830 85273 7352 35662 
45458 90490 37569 8370 32450 22411 96928 41372 72586 24412 94761 82997 68814 35378 92496 72425 18166 16227 30359 8231 
60264 54757 96298 27560 72210 32108 55080 66186 60507 69304 80110 36057 66526 16253 24568 72948 32246 32388 2861 63803 
11896 63937 80699 44944 12038 90795 79956 20568 46154 32342 94549 2755 19180 65582 75528 31065 65038 50777 93104 47977 
11564 82823 54436 81553 45766 96162 25541 95309 24336 30634 61744 67290 56069 61175 56800 10595 94636 29303 63664 72529 
10804 21172 94024 46792 97706 404 80699 77281 82831 28847 5721 22530 2723 8243 89297 99224 68424 2257 50231 34344 
2166 33982 3526 90990 18637 90884 95821 9208 46343 94182 94899 2825 722 15839 93884 25909 51021 30919 82163 35328 
32145 40870 66101 6245 96501 85976 30080 59205 43801 25286 67477 77860 18380 88404 59686 55782 20415 91030 79818 15044 
7629 82821 96854 995 93643 45032 43188 70630 10750 76154 55744 21858 69991 46086 20944 79035 8144 47783 11308 67156 
86614 47987 34493 78999 86310 33728 12729 24166 2465 16654 11310 13010 76340 23278 12742 55811 39728 84647 83094 44887 
98259 98283 8258 85199 12634 709 86782 7499 1454 34078 24874 40417 68682 96982 93804 23853 33735 49852 48102 79243 
81119 59437 31597 23008 67856 2913 71495 93977 59005 75285 56009 63380 93599 40256 35766 84986 81976 20144 92019 46285 
55408 74933 11831 88085 72056 96490 52840 61325 26523 83337 44825 62124 38688 85344 63878 24547 62911 48020 4720 45227 
78803 23230 84276 80201 93789 79371 32182 20117 44914 33103 95832 51324 67882 6326 44044 85664 39424 73676 82504 88518 
22788 20287 82026 74507 2310 86673 98745 91389 20216 31194 70384 34949 71874 42933 52476 41576 10630 9174 33243 41338 
44201 20876 28481 84738 92353 9661 75488 26673 63784 33219 11870 87511 83458 63972 30273 7074 74580 41323 15334 23822 
63263 29701 11672 54510 85812 56002 78388 88152 60481 99487 59507 36481 57511 35015 97593 4657 52141 37840 88627 33610 
83657 2638 77076 17663 86398 4797 26207 54796 49694 72971 71822 55768 48036 35924 49526 43013 21841 31722 17138 18771 
17911 84754 94722 38170 21032 51477 51067 11500 85007 78080 34784 21525 60609 49458 6774 67559 26518 2856 78053 95883 
70529 4993 20700 8204 99671 70113 37314 65467 18399 86687 27046 6419 72187 68347 63227 42010 83887 65357 57281 65683 
65303 60841 26546 42692 8403 33907 59176 19007 65525 68489 19212 35904 33387 69221 52965 17423 83939 69571 33095 34985 
35377 36809 19972 48692 25896 68670 42716 33753 89246 59907 4080 61785 96911 72912 94170 10843 80109 41719 33480 78947 
67635 44538 92751 48163 20210 27555 4910 36568 58554 28831 85317 93575 16209 81511 22042 94778 18135 92085 13866 64785 
86275 2663 77232 47193 91987 49192 64442 95634 22928 6381 73322 23398 63217 40534 5679 6192 67593 40163 82968 47205 
21471 81053 25235 4344 61482 42886 18888 71759 78982 71990 94019 74407 17465 67168 95503 88944 47460 57771 17031 31886 
47940 19740 90699 74106 95782 74230 43718 90774 74122 84365 75493 92892 41621 16928 21481 10566 34305 50529 38221 36112 
32860 75152 10339 49573 50279 68316 49546 20258 96466 66318 1123 36895 94516 48149 57571 84621 45589 45929 66716 83857 
20178 66170 82605 65811 81414 80033 14364 30502 1562 27417 76474 186 84512 22886 67900 39682 97659 98950 24367 32663 
6224 34367 91708 29022 50084 74797 34025 12990 90523 93210 75417 1781 39537 74268 6010 10183 20379 80557 4083 48650 
66474 37549 27567 70395 16025 39058 5928 87084 18060 4433 98637 15199 61724 16489 19630 46103 61967 18009 10188 60836 
16623 89318 34545 66709 52132 24044 97320 67881 78838 28944 2584 13186 26174 32027 42272 22558 50378 18148 38119 12645 
17838 20641 3247 36608 9333 26564 76526 59923 66731 80956 98201 52952 76758 86725 7662 52569 86437 81875 4171 2990 
56183 66187 90620 56791 34081 46026 27513 15927 6920 79704 56757 41377 35761 14709 43229 61129 26650 99476 20463 55283 
73780 61234 51408 45474 1555 4365 80956 96181 25185 82068 45285 57712 20499 14025 89771 23662 49460 21168 38444 6528 
45105 15899 20908 31807 24650 48765 43689 47702 98363 29981 32121 94270 31261 70129 20131 98916 93699 57434 14885 69403 
16370 32328 50710 73719 23664 46147 23576 95575 78290 84421 48291 58744 48849 17214 54505 96733 69081 73386 32164 4527 
56177 92922 44727 42505 8376 57831 48143 41936 90574 33455 46938 27325 83225 14495 79703 80085 5603 68428 23197 97161 
63500 60246 48792 96658 15235 77761 95892 54667 75848 30550 44993 29641 40848 78439 86692 80603 43912 88762 78755 24336 
80698 35272 95284 71415 48174 35963 76846 24922 99696 90597 6092 75889 55650 61004 1457 67117 43410 49139 43792 43100 
70922 24136 34878 55531 60873 48955 14108 42379 16411 22868 17707 39048 15471 56832 40487 48256 4476 76380 57084 35765 
89494 87824 50538 1710 57317 70165 97673 12989 41292 30479 14290 16374 36579 62103 62040 4130 27215 22040 88538 11326 
88806 68756 38276 79429 77318 66323 19002 87601 31396 85035 18156 10186 42250 75466 56643 36175 85758 46828 42675 49873 
45969 66583 10332 40576 14572 55343 34 24110 33380 10255 60754 95134 26007 10177 97089 16856 13571 79049 21674 92098 
27491 35683 54975 32547 66807 22423 584 12957 82315 20445 21416 15182 34937 79618 61797 24366 87302 23424 62991 33316 
84559 89489 24133 44997 51738 50460 29993 40593 29376 80725 14890 12413 38751 94252 87916 39683 61759 45068 15788 60893 
67061 42054 55681 66769 2334 76328 42880 60290 3302 19194 36649 48749 26050 62100 60511 39500 37884 81587 53411 77512 
46324 27021 18052 52304 7451 19618 33503 45322 90603 34538 16023 14084 78019 79639 89196 21312 63849 86178 60040 85943 
75499 89832 90369 43407 4653 97251 80026 29370 95261 84685 2269 1039 6622 26121 38900 18632 86292 15108 99876 13444 
17578 67226 69774 64511 4299 80873 77452 77460 75312 75009 14645 82575 50732 13708 55121 15022 56300 66041 56061 92886 
37337 41709 32985 19975 32145 91904 29953 39169 51511 75237 11154 19942 24428 10814 30025 26059 79474 53020 19011 65260 
93448 51812 63154 58334 68158 25020 12020 11235 50998 53833 40683 16950 31899 27211 36059 16083 2043 64032 78452 17080 
67812 69680 83559 44521 71741 75664 1837 78881 93222 77623 88915 58612 74646 26660 27634 41987 8030 68127 55093 74918 
1850 94342 34733 99687 23057 13921 54170 91129 85241 47369 76977 23624 27919 35990 30433 80467 19491 50888 54460 76476 
76682 74949 5302 84429 29381 13060 14684 20844 21100 72275 40241 45930 31387 40470 5823 81298 68146 44935 9875 60076 
31931 10043 3222 51892 6107 85174 40741 61176 40853 94040 19941 30495 30422 78879 19893 86569 39005 54509 98188 94389 
72756 58640 84091 85635 88478 70395 82721 93852 47588 6234 87506 40255 3869 71262 20892 38316 97240 51233 16044 64117 
57377 72876 74094 60884 63950 15472 66012 83869 65993 57646 10454 31660 27329 16441 349 6556 73875 19527 97627 39319 
22250 41467 49011 64957 52796 63882 24950 4793 34559 69675 40521 61125 80936 71604 28304 34598 40010 75876 8734 58595 
99621 38736 21546 20008 38893 62690 45604 86953 40685 58592 56155 89156 90718 80534 79660 39066 51128 46273 56700 17269 
66037 8219 47289 19165 98748 46594 55016 69674 6074 92917 25634 65954 11191 1100 2646 41943 3963 57524 29587 77057 
16950 21929 93044 60832 96683 21315 45946 35228 43833 53732 3653 18845 63383 66924 6894 58298 46062 38317 61865 79180 
17142 25515 89644 82280 42059 25874 64127 56831 9816 41002 24022 68501 38364 22349 4236 13284 44494 25190 40305 67265 
28220 37022 42268 63271 8739 68338 33850 11419 68006 92316 45582 53543 70078 98093 6853 90375 76878 69368 4628 10690 
82545 76794 92877 52799 92238 126 89062 97596 43101 43967 2825 79773 54915 48704 78958 12076 5785 971 44907 30341 
79940 98559 37597 61046 83176 83002 7746 27868 49634 8968 7868 23875 79415 63412 64248 67352 98560 47674 9218 2236 
17705 93211 8020 52798 83708 21825 82656 69927 55037 82374 19281 91024 8739 31591 26795 57112 33348 75793 44669 21423 
72734 22604 26118 98605 5320 6254 10189 70952 34902 95310 17411 61795 52427 59593 85564 33564 44492 7272 66969 18829 
40085 10734 48447 96461 5628 28188 9193 90030 25061 64804 50992 48752 98881 30229 87071 61323 51795 95020 52062 4201 
76693 18798 16283 89843 679 68114 8686 61543 80046 52167 77358 82304 42815 46965 77008 3067 50783 81881 44333 91129 
46459 55748 9122 32554 16860 4083 60405 41001 33159 50182 3397 17254 32636 48419 38297 72671 99594 80737 43495 93614 
58678 61275 49643 58834 39991 63569 19663 33843 83427 75001 35988 69628 68109 1511 7163 16190 58400 54456 63834 95752 
66971 90937 73516 22913 79412 72838 66784 49343 89982 95339 63346 57780 12187 39899 496 87900 23171 86163 69251 50262 
69777 635 68283 59354 12841 76073 88338 33445 22827 70738 37116 59286 83788 10029 95165 49647 18470 9310 64460 55224 
53832 35627 48481 36553 51535 44131 64917 85290 43470 85696 18707 86585 47774 86881 44383 5340 84300 42756 78181 57413 
77598 78426 33807 62653 38178 16136 15521 98231 45600 93025 21376 11386 84298 68337 77688 620 40417 47805 27853 84026 
57912 3759 36285 45507 74460 21879 53642 13156 80073 23572 42335 94785 52271 10972 54012 89293 11228 50529 22093 36134 
2147 30163 21208 42285 67993 35737 18689 47839 33079 30277 89344 22849 76282 42075 79026 64501 20563 18982 65676 54217 
47436 5932 95154 34905 92265 35409 70538 16238 95168 68675 56326 55097 17269 34893 7 74518 2397 53247 32297 95123 
26562 83535 85970 62038 31305 58111 62109 32606 97311 58343 55488 82517 26290 23494 54988 6411 59983 44126 85182 50813 
61650 44819 64715 58191 67059 81382 39396 28644 17311 46708 26610 70428 7173 10556 10612 98101 3239 49225 88190 18361 
27824 30810 52924 4727 83409 36555 47679 26461 44402 49122 24490 18254 93044 44109 59364 93977 38176 99300 11785 29914 
61409 92591 89748 11557 51834 21256 99397 43628 65191 69899 8263 56442 50751 6955 98828 26505 71701 86572 81087 81890 
91081 69369 81752 93534 8234 93363 18669 57981 46190 11306 11328 6827 46762 49165 18715 65063 50611 95346 3445 43846 
82834 24010 45137 96744 19781 11001 1172 16953 7744 50241 94769 76002 81065 80196 98470 19311 48823 65454 70472 6048 
7108 38379 12569 78619 23251 87993 67244 40649 19335 26679 30448 20495 37469 3687 21458 76956 35400 30756 35726 19716 
44770 43343 80699 74691 92393 58419 38130 97660 89419 64953 42308 83713 1446 71464 25684 63176 30055 29863 14117 52207 
71234 74958 19725 49806 11748 76238 99055 65834 7749 56796 95392 9195 31304 24153 14361 77750 32228 38176 53386 89659 
54398 40866 42823 53956 56279 98 55066 87359 44442 8006 99149 30445 65168 85442 73627 73027 90473 6780 49785 59540 
78667 8958 84068 20349 62652 70972 46009 38202 92024 24671 21184 2240 61374 35849 96793 54470 79382 80411 92342 69057 
69808 22279 44445 30385 28974 53843 60261 11464 34924 28973 99876 8236 63978 92086 48322 31870 80221 83553 67078 95963 
38111 83424 28250 7249 57658 38165 27409 4615 87011 514 88374 99042 91440 66703 40709 13088 81157 83573 99505 41053 
69671 48820 19251 82275 49745 87771 15767 52522 4114 85619 93724 10824 93134 33508 81058 61229 94290 45772 24775 77092 
97259 31373 8391 72817 52410 66677 21426 60063 52012 39475 6874 84900 10291 1789 68251 73857 51807 40140 30802 82588 
32689 99973 17256 44982 47259 70206 87884 95258 95678 84468 4711 43657 41387 64191 66117 57483 94578 86935 75153 21464 
19214 4789 18062 11448 87482 51288 67608 19586 2330 37201 88798 91955 21053 86864 96043 7062 95453 64694 14044 2893 
66808 46402 35066 39472 29870 73699 3174 8595 92769 8741 45667 88726 51078 48075 63077 18021 87744 26948 77130 36763 
59204 99704 2870 24615 94336 44080 14310 61783 39740 17502 87481 52092 31273 98761 81919 74540 44675 76244 63603 73342 
7975 58703 72848 47056 69504 93354 80615 30835 41752 9504 54579 80568 72015 43833 93445 79372 42510 18993 55453 47195 
33632 91604 88397 54787 44701 12800 23272 23323 40165 65063 46250 19371 31123 63769 67497 41507 15392 24581 19855 49968 
15830 63736 28476 63673 57399 59675 75185 33043 52611 93201 7031 95382 64571 58844 89239 98273 3789 60445 80039 77560 
32414 91673 79222 82544 45862 73945 5139 12035 47197 6802 71628 89060 13271 17997 24160 61546 77044 25676 1937 37269 
92922 8683 42444 14662 92017 39483 65252 47732 30736 71685 14507 52901 83672 35310 99178 34685 71052 22050 26835 1699 
9363 28159 73517 97784 78773 56605 65934 1902 54642 30635 22514 95638 99346 88303 82990 21335 34434 6378 57999 72741 
23707 8210 62199 29177 61749 31969 23116 78518 46619 89033 72421 22982 77370 96410 68688 805 64028 83150 83769 4632 
82014 80373 70145 65715 51573 46502 87903 57264 63216 30980 44656 20565 12271 46560 90769 87545 45868 91488 68049 427 
9982 57619 20778 21593 13089 45428 824 73414 82938 7548 6971 30243 99403 6708 87114 52272 89266 10441 86961 62235 
7677 93962 22449 48650 78869 80107 3151 27330 20912 74230 9240 77361 42801 79778 11229 36233 48066 17964 65403 55376 
65815 30963 235 54410 29717 93310 7419 14545 15414 80033 41054 13455 4826 51144 77139 30865 31336 3597 86473 17592 
91175 66689 48527 25471 32638 51239 36727 7124 74492 85324 32281 28431 14074 3161 13605 13217 24774 63395 12435 13383 
17982 95788 18377 98083 73675 99276 50546 74244 46684 30020 73009 68813 82513 43638 75112 70290 4956 8058 91233 15737 
91068 81147 24637 94177 18704 15574 96565 61046 708 19530 33729 72428 13943 75150 3808 4199 42577 37529 43437 17738 
60703 52191 38662 85392 4442 4864 33818 29072 7845 43729 64533 48930 67424 58627 82696 2119 17044 42445 66486 99131 
36682 37031 1933 6145 38556 16194 67365 53081 68522 91048 17448 19728 58405 61012 4 54361 71060 82354 21046 55113 
67087 72693 91240 32102 90389 88783 8149 91585 35082 4191 89880 81556 62762 6833 80590 21450 54421 18500 95439 55132 
95960 38447 83674 3200 7667 35413 48839 50120 35824 13799 42100 18585 66986 3514 85064 75906 39678 66083 6856 83806 
70671 43649 80192 40625 24583 31977 59522 13140 94915 63146 43271 26232 67144 20079 63340 87071 80246 86358 60975 61906 
96038 59608 58391 60205 4163 44986 27270 13701 45439 95563 60914 25693 86 94961 84053 24867 85868 11385 6237 19440 
16531 7254 20631 32980 74632 34159 83827 88660 69898 99481 77743 91199 35528 72752 93405 32735 4932 46243 51268 3874 
88698 11634 61191 43340 49859 19256 46235 85999 56420 4208 79462 60492 31683 86367 55273 33561 27461 165 27664 50128 
19612 56143 26510 93615 63994 49941 79841 42275 99542 72420 21828 87684 83647 2740 71847 14610 64982 95160 913 86776 
11907 27560 87216 47822 4334 33972 11329 9683 72968 64042 35991 11726 21610 53120 13924 66369 91938 13905 79006 99119 
13931 60394 83474 33707 2849 56839 14869 73201 69356 24775 3781 9106 9537 13066 17903 63274 47819 57551 72000 45450 
16194 3250 78470 95530 50787 25049 31213 80231 4870 23079 65720 30569 53564 12686 90018 26950 81668 72282 13557 7429 
49562 56677 28312 61318 87263 45507 29416 666 36805 45273 28483 19027 73197 41041 18106 60314 87026 54647 72644 46190 
59631 36749 34171 95078 18243 33629 5886 68902 19526 92146 80375 14851 76963 75684 27223 29154 94108 98108 13866 96034 
48396 77887 71040 22128 46295 95782 2079 93899 3551 72205 49943 23990 28665 88474 96249 17894 33365 3679 75112 22247 
71266 28299 74606 89434 4433 98769 9376 82464 77053 87732 28580 63643 14775 95618 48460 62725 33214 99060 36616 63140 
71114 53721 98149 41035 79899 96266 25158 76730 12149 82527 86457 69144 59677 71098 44831 42804 52725 81224 41467 47342 
42099 99774 29691 80160 42806 10694 16181 95571 20354 29734 74391 74430 93000 58 88290 93602 69365 8005 78050 35903 
99088 77305 54896 46756 15958 26640 89899 52853 57982 36798 56870 69187 66659 73395 61121 47631 83001 23580 55439 25089 
82982 62836 85974 7950 1955 47339 18010 4498 77670 10576 90880 43969 14809 74811 28813 36794 79174 26173 66875 97710 
8885 89821 155 97740 75264 5150 92240 23315 41108 20043 27135 73897 12601 34405 70761 48933 90550 98799 772 38693 
24001 20312 49672 52869 36075 76656 83973 59268 37116 14365 79684 70983 82789 863 38324 57809 55738 23817 64841 47454 
14710 74546 75006 72382 70381 99465 11518 14425 3445 1367 76479 15822 61809 80215 36635 38405 63707 38861 56694 90671 
23559 9727 3848 90641 95815 29614 48136 41982 36061 61895 61821 64853 69838 10127 50033 89577 94706 76348 19705 68805 
36156 76309 1535 78055 52019 95440 63531 80048 74348 36122 66406 26822 46044 92598 89305 89153 89773 17363 45831 29460 
4319 95688 85191 57885 80410 10681 70672 47261 23919 48939 62246 45659 47012 13281 19910 3529 66615 2507 93391 66417 
62765 68339 36967 94491 83543 65268 1936 89009 70874 22797 79454 99924 62386 82050 31435 8508 99445 19312 6935 13178 
21898 6595 16908 44941 51272 40200 13628 42556 45414 17219 98173 62715 14060 43129 83029 45489 63337 80124 67532 54284 
47429 85666 36609 86992 9209 28517 24900 87809 63523 24281 46379 77485 18801 90658 71293 12144 90613 29565 23387 7630 
58855 73247 56073 25561 58181 62778 57322 99562 32135 61654 40972 30192 8478 70710 17437 99763 25228 46608 88966 96287 
4668 79736 26 57008 3347 27343 23484 19708 19974 72331 97315 86222 86154 6831 84778 55442 89540 49338 16914 18436 
95528 34296 40018 85640 71841 4242 60845 24385 5516 73728 59153 45148 22452 30128 63245 61007 46371 18535 28918 90004 
23714 36927 34185 9988 10346 29542 87413 85675 17634 74171 56031 17796 62546 8943 6954 76374 2657 61435 19867 28921 
96668 5204 23158 26166 36540 91136 16557 68639 46322 45907 48907 96207 84321 55401 81743 33276 6959 60617 37038 95528 
74525 87816 63074 34765 85531 72678 94371 13736 39183 13639 44204 61719 85020 59710 16294 9068 88612 47757 46190 19242 
22142 41210 56254 56055 15647 86441 78173 41099 22604 71713 98199 84196 61556 81257 92897 95487 91614 12809 30121 56638 
46027 72506 98400 77428 7749 87420 16898 67937 11232 73703 88470 41287 3734 72494 80355 65671 5251 2912 86512 6827 
20250 4726 60051 20229 79905 55762 74143 27354 20379 71108 57729 55213 93338 69786 98072 70006 7038 27647 86277 5551 
8271 553 20904 40216 51111 72150 47204 74954 26883 80628 72198 90237 81813 88534 95683 523 86894 53711 10106 55233 
55750 43204 39864 17682 98657 36544 95266 95536 7123 82253 32976 98508 15760 99962 28432 3220 3312 29590 10206 16520 
78172 41193 22261 47434 72192 15323 59972 60407 63082 84501 36390 96259 50579 19052 77717 7181 29924 15445 33155 12900 
20929 27668 83757 75474 60808 77795 51562 73778 53393 87907 73274 89699 88472 1734 99398 32450 14556 45424 46229 6776 
91648 33179 23396 25148 7632 46828 6920 97004 87258 85922 47259 54714 90452 80515 78886 2755 52269 78710 9680 94431 
26224 18652 69515 95456 87111 83924 81147 21574 37935 28671 35309 75367 70282 42423 73439 97647 53279 86580 55450 17974 
56737 84605 62973 89146 21523 85753 87624 43438 55983 53974 33217 5839 47144 608 80905 91162 57891 92067 52668 56318 
36058 43400 27847 62371 91902 15069 509 74054 43230 73837 80683 91211 80792 76446 15258 49830 90134 12339 96720 48172 
12643 66677 57487 605 89077 25364 51372 20635 75734 96557 30690 57818 60674 54593 55487 91073 14827 87378 77714 60455 
9673 72972 81919 12569 73646 83283 24207 18841 40538 44451 46057 79113 7627 81924 11918 98153 45720 96004 16524 26203 
5222 78145 54547 97685 26126 24866 75230 82389 66566 74154 7799 12205 5242 80959 13788 25090 7266 25277 57562 29058 
71008 31536 96877 43758 91711 59205 84436 60895 7543 76971 37648 49515 46075 12792 35343 88992 13184 68954 31916 3900 
12705 73738 20907 82068 47949 4787 15568 5301 39774 8914 11275 92639 19619 33919 74097 48462 64617 91923 32534 93639 
69077 37034 17143 87419 84 6469 56114 36324 81520 50172 39031 76714 5501 28754 84558 54961 27729 40591 65727 86218 
87386 14402 77024 13666 91609 35495 92530 10544 3804 22127 15589 8618 58141 67766 15613 87893 36285 5744 32727 92484 
5791 82550 16783 36457 91933 87182 40853 13880 13952 77730 1070 69850 81876 64852 27767 37780 21973 8506 3269 54858 
88688 42861 27778 62902 61147 46445 90836 38865 77593 85285 87957 85118 98637 99283 48510 49496 58395 56992 93746 68079 
59766 26317 61126 76412 17652 48767 63299 48142 17475 80624 64416 17650 43143 86573 14412 47945 59469 23157 35764 72747 
23491 11152 10635 14798 30308 2509 5208 10248 72690 58506 34385 50245 34354 37108 13205 96514 70866 35186 52108 25347 
23015 24536 7628 72705 78670 38961 10607 27168 83630 65797 51903 99066 69857 78390 27989 82585 83922 65938 53198 55891 
40921 8149 16538 75948 65513 39605 73145 90918 24235 28658 33236 88898 89147 82033 26392 37816 28873 63243 65986 36556 
5509 4932 35186 52806 73073 53977 14357 80776 47779 45746 27286 35198 83420 78182 61824 58597 94054 50789 95854 93292 
85628 92514 9212 53908 4396 81018 73606 81817 19826 25504 67370 73712 61848 58291 70269 86953 54335 64506 34813 72709 
78515 3891 65328 97394 90359 60875 96323 24493 16780 26412 75018 87470 14982 25455 42043 82867 15250 62673 45660 49759 
34358 68301 34018 33847 13165 33379 64291 40297 21297 16186 30417 97927 52636 80140 5682 35133 45094 68216 8745 10354 
65648 7265 36961 98588 93672 92971 2449 50016 24429 66341 46269 7774 36566 60986 46077 61183 60927 9733 99904 98139 
2938 24354 95308 55517 75394 63024 83892 20537 51538 27810 26496 96149 24185 34972 43664 96553 88727 36396 6067 27736 
60718 32802 28536 62616 28092 44385 37316 49897 24477 10155 41267 82168 42209 70087 49338 99348 15881 20383 43554 95355 
69706 76488 86338 69093 69231 8828 76451 13377 86469 25950 5512 9911 94509 94858 27644 73916 37652 19584 18466 66129 
14045 13759 59302 44115 99296 20238 26908 11468 75111 93624 19463 18964 77021 71834 39034 66017 60804 90442 80150 35037 
69689 53586 93744 57283 46615 8031 96118 52005 69294 79764 27016 38233 12209 47142 72079 72490 39615 50237 7422 38710 
42500 62422 37566 57033 89100 79694 45996 28180 84248 25067 12270 96309 77719 67194 38956 17627 18456 57710 81024 24086 
73043 7877 34569 30267 16222 79533 4476 21784 18948 14210 94118 56163 71850 37940 46731 38866 6304 52643 85549 99242 
75718 32473 17425 47529 58738 74207 92942 30080 4653 44231 38962 37285 6867 46952 29357 2844 61839 44756 49485 38677 
4617 82653 91472 42525 97037 10391 7776 82384 71072 73563 75550 89605 26906 79303 1561 13471 31941 70458 4016 79948 
24368 41801 22550 5708 99317 33619 80653 89407 21477 7618 89221 10705 53354 27430 30991 22777 53725 3375 11709 74310 
48401 63223 94765 38252 59626 45293 23173 75435 63668 89743 19516 72878 48550 51447 23837 26971 16942 79914 43133 19426 
46060 65366 90636 49763 65652 74324 73827 47082 54268 55617 6521 69288 54942 79925 7114 10959 55293 84482 73454 91546 
45137 2990 3715 13428 97220 49534 18777 47972 67606 18321 2698 78763 5536 58343 96141 60233 21165 2904 23954 72209 
68625 60774 28844 41598 2991 94028 84673 17737 78608 91144 41250 18531 68061 51615 80536 62570 32666 70758 17320 24468 
22059 81593 89203 49129 75693 42688 18494 58047 39277 49165 88611 6153 55864 58992 17211 96244 74389 5836 20064 77528 
4827 22872 61316 9531 53161 6122 69942 61748 68763 97569 36304 27297 20105 72776 44121 90354 31903 93963 90180 55673 
47670 71581 16686 68763 93421 73053 19307 5679 25398 38369 26741 45161 32992 82321 96054 59467 79177 67158 86953 38494 
5762 32763 85803 55876 59802 80891 1203 80024 5260 86296 30517 76292 73471 68617 70902 37283 92153 98886 5175 19381 
34981 70876 4314 29054 10986 50863 97945 7321 70426 48346 80425 13816 67738 18949 81296 63129 9088 38111 75993 47230 
32168 40290 29435 60861 96293 46175 75323 10526 20027 228 87884 61245 30134 1161 51327 87254 22213 59179 81133 80760 
92687 58509 99229 28958 76370 89871 63658 71602 33058 71292 54843 71939 90650 97751 73333 63934 18643 98680 26233 57965 
27690 84610 61020 48503 32884 46045 32207 14219 86712 96275 76290 86786 15887 30469 38641 63076 3026 30777 80193 65794 
48859 95007 41498 94567 30132 86907 76727 4534 65632 80527 97468 60485 17878 83482 19308 76751 46519 21917 5152 92479 
34762 31083 81168 71698 71646 76189 46741 81148 8502 57179 84334 89157 34091 25883 54481 77702 25770 54894 42513 70578 
75062 12913 89984 63019 65418 86721 33868 99527 49993 49974 28535 72841 67968 59028 53993 24475 7178 83268 62313 21488 
71915 67425 63804 25555 44112 73668 92900 78025 77546 52912 65843 40515 65536 32335 59793 56673 86284 8230 48420 33558 
55930 41539 76933 95141 57611 85502 67325 76422 91014 29524 77541 43087 45081 38021 17429 90638 39372 91411 93514 94722 
31299 23848 1816 31565 21902 87943 27968 32292 14190 68089 16668 39444 41563 8053 73511 48404 81795 50407 56072 41618 
44641 14588 43091 58613 47371 41464 54761 53731 56881 67169 53600 3753 95840 83016 82029 78654 69574 91436 58136 52650 
64081 30145 74102 49737 16332 91613 72461 47202 59421 60040 12488 31908 23362 80005 35802 27248 21244 82461 17400 34443 
78210 96565 20732 68621 8953 98747 51874 53420 82286 53636 26913 74342 21842 7466 61833 58984 38071 90583 41708 74383 
60780 472 48369 23559 98722 13742 41799 22331 68702 7974 44863 78484 55119 23818 86191 36974 45565 30890 59316 76096 
97848 73614 99662 69601 37433 44968 49650 88120 3658 19250 71322 13030 17579 6974 17703 47145 27964 64963 80491 34467 
94513 8703 29546 8185 31711 39292 7448 248 1755 93511 15728 78327 59075 54912 74828 27392 62938 12946 59802 97346 
88285 40818 46982 31333 44812 66234 46973 7369 49433 18829 92680 22497 59918 7860 37966 17032 24214 42895 61260 66104 
72248 24176 29924 85831 551 55629 47092 54420 53603 96918 52160 24667 32207 69641 84368 45791 72931 23325 47632 47851 
54109 22023 56080 62111 27019 79202 34585 47146 21636 90958 96247 80405 52436 77455 16879 76326 82296 46482 47352 50195 
27271 14445 23597 8127 30041 95516 28592 2137 10548 45805 22760 97156 80493 906 40593 69265 89301 63243 71899 40352 
33180 8968 7830 97220 82574 41097 28332 43835 71871 62285 68914 89855 24624 90459 79622 36310 51457 4154 28044 15890 
60937 33002 47641 11085 74753 70826 28821 21259 33273 15327 20948 18276 16095 87781 61365 90110 56955 84672 58080 27389 
73410 99229 43559 75813 873 32592 36300 79932 77877 81893 24591 98009 82517 79833 41899 31445 87699 38059 89828 25653 
18855 566 30262 14296 90729 32201 61950 22304 72633 82200 58282 83924 78109 94714 90344 21508 96511 5453 89225 40837 
59727 3108 26429 40186 84025 85792 64261 16708 96582 79429 15508 310 82616 18038 11743 7562 98181 17391 61582 55549 
18783 18545 41332 9491 88610 74725 3395 71388 99081 64477 28861 82074 49240 4473 26868 82639 55844 45438 1478 53941 
4154 79347 85870 14784 94971 52723 57603 33216 42552 13752 48211 96106 8229 67195 41422 20757 27015 99841 23320 85588 
97490 91321 36412 37552 7731 88006 78817 92830 89917 70582 66406 88727 11264 52773 75181 15854 53724 51472 5963 59465 
78410 41352 85600 41604 20027 30057 53429 22639 89834 76177 74567 63455 2979 48409 72151 2789 21035 75743 88234 40168 
49313 66995 52407 76770 77556 28223 95298 17020 42430 40202 40132 40858 45009 55000 48568 62429 86832 59516 77570 20133 
27003 54098 10732 42643 24824 75447 46878 67394 18978 6689 55021 54693 48108 21094 96917 2193 60947 81475 31149 56060 
65534 43384 23058 84501 70095 37147 33401 24400 68972 91205 68340 70204 54358 16209 98889 64006 99209 53790 10199 4304 
62578 96256 30279 95203 10486 52022 39164 31014 26502 86270 53849 94805 59200 53005 27635 46379 82618 67507 87981 70333 
97658 72509 37917 75255 1044 39636 76622 36408 61957 37127 11056 11630 86585 145 83177 28335 59285 60201 62695 31291 
98864 20942 20742 11330 89796 26794 64359 78460 70696 3103 30553 29409 77941 66573 39493 54479 3859 12370 85918 2548 
23144 14794 58985 89511 9745 16383 84174 49692 75500 81748 80752 74539 48872 2910 31330 20882 6319 49399 93969 27633 
10656 10714 36927 85436 39059 73777 56386 83758 1321 96946 14982 20796 85551 11846 35899 42623 24762 5273 62651 7655 
38542 98909 68636 11660 21127 824 21461 51391 40044 33686 75262 74560 54802 55806 67607 48561 79760 17841 68463 86479 
20747 48178 30386 21080 54140 40454 95113 77256 18145 71849 53943 69255 80927 56351 41529 35778 9222 41981 21628 61198 
47247 47177 54848 13493 76786 73441 39008 61536 74483 98107 26957 92895 67681 43024 6270 14614 24588 20658 35240 4924 
96717 14940 82931 86115 55890 87413 38855 70887 58430 94777 69641 87033 99146 29905 75564 45052 62222 17413 32004 95951 
36700 95568 79641 26067 57007 99713 16920 50715 51970 65944 74819 108 54878 90041 50532 15925 65527 3133 5421 39162 
29554 97741 49576 7233 52751 13064 45948 83008 97350 42657 58022 69533 67456 45074 80033 7648 35555 95522 88585 57033 
36324 54244 74835 24085 35051 38796 56751 19650 64031 45179 16918 59731 65879 98818 82479 37838 66315 2124 41863 68371 
49012 55028 2917 56042 25851 47826 46975 74155 95096 65573 17255 86438 47938 7241 78082 59424 82796 32289 13136 65566 
13193 63716 2194 82614 94321 30358 8144 3474 11782 36376 58299 65324 96606 64768 36656 51436 6466 36538 8239 91351 
25499 70693 43095 20347 47778 35988 80323 91872 89883 43117 80942 17292 94305 18734 58591 62401 18820 45669 18642 92422 
42710 50789 4200 91400 28388 50406 27723 21764 41334 70040 21459 16946 12220 24561 66477 70467 47628 92191 83064 18987 
48131 79963 9556 20395 88407 60252 39705 42750 72279 26489 7263 24316 18751 38636 12259 32116 76279 96777 98998 80374 
95381 7502 87355 69665 57849 62972 96316 96532 62775 23650 89013 6168 15546 42705 76293 21680 39903 29346 25338 96701 
98556 89850 93564 91145 93440 19037 24329 62917 55450 8242 61400 98151 24231 69050 67226 38359 61460 72377 40022 11582 
42228 97547 30442 53337 93231 96965 39923 97924 58959 51544 23437 96945 41715 28022 66445 81312 12878 13535 72690 17721 
12843 47352 91613 70037 98539 81222 33198 97507 97697 63146 50091 89781 83220 3523 2416 76413 1105 23116 30791 6425 
72028 13217 56842 20167 67941 39617 73750 30919 42515 92378 9964 26955 61358 56960 22787 47174 82410 44034 68811 46666 
15814 10383 98832 86092 80196 86789 15451 59012 64409 9081 19450 96307 24665 30340 30707 70487 92083 99396 59477 82468 
34390 18950 43151 4822 31209 23863 54977 41423 24438 69413 53650 83253 14112 31190 87998 61117 98527 61020 55633 56754 
63793 39310 94926 63364 29846 38075 22557 34349 26014 10982 20544 43803 28116 47834 48487 52117 6967 50259 16383 8990 
2844 81664 60514 39734 31721 13396 21780 39547 20536 89116 72438 71794 55761 84094 86285 79151 46833 97058 63895 78861 
55962 36121 11174 32754 21904 23633 60854 62202 46557 53227 19986 52507 50608 62357 87928 86740 94036 83352 63382 76358 
89288 5917 90103 6926 97133 4174 42526 41874 40777 9662 74006 22029 28168 42041 66832 30273 1667 57756 30542 15577 
10267 61172 44024 29173 2530 19416 91707 65370 24197 11706 95403 5325 38164 33128 8861 35998 48109 6997 66648 9778 
83714 63820 80089 19472 41787 52327 62294 24488 37549 30324 21945 88469 82603 35683 72642 55627 3163 632 76212 98908 
56925 20424 12497 57463 45177 49681 2776 69974 46772 45218 86291 7652 17189 35513 40896 85209 58379 26768 5370 58038 
54635 83518 74397 28279 55448 55131 95605 24519 96237 96163 98142 31116 72305 65607 28712 50908 19141 67784 96579 63666 
59556 77719 89433 91472 13224 72745 86268 18055 34720 58191 97368 44579 6298 2217 58852 67410 93209 72379 32965 23030 
37115 20657 30016 84371 13222 59391 8841 23768 88842 23975 87782 77685 89688 24188 83188 23990 72557 11219 65816 10796 
31773 36090 45274 88577 97380 48252 94101 25672 91863 36844 67495 38755 78505 46567 74012 93077 27990 91986 84882 89721 
10597 40642 50420 10604 2030 41770 6775 94994 61666 31070 16122 40616 73941 27260 27226 33831 72175 44121 34477 42815 
864 98931 50758 86650 84835 81852 46372 67794 58781 30618 9997 36585 14021 64723 5806 32449 65456 49193 54115 65980 
60112 26161 53169 90987 22292 58420 58388 7034 41388 99460 6234 72689 9398 5762 46518 4221 49452 96248 25640 99417 
76990 56455 89324 96329 9234 63388 50557 28830 14240 8184 1909 19054 71012 22702 91544 57447 33303 94112 99233 73966 
71290 22184 74980 56217 35912 19740 91263 54301 53975 18917 47117 94077 91372 64933 67402 85008 13568 86048 92073 19435 
24368 76714 96040 35488 6607 34781 13222 95695 96342 89640 2077 93330 11827 99346 40031 9917 68526 60994 97286 42142 
14372 60295 23325 58960 40924 93210 57240 25012 17987 32026 76510 25005 11478 97780 29963 48915 34363 98778 92700 50950 
43193 77101 73056 80625 92171 62660 19405 1492 19588 99611 97227 69676 58326 51400 35034 7985 36204 59722 90791 37248 
10828 46732 59417 22137 41098 92637 84046 79496 98151 90784 42126 10532 60680 77764 23647 20962 47378 21135 26512 67928 
33717 85252 15084 52783 64978 85613 86122 91433