91571 75079 86229 82234 8225 25379 20066 82299 48355 45759 96755 53247 6717 35173 79612 7955 98925 80260 68868 49760 
22570 54475 3089 62312 40550 77835 31173 27645 4912 43597 96569 72952 90172 63599 95166 82964 86510 41397 36026 10931 
25624 41329 46418 76884 29100 13337 90940 48046 48397 31629 21045 79258 52915 78828 13345 61430 90790 74547 98341 26637 
59284 82164 94131 41109 73359 99511 88202 41643 40100 72326 61953 86468 40759 86870 82790 83211 54355 23592 58864 92861 
44299 9870 67352 14981 7478 75831 64274 17894 24941 8046 56851 57021 32370 13383 16624 15262 75674 75212 27883 32528 
70620 40371 45806 94584 23450 26435 57444 11423 24465 47599 82251 98046 51470 73440 73860 38367 4610 62355 90965 13568 
41886 83746 23705 89587 93449 58351 90345 24011 70631 85963 62728 25167 87991 50763 81396 92699 54297 8070 25101 88621 
57524 1037 37576 69328 25974 6399 34709 27043 56363 28086 2958 54219 21037 56879 67998 10418 30401 76808 49251 76629 
7182 73032 83824 11054 51672 42384 52285 89875 90248 85449 40665 54693 71078 32965 18769 21706 83943 35436 10882 3007 
72960 58111 14568 72392 99916 56993 3157 44346 96491 25263 55541 54870 99153 93430 98771 57401 67008 88113 82815 21523 
69025 24940 97035 98413 51415 40254 75405 28396 13281 58116 5782 76069 25750 3343 50888 82368 82771 12982 39411 87737 
49908 76616 24545 51819 47411 6860 83628 83883 65165 59864 41216 12166 61467 16605 31736 76220 81144 22560 99029 90599 
45824 10448 79145 37977 7986 51220 41446 61770 60057 69327 92350 54318 46746 40623 85040 56664 63704 2751 49594 44761 
59913 32475 85056 35612 75903 17579 25623 53074 83151 79330 64367 61804 45392 48314 73397 62695 51466 55107 40855 6992 
50695 2882 13889 59910 51081 70221 49115 13474 89404 9286 65960 82684 98855 63156 12692 38847 34777 37211 5622 50357 
63286 31240 75625 19889 10222 65579 29658 73453 16652 37010 50594 71798 28228 68688 3692 90625 71530 19986 41809 25906 
53732 64240 97793 50022 96733 98919 40974 60727 54616 14145 93458 18448 42467 86293 5484 15480 50854 1720 75758 99846 
27793 16398 5603 88004 42811 84161 96893 36924 6658 76985 24205 8949 64740 67831 32490 26240 95783 46096 15901 41332 
98255 89086 66675 13736 76649 43822 30940 32882 58045 86161 82148 53024 92383 20585 35055 93686 91868 66656 40533 59851 
38599 81579 54555 51390 53234 37806 39780 5419 72950 5656 11707 50488 79091 29061 43920 13785 4027 51412 45749 75987 
97450 34264 87223 17885 3458 10359 87943 59548 73113 95925 46321 74418 73346 7134 67213 74004 95542 81758 17972 52844 
49809 46271 25079 69114 13250 47371 31201 26076 77509 53644 7534 28914 53888 31351 41851 47267 88399 49341 59797 82385 
61892 94735 23828 54294 4910 56671 89605 98474 80974 71675 84520 56095 46727 78385 57790 3206 37265 91124 41101 56628 
51365 55924 37165 44234 56294 54914 23302 37925 16219 12934 84224 38877 8709 45249 36095 10617 63990 29254 25691 12032 
82459 24858 93278 72165 17998 30821 18828 61540 22356 19232 37762 99158 66635 77536 14955 89847 11820 95695 30559 32863 
27025 5797 47308 84744 71948 37047 35676 72967 52656 27681 66605 94134 7106 97942 55625 42119 39486 90583 79718 92944 
29875 64101 79164 21946 63759 22379 42624 63869 96267 70892 24689 81099 92988 91948 58577 35969 46420 13081 25710 66200 
12259 89847 92122 49717 1238 62922 66561 66567 20276 20819 98027 87303 25533 8100 47350 75245 56121 11981 88601 16880 
53672 57971 61458 23780 28458 33376 66568 8861 54076 82486 87945 78584 42143 93981 99317 80160 73177 44992 45520 21713 
12917 25901 91459 20043 10436 30271 62471 93771 57790 38799 36902 53039 65713 71901 58138 72956 42454 79135 82262 31316 
14458 23072 33170 74485 38081 76708 97700 98646 83978 82827 17378 11883 34206 10770 71881 14259 21777 81286 36074 73665 
72176 79183 5887 68130 54598 25162 39082 32785 91599 25102 74078 96821 55566 99363 34713 36177 68052 3252 80227 31908 
53312 61531 99932 62623 76297 49549 16451 84152 77292 90811 46042 55408 32259 77943 84062 12565 42306 17723 4620 10786 
99781 26833 3338 43589 90987 16395 33017 39344 19052 83052 98629 17704 46775 41089 28941 36785 87912 10607 96063 80011 
89372 40962 75126 40755 53048 41265 62718 53487 70273 12380 13939 9361 2602 53514 60869 11643 97011 56474 9816 65953 
43402 88831 65911 2144 67471 11390 3140 31645 83712 88284 30030 41481 44681 83022 33292 96510 13871 28195 18225 40093 
48455 50933 4765 72137 85526 97617 17101 25029 74711 38191 98175 7348 448 99352 11866 92306 15547 51007 15493 96377 
48110 44968 62885 65844 20818 60691 43679 24916 34206 88292 45078 89798 78333 42263 2679 56661 57660 90449 48973 41109 
31120 93626 46027 86031 86894 67355 3594 97840 25040 42132 55731 54912 7684 84197 75646 84576 28051 36157 12353 85682 
84548 6101 38590 55877 43115 66882 91586 40186 32731 92512 4669 98033 47997 56945 31682 70244 59901 11173 19022 41342 
9121 35337 36959 51776 95426 42362 21827 1016 74613 11839 64291 71128 26040 21388 25733 75512 34049 93826 73811 505 
80908 57169 31691 4935 45340 33345 43687 34219 75793 45023 61088 30758 93514 21805 66583 89812 32267 92309 73582 79357 
21862 68430 95769 70809 71673 80515 48244 99322 68284 46629 53529 67693 90417 31281 96677 81624 92045 44192 37010 19487 
35003 46447 11453 51854 33959 20170 43925 1764 92208 87279 14290 92130 38651 82504 9062 40564 67965 98801 29078 41729 
56325 46420 85474 75249 89158 13068 14628 76199 65232 47273 94014 6625 26529 35468 73564 60552 59691 3422 99535 40706 
44273 54574 95228 54233 91639 38710 25732 20584 17363 67516 18095 48028 23206 93235 60455 95629 19570 858 94253 59128 
16289 24988 32184 39377 94730 28730 22641 30546 73992 70008 50336 28667 15891 29569 36060 82846 88741 21526 30908 98372 
88505 23146 21094 82284 3598 59667 53547 37350 78720 9920 35743 19603 36872 23313 32737 45731 54320 70133 77620 41221 
69890 3672 58632 99763 57459 52911 65060 27799 7209 98972 96170 55917 51109 10001 5465 69769 4126 60557 84738 37350 
62950 42370 63806 49212 93803 53480 64672 33111 62921 82532 93505 31717 16427 12724 6951 12392 6588 18945 16640 65656 
85713 50681 60371 64377 14833 56386 67461 35877 1789 35026 44861 31013 72530 38631 2255 19642 88277 25289 29709 85743 
47032 74199 26970 33122 95269 74132 52404 93763 23972 76464 65994 29034 41496 63587 75590 60372 52302 3690 24764 61750 
71759 69328 44854 39183 99126 55010 62129 4643 97440 16201 91805 9174 55995 90699 98037 53339 21371 92249 69917 31747 
69366 80668 12799 34854 86751 80218 70587 69770 63947 27296 81560 60726 26940 78127 27693 46327 73269 76749 28304 49951 
15931 93787 11455 74364 69370 8045 22378 29207 65299 24550 88462 31671 24840 57026 10280 72176 59192 57653 60253 67017 
29614 96930 34993 33678 35603 4864 19739 46989 56834 89795 64877 63109 52837 65692 67191 25010 99699 95615 77532 44772 
56983 24613 67471 60870 42062 70261 32466 29397 62719 87349 5184 76726 34596 39697 38022 72134 39907 29243 82589 67298 
19845 66304 65112 83862 4260 58631 95347 95319 67822 60783 93654 11598 4611 11666 66244 44703 52940 53916 75945 67567 
35765 28241 92889 51252 38961 83001 54983 26800 76847 29013 50422 60005 48813 46698 22765 4020 19129 44005 14399 80144 
518 36363 72960 9582 59744 8683 37440 1633 39508 18112 59370 92616 29721 62882 47383 90528 40416 97534 505 10396 
62258 5406 83944 96292 68985 43709 21037 30063 67588 97779 67587 99473 16806 98457 74148 22400 94949 44883 54016 40637 
69785 58306 46598 27617 39400 12939 44342 48744 7446 33626 68515 41538 77252 68515 96339 41983 92892 61672 69830 92601 
73038 6979 41842 80075 55686 43192 63325 71300 52009 75463 49376 97681 90263 15279 81059 70504 94891 34265 5933 23747 
46417 57675 68945 60764 55532 51106 44522 22282 9764 83901 9348 63368 62871 94362 61952 20618 95146 77796 27316 48740 
18746 54869 50525 61486 8720 73971 16791 87004 91955 30883 14687 41517 58068 33231 70632 1090 73140 9338 81532 68287 
39081 99651 24182 29940 82844 5794 63643 71351 90894 46200 69563 80368 22490 65128 86613 49226 63231 89176 85068 53831 
46000 32449 66612 39460 8858 61729 87116 90265 76914 49306 12038 89863 38459 26117 12843 4938 27531 75361 55380 10719 
49810 85067 14479 40760 16957 81624 79607 95858 38447 74443 87253 99276 22423 58038 59437 44796 13439 94838 92986 96682 
39714 29610 82049 54638 10891 83522 3015 3824 99215 17978 32124 98727 66174 60444 10504 48811 47941 85684 99497 82523 
59826 69150 42367 31860 28344 43401 68804 59994 18486 82102 58786 47444 40892 76282 47371 95972 66334 86947 62702 95014 
45010 37555 29109 27228 90005 59175 76815 76444 98940 87647 72057 16406 70344 41804 14812 39449 32028 38451 70436 86364 
89411 25419 92107 33552 51785 49387 65406 24433 98719 80398 78799 69884 22443 46572 76280 73932 20353 77029 62212 26100 
42550 83259 5047 9227 47328 71532 21143 27720 27602 57358 15050 14262 82348 71425 86377 5929 68190 46331 14402 68250 
39062 14580 34198 31178 54126 55118 57525 61587 71139 10294 47682 59385 69188 36650 15677 61104 42211 30578 52212 93880 
92246 88004 60119 13620 19010 59400 32789 55986 37001 70321 60377 6401 72689 88630 1009 95672 75665 20050 30140 74786 
94539 54947 71985 91867 24189 42715 49543 26959 44311 69339 90464 47999 15634 64913 30022 4566 73779 80134 93850 60043 
54165 22045 27151 17202 62121 86868 94471 20866 83540 87956 76039 6322 82161 98410 3533 55137 95271 53904 68232 90916 
94505 99789 2148 45240 30113 1541 46528 90546 25842 6398 18316 75700 18974 94348 27541 57360 93650 79508 69947 86389 
27525 36053 75369 58533 7658 43252 21824 35889 84034 2506 60996 71922 85086 46232 51661 8758 2259 61698 60709 47189 
34435 34375 9931 96836 86650 52282 8522 80860 78257 69698 91487 50724 89592 69081 49712 14640 98447 85641 31673 30942 
89996 46908 52054 75196 47344 32279 39478 93482 41257 63364 82142 60197 92601 29299 18416 52299 74635 43128 71031 15297 
67973 77546 54332 60044 45185 16736 14194 2906 48859 28341 24833 81903 5625 99862 94138 50550 11862 35137 86571 18833 
25619 75559 44756 94627 4057 35975 57308 60621 18484 51345 79394 61939 34835 8316 8553 97156 86637 19697 61361 39042 
62400 56737 63553 60991 21296 58994 84620 69581 45657 11341 96349 7118 60201 82826 59109 37540 27723 58294 81878 4062 
70613 59136 42779 55836 30068 71087 20552 42093 1990 45769 56575 15344 97619 76346 71070 25628 54715 92374 27459 36695 
83768 78942 57829 36930 32431 77974 90426 9884 67074 22740 93891 20874 94707 68050 51066 985 68043 5919 97856 13289 
29445 67657 49090 19393 5246 2494 22316 72888 28103 99348 55540 56824 67272 84602 91144 91360 91002 704 17856 27383 
2817 89173 30803 6004 5606 7488 96214 87269 14794 99325 92222 58207 45471 19554 10733 42958 71573 22359 52427 76185 
94199 31665 63626 72191 35304 38025 36882 96877 39870 42321 368 17183 62142 96901 33098 16552 4861 9467 69780 58097 
76983 70408 76911 70621 47671 31454 12000 28282 47854 9158 76321 84004 23486 35957 50395 31424 99154 44771 82531 81355 
81682 31539 45588 96988 63885 79760 6930 45227 99580 81158 97250 273 71060 69659 13119 35646 25232 88351 77067 61535 
53367 95232 42183 25212 64603 80847 33263 5988 19063 55089 86684 22772 84745 48555 47459 20817 62452 19106 54038 79427 
65635 78900 26778 6285 14613 99727 68854 77056 72815 7603 16647 54957 51006 62062 17756 41198 28135 21505 20988 71549 
90060 13759 40351 79235 2050 36298 91629 14217 35048 14501 45663 12239 42870 71725 36035 58829 65317 24494 24360 16255 
5515 14238 83246 78768 93921 13532 37485 32846 19248 32748 50801 52767 81798 72036 72102 85322 51675 61690 40523 62606 
27223 92311 77218 12095 17716 3756 23040 3849 41621 84045 19113 25295 79433 85716 9475 41337 98612 76983 58127 63912 
55891 44365 91576 92577 82211 54508 57719 54099 22260 74072 86144 51244 39121 21127 53475 49571 19089 70455 52927 91887 
39735 89675 96243 37615 10703 56804 44421 56949 59495 14469 45645 52275 35817 31506 654 987 62568 36754 46732 58939 
4659 78436 82563 9661 75264 24676 81468 91102 90837 7226 72601 21432 86278 35662 77641 55447 5361 42616 5675 61821 
43849 48345 64921 90630 64839 45135 8896 87930 32860 61841 90830 21010 59537 78864 35264 5085 18948 66322 2167 63317 
31393 81007 59594 15366 8952 50644 36510 14946 82443 86542 69856 20333 52566 21384 57706 84629 82601 97532 10675 13452 
15986 75432 32224 11781 73305 50245 29745 42929 45825 68889 72919 86904 80407 91589 36203 83313 18533 46629 60160 83191 
24009 75030 30098 76901 58683 73842 88171 15233 63057 50035 68624 62403 14874 91911 50831 50331 39139 42376 57410 91955 
37756 3469 86050 89350 72567 51596 58258 81873 35852 15871 53284 15528 67104 39447 2908 22399 14326 14620 90173 72446 
36813 31495 20722 31234 11883 95210 25319 42631 12862 61036 67236 62562 11499 91809 59963 51993 30159 89665 80049 36413 
27473 63211 37137 93479 9153 434 26323 95370 73263 85027 66038 13241 77312 69830 45176 6692 7221 21958 88201 50851 
45207 35364 87773 25851 20709 75072 47283 11605 6725 32273 80397 58133 62020 13228 7891 22992 6604 99339 20922 97776 
79254 5760 78799 99135 44096 94726 11551 16188 67910 49762 94776 77674 10680 32633 1882 34504 48425 71831 88533 44988 
18146 19652 16190 73986 64330 50255 12634 51086 62662 34319 79967 45539 21315 89541 31158 11867 3384 50833 76214 34849 
88809 86501 77878 72380 15423 34985 80937 8779 24176 53749 66763 83736 43528 75997 50552 16664 63297 35813 8885 42827 
81300 21360 8913 95804 43919 26097 37920 62217 43569 82110 66643 61623 4624 21723 70800 38464 77323 68788 17834 13475 
80276 21350 61633 74196 19157 40711 5849 35703 51027 69779 82194 38884 48201 84294 69709 44187 97147 94970 60790 47343 
30187 67092 72228 41206 35708 6004 86036 84750 71643 1592 46446 86508 70546 24439 17932 29778 67054 51346 18297 9077 
35672 4624 20303 97761 80588 7561 12281 28337 79599 72404 60988 41700 7119 71400 96967 17200 47016 95015 59585 94136 
84114 94324 24656 20641 90416 80001 70491 41922 70499 76705 17412 62437 29929 65557 31911 96866 87877 44951 35165 74517 
7779 9113 65549 63448 59008 53780 69956 68915 8260 91983 86298 84531 45642 48034 60784 72487 48580 10402 26583 21249 
89802 50335 42263 26666 8878 48087 86779 88695 3847 99319 19842 72220 94340 99528 24465 31373 22500 13727 69105 41567 
86336 57486 88172 25244 60994 78934 8821 48993 23937 43860 91252 56939 92455 92009 98667 40912 3473 86277 444 80634 
2677 74377 96825 34880 61040 81452 57170 2537 72199 92649 24360 22307 17209 93283 68464 32086 92140 25801 17929 34693 
41487 8245 96193 84551 47864 32208 26228 91315 25550 20155 99844 59006 99959 59650 58498 34686 25357 83764 54658 73475 
1525 3126 74591 85299 10084 28678 52683 55755 13842 20890 61607 58616 55246 62814 63314 96412 85159 95029 17187 38263 
15005 12075 98313 82823 26724 9226 41533 12616 59644 47980 30498 10809 70020 76503 66169 31306 17546 45741 50600 75891 
69980 36277 23731 50639 60981 96316 58372 9149 15583 24520 47718 22823 34597 97452 2817 37870 72362 83247 69534 86933 
96971 465 65317 48037 67300 35957 40421 61133 24506 80073 42972 10146 18211 1937 99496 26645 83364 3461 41455 25101 
17964 82928 74525 91261 57325 22268 76640 71367 78801 94057 475 36899 36473 76799 51472 71287 46068 39216 27558 54430 
67907 49565 29719 45020 24067 23631 66686 25299 65993 52120 80594 86073 29205 627 14312 85256 90578 41932 50376 73478 
76627 36833 36980 74083 6260 78057 55551 25161 20465 60219 15998 20181 13054 45242 59767 89965 16424 50773 23164 97965 
19729 64087 16121 26203 43925 27535 28989 47603 71127 28622 74927 79835 48125 54450 52263 10617 52780 8828 18890 15820 
68693 37820 79471 39082 31150 50074 14086 7169 21980 17150 92087 1552 79131 89194 23386 60650 32617 33589 20714 98828 
53822 42593 71482 18308 32253 11152 30212 17667 60786 20205 75905 98925 81857 3879 14736 80205 14314 71193 70402 37664 
55879 31638 82450 79725 76764 17341 37080 51642 58078 62024 16574 48405 87248 98515 36980 76782 56534 84389 32007 80840 
26725 72309 59142 64818 11855 51428 88387 31293 51369 97467 42819 3093 31784 17394 79548 36160 25611 46041 65664 37314 
59050 56053 936 92994 69578 33571 8735 31265 86541 5889 76879 56683 22285 90933 11278 70748 3316 20058 69912 43780 
89821 73079 57054 92948 3752 25416 28593 85309 97625 96747 51313 21818 94315 87045 77871 62750 4887 57126 24979 14136 
13164 34379 3317 39600 51804 65465 70363 32503 16321 83545 98204 40134 99033 7347 97970 49198 62768 96575 48238 65637 
53838 40618 19964 79520 80944 34372 16457 87252 12701 29105 63696 96647 84434 88403 87897 29848 99832 43524 51128 38733 
3611 81666 20837 46792 68286 89673 92696 76824 29867 11479 10299 22106 2813 94808 68628 44819 14753 88487 50516 76914 
51466 17335 55627 25023 10334 8175 11942 25446 18645 53405 96942 11208 92053 65119 80275 5510 92560 51586 30862 89579 
25651 51006 65488 99839 18906 28179 37570 18672 87519 70451 88180 72699 84411 86211 78191 30404 76959 20597 72335 12537 
48964 74544 79132 1248 96857 71150 61973 94213 44501 96122 93450 3377 90316 55519 94892 93528 26677 77987 71075 33772 
86392 61220 231 97838 56709 13000 69651 30193 58011 30681 51028 6628 26695 95350 80428 69903 72657 1415 59851 42352 
47595 39055 18748 5359 66583 21711 58769 45875 72096 11198 16993 22956 76601 33904 42638 2194 90679 46373 62027 92381 
70851 51354 69141 92293 98541 46015 36647 1704 99955 81868 84534 77503 19435 90512 14767 32747 79236 60316 95454 28727 
19445 45482 71816 46272 90699 47076 95672 73434 67943 84287 61210 29112 21640 75766 8015 251 74931 83484 89457 93910 
21903 33120 83727 66455 94452 24098 84400 24774 20603 15783 55384 94965 13285 17437 67149 50837 52409 30201 99398 65174 
43110 40182 32343 88437 92420 61015 6596 47717 16175 8344 56941 87569 89495 1102 7991 17129 78922 62054 59219 13977 
67867 84654 36557 53537 39161 10497 90847 70654 69177 14020 32717 64973 17446 55511 81102 75301 65970 92209 98819 86544 
18110 1273 4368 90177 8398 73856 77770 94105 20647 69663 46024 98807 41522 82420 1187 63949 73707 65292 71278 99666 
97159 28704 48335 81935 6249 49246 56325 24643 95229 71415 27309 19856 79654 40106 21912 37536 91586 18170 52771 73233 
51360 84386 17234 44737 87418 87346 23358 2580 22639 76629 47562 93890 37083 25225 2582 22824 6650 27216 94640 11991 
10486 97817 21457 48233 99438 71668 13429 47214 81011 29330 96957 47695 30302 73375 43600 18011 21678 41031 4403 64542 
99448 97300 67720 55051 13420 61894 30304 87810 18677 41904 24247 91804 30697 10589 40920 60006 86938 4671 27405 89459 
83322 25041 65013 8359 95757 14849 30328 45260 88338 90721 41016 45636 11092 28487 5392 35039 62691 62806 36334 79060 
18057 71619 53770 75938 90841 87763 83497 26775 40517 43894 66361 57974 12460 65946 13994 26884 20371 48281 57702 32718 
66381 26186 25868 75933 40940 79187 34057 43598 40287 19711 96816 55923 82273 52754 98932 37247 59909 29542 93664 5220 
31708 69770 84500 85118 24566 69019 58185 64431 87902 94530 754 73493 2966 93561 27921 30844 49563 12213 6323 92933 
36446 52324 52774 2976 54879 31420 13001 4604 10164 73266 24594 6288 15968 34917 90787 21738 30179 23203 24787 18336 
57654 33922 66927 945 58242 33323 2634 45117 18864 24020 12458 40322 99861 33785 35259 77238 27873 89892 55090 93925 
30949 71086 52163 8510 84894 81727 2431 18379 3985 97924 93270 7869 15145 78620 37125 81434 87200 52190 81861 17806 
19291 95011 35748 72877 43487 17616 85353 62615 21866 46347 70436 33232 66793 45369 26329 38696 36642 12105 39018 699 
66636 2531 81622 35788 86111 67728 35630 39686 49220 83924 69297 66246 42106 87129 60120 38994 71465 75907 19233 915 
11278 29429 62484 96766 10939 44652 90600 58925 12171 18720 34446 21918 53231 92555 54085 51135 96281 91893 6014 99192 
38567 62332 53453 14053 19536 52400 74600 54559 1714 63341 47660 76157 33858 58699 12163 95289 25798 31223 63226 96577 
95762 27955 59937 66416 83462 21646 54072 50017 10609 65004 26783 3910 31695 40129 63991 98561 31708 59167 43520 14989 
7043 59860 29645 69803 34349 80783 67219 40243 80979 26216 70378 67174 86580 44806 53985 73416 48399 80783 69422 15453 
29135 27981 22150 33275 31165 22591 56451 77058 79730 83194 46594 98535 41052 33933 4901 1907 27703 70976 87000 74968 
91285 15908 46283 91567 80609 82534 76863 47035 90686 34463 44575 8683 35335 48371 34281 68935 99422 36217 29495 90306 
7738 27339 98220 91507 9505 73597 11776 94487 9916 77063 95124 4094 99261 50724 7075 54630 26236 94257 45102 62070 
28341 28064 5968 96926 92850 719 68929 33051 16125 9563 81393 70923 37167 54788 63619 7386 10426 65066 70481 96445 
39719 44687 68488 65684 82045 29810 67260 96127 63238 40597 17488 56149 28908 81335 4771 73040 78619 69707 26883 16170 
49695 2571 1629 27756 30853 77813 51586 33499 81819 36502 13987 92909 27448 93184 64133 90658 40592 56574 67716 56559 
48910 7975 71908 77183 81135 80005 24153 22513 77863 71898 57516 47076 63283 34583 99162 59038 53286 97918 66243 28092 
98987 62826 46386 468 10871 89062 36373 40184 61903 25871 59803 17368 18899 38601 71524 60233 79180 88741 68683 44514 
42435 21977 11608 8748 13216 1286 3613 28040 47209 36726 13678 80201 22960 49172 13702 8988 97744 80817 29616 43849 
14930 84782 84899 69160 5608 35454 86599 5758 28690 48743 88673 9405 81446 71523 40628 4548 3604 87748 67903 94474 
22449 45215 89322 68614 1126 86258 75208 25422 70979 80083 83173 40121 32975 35881 63962 76877 72183 5942 89546 25108 
65400 74956 40585 19021 96142 78787 22243 84006 73862 94706 3375 94907 34149 65861 58024 72753 32449 46558 87198 21147 
63163 6725 16986 68904 51479 78906 82542 21714 39277 40091 56943 38697 19959 10954 93249 3402 93128 34918 78371 43169 
15424 25749 43320 5893 21919 84004 30977 93522 82273 30668 25087 59568 88455 28974 37603 90739 34931 54469 56226 39967 
73494 92195 71729 14469 46586 45619 7963 58120 28375 26425 86861 98033 32255 49931 1177 91329 27519 72560 30105 42161 
2165 14038 17976 16370 49059 5322 11590 44610 34827 53122 58931 89929 87302 45712 67572 12960 60115 25317 26586 93713 
59139 75806 7449 46022 73604 36119 67987 81207 24769 98991 27562 71677 10207 68223 10654 36996 96467 70151 77892 45878 
58471 88650 18163 50937 73668 57260 11259 5256 61223 79178 46988 50060 72741 83205 87860 35757 67484 62802 69313 39835 
49734 25624 34878 54536 62838 22961 21995 5467 67274 85915 8926 74129 71437 61055 32679 63953 73903 97333 40726 62329 
45708 75084 17357 95905 74575 5805 13754 527 91207 91362 85766 98053 56598 58755 78074 40765 27592 37982 33406 10000 
87246 49920 37594 22876 48710 35082 48857 69070 58490 91863 51982 92924 64108 91371 93526 22890 28622 51723 9261 75711 
80453 82625 19512 1859 27746 45009 62867 8398 82604 66937 11474 17352 60825 29833 22142 28320 56874 57122 43380 30637 
41118 76589 6456 77176 89723 78807 17761 84307 92411 14248 8307 17713 75400 33413 37866 87230 53004 62570 85410 61721 
41344 4106 9381 24832 69329 18565 12167 76052 25406 87660 91587 48450 67881 38793 35940 24424 63948 27413 79693 1385 
44918 55804 14353 55555 78434 78102 87209 71328 54818 10980 60071 32738 82406 25846 40335 4956 14143 77455 3774 16788 
59899 85581 4312 45678 61413 69232 54463 86317 98687 88345 17419 43879 95443 80944 17454 57465 75866 72350 97480 83398 
58260 33631 65794 52170 50589 39154 78459 14291 82094 63612 82396 3128 6555 32371 74740 91571 21064 68831 56898 48038 
42604 19737 84650 75583 20629 23854 88864 92278 46896 6629 43510 85092 15221 25338 60806 66719 3471 98013 23448 97552 
42328 94247 19553 35326 9919 45997 20697 49575 61924 36002 48858 99169 17942 6324 71508 98483 98561 62728 16859 43676 
96138 74970 21271 81772 3003 86095 18511 34120 15815 40333 63114 4568 57125 8646 41185 11984 8400 34678 20883 73721 
20751 35689 38963 28750 10300 86922 91375 75317 81861 46019 11861 43585 51659 86967 83589 23262 12311 35565 13041 40125 
15967 81818 50992 26879 81160 15830 52532 5874 36510 64692 449 57380 30326 24686 35441 67382 64198 80026 7908 15567 
16567 86013 63647 58408 97446 21543 1623 57738 71822 22438 79892 85007 7053 92582 70979 11963 1659 77676 72415 93368 
13594 43725 32247 27676 82440 93893 7716 2211 93774 46862 30718 34630 26972 37320 54366 7888 57903 99621 96703 37246 
13451 67576 28845 46329 93215 14610 14426 70131 7447 18160 21455 19846 63612 42598 27869 30093 97130 58595 63198 60700 
1880 47314 10776 92499 46228 4861 37142 61168 43748 12013 516 41147 36382 45063 13266 81257 41939 53724 22513 83424 
31485 62856 84477 97003 88818 83844 17399 85695 94038 22631 89056 59023 73877 60266 31440 32605 85971 1552 56988 41125 
74277 14944 47845 83780 60476 67479 67773 40345 13609 61064 642 34114 24913 82804 89022 33511 80135 55183 43304 60283 
70016 68846 47014 81413 44598 23782 72258 81457 78657 84181 39922 78943 47538 29472 46344 31809 91927 60392 53600 18249 
89324 75608 35953 73049 31549 44285 44565 97573 59683 89852 45640 22253 3197 74731 22280 32401 2204 74915 8822 53653 
7620 25505 21794 28268 51685 62443 78856 43613 43087 65405 56226 56359 41575 31864 75980 4975 64316 60375 24814 53280 
13934 34001 34448 85432 87659 38271 71565 73918 38239 58043 82794 4233 98974 15848 45297 18733 45957 53108 71919 77915 
97140 59389 93322 44523 51910 42076 72595 89365 60384 88821 32428 74940 62044 56599 4768 51474 8032 7243 41326 73112 
85877 62415 45797 59429 49918 25257 72349 66455 23274 16913 58975 13587 67370 37489 74961 36875 60570 54462 35805 36494 
62601 91260 71611 13478 36120 84230 98404 4648 33847 40442 9459 70253 93517 98647 450 59536 5427 8641 29449 37374 
28991 77120 7157 49573 28254 1439 9351 15441 87466 61628 52827 78570 3976 27914 54439 38185 94073 78400 44 38780 
37715 74982 32417 57346 21771 69201 12652 28899 49597 20175 38834 5404 9956 96222 79220 32065 11578 11658 49978 19155 
9472 22843 81797 71332 69762 27086 74616 44026 28292 35130 77538 87885 22388 1179 56223 79442 62329 91325 47960 82346 
91453 8493 60865 49938 8856 92570 59046 34841 39141 90735 39571 34137 98200 36483 83806 13759 35624 74042 28439 61258 
87793 18794 80861 15924 98620 65243 19428 81880 47605 60027 3581 37002 81517 10293 60043 12942 88870 67669 47510 50780 
47469 98524 6337 46761 73637 75028 53912 71283 72554 79926 54507 27991 28795 39978 25673 96775 31451 44324 68657 66732 
77045 17439 88792 68822 82394 84291 41828 54986 3614 99560 11061 30870 70840 2110 5728 84956 96543 97194 55272 87531 
90030 53969 31502 89406 19195 43243 95143 50694 75141 11557 79580 24772 23346 48747 14445 39277 83597 70537 15685 46501 
32602 28157 38470 42666 5445 17383 41429 60115 1055 84790 25280 93949 32446 90944 94717 76006 58007 17173 1996 62761 
79117 73464 79602 71406 82295 71008 55275 42410 72997 65743 39807 98412 26784 47130 61181 24936 80566 50694 83174 18971 
25607 29751 11789 29677 65106 69745 37603 5916 97382 57798 33633 55195 93449 59502 22065 36395 62077 86380 59098 57267 
22951 21357 56850 11909 33083 39031 70950 53489 13494 82557 85534 76963 62330 72853 40907 32347 13464 59382 80779 52739 
82205 97345 17024 65988 42729 21827 91733 6240 56650 3883 42285 9828 22182 60263 46556 43253 64223 63050 25435 38413 
82334 89266 17011 42860 66928 41292 55303 68705 40640 38713 36909 67019 16632 35062 80155 35343 66871 11535 21350 82525 
42494 74273 53886 91622 38428 40565 45053 52498 34072 39943 75434 43367 55592 46989 54879 3151 73574 2744 57139 20062 
53834 77509 7831 82396 21235 82074 46730 55377 52049 54241 1670 82060 37680 58220 17755 96087 83792 11053 43197 2452 
5682 49140 7005 76713 69217 19859 49894 11157 18962 91328 72811 45405 86835 23415 91049 91458 17078 21772 62639 57192 
28557 99548 91674 63845 8682 18475 2893 41196 89133 16358 40742 79411 37440 63472 2650 4707 30860 46632 70239 82001 
49646 36553 22317 39763 24914 44607 26700 68452 29994 46426 33949 34256 99255 34621 22257 86975 12537 94047 47445 69391 
18973 55951 52583 39755 31046 55631 82162 44785 12018 84387 66644 21871 11573 66802 7832 16320 51890 13556 7840 61695 
54379 9321 94041 89681 56649 71655 62300 54914 51530 949 37871 85074 17192 28064 8651 40500 15436 55734 11203 86126 
91750 99485 89771 47045 71613 51004 36465 48574 44802 19532 55528 43715 12840 4421 95762 73706 30581 72495 51231 68985 
36275 14989 12203 69420 47146 30066 70681 95725 46013 45406 13931 63360 99139 82973 42263 1996 13005 55278 94827 36232 
12496 38302 54611 44569 77991 58954 94887 2054 27158 36272 96585 16923 1761 2847 85876 81440 11271 92435 26521 30411 
75022 73392 93778 54940 72115 56708 96534 53786 33245 21686 87371 79855 57472 52304 46079 83327 87461 80474 20771 18398 
84799 97242 38064 94991 91352 51281 12504 1144 13815 31374 28289 57562 75075 99438 79998 39876 15027 71326 68955 72048 
29367 13251 48263 6192 19459 92808 88354 64028 72378 16851 89624 37696 32399 15206 73972 16450 93744 55509 40282 94174 
3035 61991 83715 55347 12085 8389 95868 87394 69960 81455 13711 25700 26093 21528 54846 61831 53131 81236 2110 61559 
65586 81603 29310 55380 53756 46565 56772 64486 12680 5701 68110 69840 72630 40966 40026 29684 41769 87777 41789 56257 
75927 10157 83910 62653 64436 35215 79431 73620 41462 30300 86654 61125 88106 94762 46779 66980 40608 7953 13183 34087 
76131 46136 83863 84979 75234 42843 21024 74249 58173 29533 48720 2676 68776 82369 47570 30563 44022 87414 77895 50457 
89309 57783 38938 95901 74907 86482 80067 75345 3256 60947 6446 64449 2573 29849 53696 30344 97761 95372 83654 83321 
65775 92593 19563 33091 77229 31462 13935 34525 77183 26096 16602 62721 66112 33172 35895 13929 54570 67479 71179 32630 
94152 13701 87914 38624 68928 62043 28708 84547 24460 97168 11678 18992 65786 51790 56972 57275 13542 12639 33768 81883 
61548 11917 920 16966 17948 26067 57233 83641 70874 62212 47902 23811 75562 41041 39499 73674 62533 25512 29595 66635 
34868 27031 44940 47317 76875 48077 65629 8062 71176 67724 74766 15277 86141 14889 52925 67848 39581 73974 93269 52962 
66526 8902 23885 68873 51542 24102 43284 88945 7832 78726 21701 77945 27288 54282 80934 28820 10549 8956 512 23562 
27944 56324 73567 84137 31635 51877 88085 63124 2376 3158 71506 17476 76217 46636 48083 55654 6131 84078 17629 89189 
52752 27680 46338 96517 79789 65098 38934 50988 91827 21530 57028 85133 96619 38411 33303 26126 93237 96003 22019 77186 
96133 79772 79111 60881 52251 82783 21161 77886 30213 43762 91316 52771 5430 46067 2045 6863 96289 84652 93819 90768 
58902 2733 77551 4360 43190 61093 365 78779 32947 78171 60148 88554 10690 51856 4129 64051 88624 71849 85622 17367 
5909 74954 46803 86027 3692 88315 6482 57947 38849 58299 61573 8182 97237 19562 64632 54926 87790 48098 24530 22838 
70549 36157 28264 10668 93626 86399 48262 97273 4643 98997 47665 69167 28317 98003 85427 39648 88795 45320 62168 48270 
1594 1607 5809 5177 1345 19968 99740 2182 48925 93472 47000 31426 36558 53209 15579 50564 1642 81192 69244 72823 
24384 39771 7987 8338 46978 2423 2140 47763 82332 63480 243 58284 62988 33781 55519 29050 8829 51578 39089 12826 
35159 4046 71800 53526 66530 22470 29132 36927 98476 60859 10877 88981 4815 59724 24324 91416 60756 60097 57864 37292 
56554 71188 76781 12525 47146 31231 32973 30250 75579 39771 31112 91846 53147 75714 16402 73736 22109 73965 1093 24731 
62591 61171 84396 36993 32806 28055 61183 69847 89412 19098 69632 73473 72640 17334 74064 64735 50025 61933 17202 48670 
34098 18367 73178 48271 63118 94108 45701 8938 86029 76092 7433 17952 14426 59705 99663 99470 73412 46816 3930 78647 
39025 79249 14421 26973 71927 92927 67908 88339 85511 93850 20246 56918 68652 17058 819 72100 88540 12566 82599 8204 
99960 67078 99057 33639 39956 5660 74660 9120 97911 69783 38330 50470 46713 50899 88628 50217 10751 40354 97326 11660 
74652 32832 69399 94257 62663 4066 43184 93941 35396 86695 42392 22213 62815 17899 60388 81468 49895 71664 70461 1543 
87464 61228 56616 13154 76161 38911 78603 26601 99567 80997 27203 85452 87389 56314 4838 57517 22494 96411 21843 80192 
79135 32271 54631 67649 71913 89933 91290 38550 56948 56044 77536 3998 81318 17417 77701 53126 70706 39445 38132 91089 
34352 46576 24182 84281 8313 54766 48049 69214 86963 36270 67134 59615 36880 91079 60079 85469 86773 75392 54260 10165 
2183 7097 76231 39966 49315 30607 20882 89234 32885 88899 52646 85885 94474 99258 14683 99810 25348 82409 80386 91751 
15851 2351 13083 98937 77737 20069 57331 91530 60101 81188 17997 74881 75110 57375 40335 96662 81991 15768 28905 7219 
72409 20426 72541 38786 97628 60742 42665 57058 93762 61770 70712 54048 48054 57779 25947 47666 61420 61494 84085 48042 
56210 82085 6696 31683 31564 82584 50027 21796 34559 4161 9298 58539 80597 37402 57565 11819 56444 523 9515 46898 
74414 51427 26650 51231 14380 22125 84378 42804 63664 65944 77641 27389 47493 30773 45700 50619 94440 97463 45294 32008 
72382 97023 60282 19812 24540 7942 14679 86049 16528 22277 2816 8499 20371 40622 16644 32375 98254 17795 90585 71916 
51693 15472 56586 23731 60492 26358 96791 65887 917 95389 69621 99219 32497 53503 66265 76195 16430 38535 87422 19273 
50069 36368 66797 74091 64720 93592 56073 7401 59324 64886 89672 82595 49087 29207 89951 76091 13519 61508 81592 23750 
70364 78895 86743 64756 89259 60449 91384 5812 40431 17437 60460 10322 39149 27870 50800 66276 67608 47728 37211 47260 
18459 26061 87769 1608 77661 79904 92775 82286 90385 6282 29814 70282 32216 85207 25493 53141 60372 49915 15671 12460 
43855 64130 4807 1038 3751 86381 37258 22457 64490 37101 50210 24988 21734 24251 7912 11306 59169 17336 82197 24334 
56975 30180 26484 83065 34084 83 89474 27112 14423 85043 44930 70237 69791 70269 51692 36146 8601 17844 47682 28761 
62733 53727 7481 98755 98407 86014 69081 49179 96648 91769 8636 3832 38301 12170 27063 29245 1597 4508 27406 31460 
97084 44974 1050 43404 70124 632 53167 9512 60789 9924 28166 59336 50294 50288 61716 41007 62674 57719 76000 26858 
4700 19470 50117 20988 49252 78080 66329 56676 75849 34025 57444 99817 83142 91616 86041 56004 70882 96415 38787 3514 
15786 74167 48109 14284 28404 91465 65122 4368 9418 20444 96906 34442 14196 13104 41241 85363 64084 61181 48632 46623 
26931 49195 27826 52880 6782 5859 88670 82785 80137 49379 94225 6527 33825 68656 56728 84705 31987 8890 19699 60614 
29389 18129 762 53393 44630 16329 30090 5480 50496 76645 83209 37391 9862 16082 82787 21765 71603 10879 78310 70761 
37373 94473 46831 72223 6831 24434 1478 16364 22772 31683 20036 89861 67056 70957 20267 89974 72619 62832 45435 77548 
53289 35302 38698 25605 45286 84380 10893 62785 87575 37935 52252 52512 64974 43707 51396 16550 62675 74148 66433 54402 
45796 80160 615 29367 22257 12862 36482 30737 16752 6978 123 74773 45236 57775 15769 46665 91264 40356 76907 94751 
74263 65757 70220 3594 15083 30250 93723 34793 2164 73577 34749 32744 7296 37735 99996 21237 59303 54713 40556 94209 
83374 24977 96521 11446 76230 11833 28074 57198 18105 19611 84760 81618 28815 2448 82806 32131 64673 4662 80920 80649 
37690 76715 98056 95852 69905 96874 40363 84514 22042 55522 90127 66792 66535 38962 68131 69800 27459 66215 63478 39746 
71678 5515 99714 10693 60215 43584 93172 82942 84259 14368 814 27560 37656 25452 49482 27362 53148 34534 64410 86192 
91606 97591 94101 83564 57577 49413 93695 77275 63873 43318 64496 17701 39756 76602 25983 78366 53075 8026 77474 76464 
65676 89204 43739 78600 26490 33256 26219 86713 99937 48184 22784 33990 63583 80562 29957 82426 46717 14849 66182 35705 
91667 47919 91617 41163 85109 15288 19186 98342 43795 36474 52020 62216 96546 31929 42131 47725 39119 7806 22254 28305 
77937 7831 32348 8496 70497 95054 287 3142 82943 28994 66852 71334 62752 32593 92347 50448 757 73807 16439 39159 
91037 8155 45237 31392 36863 66124 96851 89594 90594 40650 99318 88218 57795 46887 60671 14450 31963 26063 97509 8433 
4189 29109 21170 15015 49036 17426 77492 43127 37192 44516 12139 73328 72040 31127 8116 95320 99219 26870 48274 35963 
5405 38440 70620 7382 85811 66433 40879 49665 28412 76398 10436 63425 23208 31382 86761 54556 1507 43810 3161 96978 
38280 84806 43149 58361 57167 12893 26853 82589 33746 81864 96279 83262 56719 69889 18023 44039 36065 64843 4490 39176 
2496 30747 9451 37165 21542 19219 17977 76796 63046 31228 73485 45146 70865 32910 90085 75517 2032 18104 49622 4670 
78890 87062 38038 73265 30090 67772 46779 11779 70489 96905 28519 27463 92319 99327 13967 11188 12678 58580 29918 44005 
55160 70740 73400 69419 30458 43094 66274 76080 15257 17442 66851 53690 3411 67521 81680 49289 75363 81871 33263 6884 
51419 17849 65343 35890 21908 58711 76314 12750 24165 82323 87747 76122 58899 97103 84334 72648 11053 33487 20213 87978 
57271 64032 54327 1277 54656 73224 77743 56800 88693 27399 61587 9933 99924 8184 11187 99969 61356 42662 69666 14677 
13702 58533 6329 2506 91427 5846 43423 15370 29288 7205 14818 51653 25619 44944 18484 34807 44144 11398 61713 6051 
50148 81761 80161 54976 68793 69973 6076 1404 90271 92314 97605 62505 1577 95256 39962 30410 52408 2911 47802 23330 
37084 34810 58005 56725 36101 62829 93670 19063 28544 86424 68283 16975 53617 41576 82351 67750 26074 17375 99349 39520 
57855 83316 78152 79088 77515 40095 17623 61231 66078 37063 51137 32232 23850 45285 20926 43114 90411 54830 44198 90060 
54944 97108 40593 50444 27493 14554 7089 1034 75019 38647 95338 97477 97616 36686 25097 20851 21263 89243 95287 34334 
17458 97464 56523 3398 47593 43119 34506 2953 99173 90306 75332 92997 85401 87636 24681 10912 88120 69031 1400 63398 
87178 63267 53750 99164 87374 57918 44231 14126 35413 56161 53746 29550 76000 74908 52929 76654 28641 58259 84493 25238 
94088 19322 89492 1070 88407 7199 85861 46304 43565 37047 16361 28980 82779 40955 91943 47417 88269 81536 37740 16165 
94575 11879 48728 64620 56852 47781 7578 56300 37058 73483 60463 11683 33307 62127 40519 145 9632 61113 94228 32760 
19292 32052 40633 32432 99911 47564 57995 4209 80363 33041 20892 80589 52860 60586 95641 83918 85638 56009 39700 23433 
40057 6363 3338 37929 68953 25040 17089 56896 6976 5831 23845 18802 34164 9272 62199 55738 86630 67637 92189 63029 
52892 74569 25156 74473 8169 8572 57913 42138 76515 64535 41956 54401 18757 22582 69038 99439 21345 68197 26777 4112 
43149 2857 91466 40874 98331 16355 37685 75856 54926 41670 70158 63246 75031 87057 13608 99869 62610 22397 5201 22291 
86791 49994 2366 16915 82769 76872 41947 86655 91037 77976 33622 31221 53439 97839 691 87434 23637 35386 22497 1633 
98046 49601 10099 23610 75213 52211 55811 2169 10135 91259 50820 92145 11766 66048 14344 58810 81082 58345 99724 23107 
88409 37359 58529 67615 8841 63778 60891 96604 18084 93430 8525 11977 77926 23790 12961 28611 25316 8826 41941 96406 
39037 2940 21220 73235 67014 31925 76371 50116 8163 17373 92722 57131 90218 90107 95326 87285 65222 4655 22400 64536 
30633 59229 76588 83292 19045 49531 66686 96150 55149 81936 91605 7326 21209 37449 7309 10495 73056 10470 63678 93439 
17234 69897 99099 27398 220 54172 65325 76702 86127 34029 29550 73860 17889 38002 75578 53389 18457 78966 80822 49362 
39183 13261 15375 460 13653 36391 31725 30117 78772 47244 16532 47204 9630 21103 16258 22504 50227 1975 38844 88776 
62486 5782 33447 84150 98966 25431 72869 63810 73114 59485 25631 69768 97498 86249 49296 13492 14157 3521 35771 95406 
705 1738 535 46784 63939 77413 60179 98274 53932 3394 16953 46592 41173 28120 14310 42476 80904 84096 12712 76431 
42074 2487 50256 65438 82463 57621 36869 32517 40079 40598 11881 91307 98476 50505 21340 22402 16877 80439 68892 91731 
76817 73436 44982 98011 17864 7968 50095 18151 47941 6062 62000 41526 58607 74896 29728 33957 55277 91763 97490 63398 
96524 92674 99222 93455 17388 41965 22258 66215 35257 40121 54267 79315 34494 93498 48423 3938 71355 38177 81190 19726 
59156 70962 53146 4904 77176 71453 80175 78241 72588 1633 71949 1922 81094 53030 92210 76760 53689 52706 63238 58352 
39685 89841 60581 45233 80158 2100 62765 80096 40433 17759 72708 36191 9958 17170 71279 66499 72930 34126 89382 92801 
62978 70776 86973 36882 18484 37125 71734 62428 65267 6318 93604 66486 81523 5490 90510 80587 85261 7892 99201 72447 
90911 63609 83716 73902 88486 81529 30302 61938 49124 27956 15555 38065 13522 79236 72484 60208 29036 59226 14085 99300 
13257 42420 33131 44786 82451 30434 67465 3497 95825 20825 52967 45675 25217 17427 61014 42052 22791 3472 55438 25144 
86168 74864 63618 12129 59696 48404 76173 26120 37992 59342 9098 37539 38242 37359 44258 28148 92078 15721 51885 1749 
81969 83871 9725 48396 19966 33281 2037 6921 20337 8560 41156 9127 95998 57392 56653 97063 58401 89776 39039 79511 
34810 48958 91224 60991 94286 61605 63940 63631 94679 93168 18215 18169 63073 95944 8051 72692 6085 6429 15339 99890 
63061 34682 39937 87804 82867 18234 68804 40479 91287 23935 8680 57683 59708 71835 60688 36231 39318 77971 91442 26294 
9626 61061 61497 72005 12690 46232 64767 44310 39103 77146 63678 51170 43437 59401 29035 53838 9448 16207 69406 38627 
37724 14320 37907 99153 13291 13601 23225 6807 48141 36079 44016 34429 89647 67525 75508 47385 66041 55832 51132 31530 
74166 57114 45127 4281 56122 83457 91976 73162 80233 4982 39437 87335 40240 22525 56309 74500 6894 96433 35991 31135 
68289 96785 95473 97878 26244 3897 38778 93429 93774 66002 34511 95561 58166 44284 27214 45360 33195 66702 18496 8561 
81540 52161 85734 26234 28739 75769 32379 75588 25149 82074 23354 27748 60697 17633 33952 79219 90782 22727 18247 91437 
64844 71540 11338 62217 99651 38578 8218 86255 54108 55420 43571 64724 63173 10676 67953 12999 96751 47645 89880 40313 
15778 70822 58428 75089 10181 14362 75629 25883 93600 65782 45571 9392 53917 38622 62486 70340 4528 5615 82802 13769 
80119 13382 77912 40176 52343 14465 45035 26087 14719 10598 6513 33110 2480 24942 90136 32112 18112 34732 11092 63821 
5745 89708 75862 96578 70482 54269 29524 68468 43478 79111 59149 90076 87767 57764 93655 71113 33577 39928 23556 62275 
44026 26032 53364 87943 76354 71948 87323 40400 54032 21887 45489 75572 23086 17814 24720 30285 72940 49414 48593 85618 
33852 62598 42604 73191 21613 47490 85425 25174 74384 42964 63396 73565 98912 84409 27495 7057 61714 72763 28397 68832 
51639 90051 68730 29029 79557 73399 44228 37863 93537 77953 53853 39463 61527 69831 19522 48187 26900 87314 89197 84497 
89933 21375 33989 36720 36095 4706 3588 33088 71317 4949 5415 39740 63723 14087 49025 23211 78446 39198 25935 59987 
69995 31550 81605 21238 73791 86245 72400 67600 12346 51724 73930 16529 42634 58052 92691 64773 43597 35191 24834 52570 
60328 99963 14120 65049 23627 80097 78226 89941 86289 90138 26701 64917 1473 96962 49630 37150 96080 85178 70869 75607 
28070 43696 7083 96317 94209 70825 73273 83766 27684 51355 28940 51074 34472 57639 20613 20832 90020 52490 2668 85579 
69155 36101 51119 63540 11238 89556 28941 42618 44098 2989 2229 81846 611 2859 14640 54358 90042 83549 85670 67564 
90776 55179 72951 81052 54328 25573 73530 83154 76456 75137 94948 73881 64576 62353 54169 15849 22773 13245 39456 97800 
86753 66326 56107 78564 72211 83707 28499 89420 96035 92971 25864 37892 93979 58084 82329 10868 34236 96183 84593 42784 
96844 15953 49021 66305 74137 20421 456 49058 91310 37065 38072 35068 90981 16102 24308 83060 5441 58884 55326 66483 
59477 16405 72665 57660 83625 40853 12323 48710 96914 90375 14245 89440 49626 42946 89298 23868 40401 38359 8474 94118 
59663 60337 81973 77356 68707 10594 3489 1718 70377 92521 16681 95737 68505 62141 29839 16476 42889 72897 30984 20738 
87473 37188 1291 53171 42213 32834 92178 5591 17538 97568 97520 93441 9918 2723 43903 92785 27426 11770 23890 89776 
72744 25157 37576 7575 8616 67181 44280 95965 66961 19359 27944 51064 91830 13061 48941 39617 38041 86782 45917 81104 
42383 39862 35733 40491 88127 52893 43103 59729 39006 37252 21322 83975 97227 69152 19773 32982 12132 19890 34304 54231 
3732 72356 20502 55535 1048 63603 14417 95452 86920 76087 47306 71124 34400 659 90790 55374 11363 23363 76918 35565 
36466 46816 83918 82258 72636 48289 63518 79931 61666 1275 37455 60561 15435 91775 74604 66914 33988 25430 8886 94653 
99754 48909 63625 32997 20437 77632 27799 27510 12587 90914 43707 44105 12875 56704 4305 47659 49601 53095 44450 17767 
24354 97702 87147 92317 32754 24144 93557 95605 14140 90062 47032 17139 30898 13033 80104 36262 28823 22872 12463 18649 
65248 81003 39479 18024 91290 12820 57844 16184 24494 62079 95470 79357 18376 45708 70978 41631 40746 90612 37730 83943 
7382 70502 47387 86060 45327 6627 61359 2403 92153 19223 1883 35584 72655 13411 24089 35628 56361 80869 45860 9763 
38040 54348 27690 9035 7613 83493 37015 32993 8549 28647 98510 22988 73487 20738 6667 8305 90814 82863 38766 91171 
84207 69244 97579 49728 37089 40586 58540 74781 92203 54934 32330 50580 36245 63788 42875 20072 90770 74917 13932 4542 
75254 54169 3242 87245 70281 82280 97893 62822 54934 31227 9207 24119 3396 57472 88761 8113 4552 9371 11865 12487 
87152 61275 64690 4821 52108 11146 76698 3573 45600 26709 63019 46345 55194 12596 50080 80554 31134 48395 82954 16486 
67524 26177 86706 3407 25542 47066 84779 34325 64905 80239 3889 87716 66520 29257 17667 92592 87462 66815 28264 14297 
54109 37753 17090 4988 85940 90777 46865 2540 95092 66258 84178 25603 34028 25965 14126 5645 81442 49741 8256 80402 
41122 29463 52777 50305 65288 30526 83405 62457 56041 51069 74375 7919 31559 46786 69974 93847 57881 1738 20344 85798 
37292 43316 83823 64973 16923 20535 65603 8831 49868 59647 6962 79538 71773 35753 47609 79 47483 77081 55045 83463 
24079 18927 18749 14758 39059 71758 72012 69674 26940 84239 88989 4921 11600 45482 20400 66927 23688 94382 84672 21292 
15787 79673 23761 3688 42165 49827 36605 44653 60284 95832 13129 88303 87765 79860 12504 67570 10829 96286 27452 66166 
79318 59048 19625 45417 33953 32143 75090 63588 75450 27611 86178 3275 19655 65611 47479 43689 11336 10620 40370 87875 
59155 64669 38061 60918 72586 88635 98727 1014 27220 12553 62644 4720 8930 26984 36802 41846 26621 61278 41508 25606 
38695 20224 96498 66198 42369 62743 24454 45597 25534 93136 59064 63916 48578 87207 76695 96985 34323 11447 14826 69980 
91541 24794 6979 13476 30793 99346 40315 13675 89703 93547 74705 44578 35060 84167 81884 15852 48693 68540 48390 7371 
62755 54218 12835 58964 37292 39885 37595 62745 79309 87543 32460 1749 25683 41812 31168 96578 96227 18771 35028 72972 
36144 26053 10033 82359 60264 4680 88172 84139 90687 55187 24380 42638 28558 47811 3153 32467 870 71230 35202 24123 
99816 25677 90446 15720 7378 35317 63043 52175 33138 61212 9292 89364 75728 68144 23417 66662 75474 58566 95555 56058 
53518 42571 49054 83067 55986 75964 83046 39457 31847 38273 5711 22874 42199 87820 67867 1313 28865 73817 9384 75853 
82911 6583 1315 26847 27376 41635 50624 94013 16072 15215 9072 98712 39536 77164 51420 69563 83706 68873 21274 49829 
59355 3367 17951 90411 63210 29423 74512 41699 94579 68400 79638 12797 18885 1392 87171 16126 56067 74397 58810 8959 
97196 56737 2007 55992 81259 28775 25477 19894 49135 92424 40215 30858 10230 46432 69447 79095 70350 78247 68019 68757 
88939 61481 66943 35831 69715 14412 32404 44877 21981 58803 77064 85000 28432 91713 94982 12672 81747 77111 74837 12096 
97614 68677 20704 91462 7450 48467 80093 58175 88240 83230 26191 99059 37085 473 31057 4783 99966 59963 13980 48332 
8181 73960 68358 16991 57887 12392 74476 86371 29975 43153 84328 30836 71341 37335 7553 27535 66558 66141 3623 13696 
95556 23639 46012 68495 70923 3121 11642 30007 46887 76422 84091 55617 95729 88896 71366 50473 65840 50753 98372 59334 
97516 23827 3600 91721 46968 70585 41587 37271 26815 15481 14949 64367 87959 55681 62613 94000 50286 72541 21699 68520 
25303 37128 15162 33794 68639 29531 83683 27705 49952 48420 89603 29840 58898 28443 22511 90742 20345 37185 32798 4964 
18170 57506 28769 5749 741 89807 65380 47394 2894 52613 30928 8211 15633 49119 84129 28093 90638 21387 90576 51923 
70930 74144 57264 79078 28503 1913 69369 45144 75146 71230 22190 14355 49469 57738 29272 94742 54849 94616 50097 21119 
43774 33093 67073 98153 17422 51653 78329 10724 60426 66076 86429 35691 92348 60365 609 3725 26370 31034 963 45951 
60814 41463 19951 43937 70312 96356 55454 51534 51749 20586 68227 38693 26953 32896 47620 31751 88601 99954 29802 25874 
79199 1791 76947 2694 29628 19939 94427 28795 17466 37550 28934 28871 81351 87447 21456 43114 8067 90058 24481 61403 
5162 99099 71798 104 49655 46573 13390 49060 61134 86572 41651 70240 69716 59760 98391 11460 4038 98041 46428 75298 
44660 8201 48788 54251 15161 67143 37418 74229 70701 75430 61987 23554 43367 72154 20205 18003 29214 28526 81627 91923 
55881 74923 69741 53656 69783 93810 9316 8166 94986 39440 55146 54270 37783 8937 94391 56715 99650 60488 77527 13700 
19112 82285 78657 70243 40116 48683 96105 2326 54219 80859 25311 16100 60359 16528 99097 11358 4269 30261 31957 98758 
99937 90961 7247 56051 86813 49592 43798 28198 44271 84372 32138 43383 16158 41552 32019 59883 24380 56354 94084 62664 
35337 78963 98941 31897 92232 20866 83882 55897 53247 15278 82191 31045 49586 21919 99686 65925 4618 67944 64051 59800 
94850 74483 61376 49735 91269 7488 21041 29582 34797 17337 29291 5147 43852 22467 12271 12616 93113 8926 22516 83288 
14770 47317 84369 1748 33265 88003 47357 34572 45585 66852 20773 41375 18097 67693 68807 40157 76094 90086 90284 67743 
63816 6103 59290 14478 71607 77854 28782 58494 2865 81552 7244 81008 74647 66616 88208 13947 33508 4878 72141 4460 
84226 95113 72831 17336 83484 89128 55557 78015 74881 66586 45119 0 43926 33789 25863 63078 56934 43816 9492 39322 
26383 20178 60144 60641 70835 5419 46203 24283 25204 62617 47857 12777 49662 81407 23529 54108 78779 12823 99446 34828 
57180 35800 57805 30454 80125 76765 20910 83644 91550 73072 94986 81675 61754 15837 5763 62385 75716 73514 90484 37944 
40435 87685 13123 12476 60546 11958 92085 36839 36434 16193 49785 74626 39199 81107 89854 96229 19236 66985 96646 93171 
47352 38651 35394 45702 77848 92729 27588 41155 89078 99278 99762 4269 22245 59227 31891 72479 64535 72146 92956 39939 
17981 94614 85014 93293 44442 11457 80901 4282 3297 91330 78152 66912 30270 21427 2061 46528 28945 11367 66360 13683 
97666 59951 36159 76233 14525 35092 70567 93370 2557 20976 21943 2514 95788 21121 88603 76602 79944 48900 97340 54595 
48933 39251 66314 77266 5313 6912 79345 67817 59226 28472 86122 38520 53699 53951 99083 57059 21706 5184 31063 29224 
39806 18627 74521 77647 19788 77086 96063 99762 7892 7587 55301 45602 72960 10706 83556 44785 75641 8926 84186 41683 
79511 33817 6479 78765 27794 35444 48971 59422 50652 46309 81321 87084 48478 84245 73536 48736 68103 79316 87180 86085 
89792 92339 35991 55135 6165 69798 96469 54121 41080 96900 27987 34261 9523 8606 53889 13793 24326 7049 48103 27425 
73660 12600 76966 5610 30289 17677 64354 8809 44789 2481 14133 28907 90795 15646 13201 76655 91137 85645 67763 82072 
15893 47434 84524 11078 41089 98641 6115 44576 73805 34368 46922 84638 11494 16566 77836 530 4206 94518 19379 28648 
99319 97965 96582 13070 45717 20761 27104 82294 92610 56799 49908 52749 9903 72536 8419 83756 55995 71183 53106 10179 
63338 32123 98286 80135 86224 59209 98686 16206 71789 71163 10010 1344 55359 8036 90454 34860 20427 61050 51507 79020 
29696 33759 81121 80507 55377 63851 92 44761 53916 10959 61910 35666 3678 85601 55070 63204 21038 99446 73881 38774 
34262 49698 66249 5255 36930 52104 12840 97173 24051 47592 88271 2474 96291 76325 85230 39978 64679 59657 21266 64366 
91951 24211 63228 29017 88278 41088 22649 80399 58577 72602 10201 58469 49377 6719 74162 49027 3872 8293 40597 30092 
27431 15240 63449 93068 76381 33409 838 10400 17584 54820 16515 59571 63799 8834 88095 33800 86300 96406 67770 23000 
88404 23877 40142 15238 29137 3716 50131 88935 46852 26661 62430 32767 70213 83870 15370 82785 63644 33337 25232 98354 
14577 95670 77117 98266 79674 56918 64017 19989 78955 73914 68828 15523 30818 90865 49849 31376 15128 37048 79924 90468 
78209 42960 20783 81155 38972 35471 60094 4691 59854 20948 38897 83480 78513 17854 70496 69721 53679 96421 50374 27915 
2842 15339 52106 11582 94606 25388 58855 40929 65154 58607 80621 48746 71469 45779 66776 70534 31371 24276 94897 10539 
53212 67363 6947 18270 43997 6927 11986 95956 10621 5670 81973 1676 25733 96918 64193 33414 61544 53548 36628 92635 
74003 84771 81292 66670 96702 17270 18416 69961 53518 18814 8697 62369 40295 77856 82905 64314 16872 50616 66962 87702 
75943 29187 76211 64819 42840 33742 81662 43107 85297 45490 19618 52251 89425 86913 75217 78416 39753 32471 20996 38470 
81617 71760 79213 94397 63131 34571 8089 17824 2287 2952 54847 65595 66385 12407 13176 20681 78582 61376 86515 57487 
6186 93401 16409 35360 73108 48467 1725 81969 95596 53965 70334 55816 78566 99998 36607 59762 27713 10380 83789 36417 
38095 50953 72628 63778 93338 67295 3707 19361 71001 6686 8865 8189 26443 80530 40333 44797 48615 27890 13067 3525 
18583 71639 2970 23219 50494 16819 67792 39300 26786 44540 52521 41686 94224 57944 9385 23089 93890 56869 89947 89786 
88629 54630 2786 18429 66116 9730 24977 62894 91706 47747 97846 95284 19875 2572 97914 81268 47378 74330 35917 19085 
17103 2978 65557 9547 93458 95960 64226 66665 18024 43209 87772 87094 67841 9907 27230 38436 28151 12171 21060 32253 
69783 54478 24705 78579 40465 98202 83167 22167 90123 82345 89206 54351 87481 73418 19092 63346 22551 38696 30887 92071 
62225 59598 72594 91647 28735 19358 57493 24546 84582 2083 14023 58744 99390 55594 4758 47358 14844 73779 80757 30014 
90406 75311 11934 18270 24368 55996 19734 65590 37785 62233 53151 5422 80963 19200 93551 99004 65420 54009 77406 60869 
69257 809 96043 11276 17615 592 1223 49620 50719 18161 64803 31511 48302 7034 75629 72318 36040 93946 51240 63764 
12162 3711 39083 85513 20238 58730 95854 23691 1348 22290 29037 51569 64734 63835 96580 32929 4143 63652 44316 58754 
99349 41969 36357 85572 93979 42124 83712 70203 66043 45853 8389 59113 14876 49501 64785 41225 66843 48224 68908 20910 
43403 10304 16154 55719 38760 71485 5175 75824 95486 59181 79880 58051 66295 65648 24758 42924 4546 86105 89401 61636 
3089 22325 48215 53841 70243 48731 85676 23313 81840 30598 5213 19416 52339 64127 13888 68430 96648 71297 4093 44734 
38984 83484 12400 52960 64096 10685 76184 22879 78470 66165 85332 2713 1951 66850 40956 21299 59775 67176 83358 40329 
38901 78596 95901 47986 71538 7421 13047 17586 94112 3170 66245 2260 9430 78428 81757 34327 40562 65938 22644 49226 
60789 10141 39471 66134 92532 1058 5769 32846 41540 77370 76545 31523 17291 97621 23562 24375 50381 95436 62785 82511 
68605 32740 62960 44931 68068 67293 7399 7212 62483 46251 75994 35886 63722 51790 37963 58032 32545 87225 43561 40288 
15282 78207 11049 16940 80589 67693 94340 24371 12456 50399 53147 68674 68952 67510 26179 19118 73334 90900 55400 32863 
15385 88366 86289 34315 73294 85591 66015 85953 53604 79515 89779 17624 50902 50776 56878 55797 93952 93468 53818 75521 
4909 57650 95970 61288 14340 62515 82669 91797 17904 53745 72923 47127 53487 87802 27785 19800 2650 69583 6584 68651 
10469 70741 31724 34011 40967 92371 6117 55091 89307 69024 28706 68775 43930 21420 16091 2336 13787 13972 15681 61114 
6605 29968 45571 32470 6135 51301 24930 36882 71841 69480 87969 48351 34575 52205 56704 21249 13974 51523 40113 64750 
47342 39855 52318 32626 52246 40924 83961 43877 4099 55928 63434 86591 49761 44124 33023 15123 85749 36335 79030 21504 
91235 48196 13989 71774 44638 52961 86423 37276 60765 52076 62215 20417 35677 28320 80622 87356 19719 46089 93773 51746 
48298 53159 69390 7826 56968 11776 92324 2348 98328 95285 48400 20117 87498 21000 29591 44064 96757 32606 20481 72875 
10832 29147 48508 97110 79935 4982 27316 37409 42470 94047 31697 45081 12109 48371 42384 96314 11093 54900 3821 96150 
9379 95836 77881 88115 57549 58699 69038 43227 5067 42620 55262 30042 40902 83706 1948 13129 1846 12561 75986 54757 
9440 98291 40944 26706 30487 70438 22470 93147 91398 36668 57795 71441 85459 43431 97929 17829 2901 91660 1701 42676 
12766 49487 44507 67915 27761 19469 10992 69196 38965 11407 3026 65169 18802 78165 14745 73667 11761 45633 54009 20272 
76869 24963 84163 30669 91127 69064 43494 48476 16332 37509 36096 94298 9339 66809 72 20368 55099 38851 62943 48698 
47497 88461 99396 22858 28321 97552 86165 16013 18339 42941 88821 64171 25652 75278 29411 12023 37169 43480 82930 8266 
97635 94468 83677 22231 25110 11376 61344 18982 51108 69914 86133 28819 94996 87742 51816 52829 49043 56480 70185 91844 
63299 631 85709 19578 32079 12760 11808 57994 70754 43240 66671 95418 13440 15302 43064 85427 45044 54742 77858 1168 
7065 52392 22481 41912 27926 31272 52377 43764 45982 71949 13489 77093 18752 84290 26572 70436 59781 1052 77767 91459 
5990 59287 45509 69594 18722 89968 8814 91353 24216 12239 60586 72366 51017 54704 1933 45146 50817 72405 51506 43832 
22562 89926 63904 40290 15745 39599 93670 76970 68500 83314 9523 49491 69463 65621 38220 57904 87160 57557 8867 16309 
49499 76198 95128 77728 40267 1342 1177 80827 18111 12621 1499 47470 85110 59602 80150 96407 18109 65718 33908 29553 
25250 34385 69183 353 37466 19614 14855 57847 92316 86506 93508 49940 89419 75732 39647 54847 57671 17784 36855 4557 
64575 93790 59525 9439 39786 11869 12563 53063 87849 42948 38196 81749 11769 12093 48010 31692 26050 98096 42868 3508 
19405 38027 69089 59809 90245 80726 57766 82496 78030 83152 83491 55383 10565 99969 2908 22894 61322 16140 64555 99307 
125 94499 45647 23176 27199 54913 76409 8436 21462 2885 51525 55661 3537 81696 2392 42373 22422 29785 84888 34741 
465 81282 39391 82904 65417 7716 3904 76025 26790 27914 95469 2835 49790 53842 33282 9820 24884 54428 36562 64074 
39040 37327 43051 79470 76808 48198 72371 45313 86714 4995 80794 44562 2214 29975 39000 38102 46139 89002 19354 99677 
37272 74245 68969 63268 56196 90504 73629 31554 84831 38921 87050 37283 84684 79228 35539 46099 87948 93777 19473 87124 
32850 44124 53490 97186 66641 46471 15826 48104 32049 95207 37214 1804 66742 83867 56309 33423 86523 52321 23902 39714 
52892 29162 3607 17595 96087 62610 79562 46261 82132 26198 88446 85905 10942 7878 82804 97712 62242 80242 98360 92483
