89780 47288 87619 19433 54908 72335 5457 24375 20456 55888 58673 48027 58843 64883 91211 58076 13951 72865 58356 93809 
95791 57810 95673 54420 58287 62510 58866 11959 40890 20329 79329 33055 54453 24638 37675 92572 72840 23000 7813 97148 
13215 6530 83707 97031 35665 7788 91332 76908 24643 53430 20764 99663 94477 2420 73430 39235 49887 69421 18043 14393 
95887 36881 56534 22635 25269 99795 38573 20089 20232 37313 20428 78576 46985 34557 35898 79514 73546 66087 83798 15324 
15930 21028 76346 79504 68633 16296 99892 53215 4038 18843 1498 86997 73922 43548 30410 38285 53629 16225 39037 81743 
51620 46874 46942 40337 19852 7687 66477 14101 17943 1590 10603 90417 60946 58777 81934 33899 42153 89214 41794 55333 
90708 3304 69781 76581 70350 45196 90218 61129 41487 46857 68637 8379 39343 35661 27463 62279 39399 13156 14563 22559 
23623 45033 46970 39050 9269 58444 64957 79575 25806 71535 81354 54361 27369 14353 38368 48761 28828 27685 49600 29332 
75132 33386 78480 38724 69212 96522 17404 24892 83858 32799 84592 85856 27025 86079 52930 60354 93582 21892 37356 58281 
45100 86794 9296 7698 43657 87903 52189 40961 8706 22954 98428 37018 84671 31306 27423 72651 56189 43480 55948 3800 
61085 99675 43977 16007 69913 46263 40583 14712 3231 63355 93606 42893 75042 16937 21755 55149 74173 4916 99868 50654 
15314 82158 620 30899 3782 29172 71859 19425 5538 67479 44357 43413 74709 29512 28649 90876 2773 22923 63749 64283 
23608 73219 91333 17513 40226 47855 81684 94799 72704 37686 82670 22528 53812 25762 93409 13963 30838 51851 76679 37199 
20952 88374 65232 48678 36797 36317 17542 42568 77323 78233 17639 10453 91111 47446 59104 54808 94861 36262 59799 18187 
78938 18850 50127 84376 24206 39522 43437 36000 28101 46258 16334 56625 17708 36877 25081 42525 14653 25405 90603 57493 
56586 88362 17881 94550 16537 48913 92442 48636 57256 63826 4827 1062 30936 75120 3852 81909 86010 60889 9535 2052 
84471 91525 72731 47015 96278 32759 14 966 61961 92335 7046 94801 603 48611 54341 8980 86260 23519 66143 38281 
75551 85692 28495 53425 16634 75493 41059 10984 15371 35647 19275 67708 16316 40340 36688 88362 58793 68652 39970 59116 
5793 72303 64533 76034 21025 52143 13434 60752 29182 99540 50923 23183 34431 79726 57641 25157 11526 6352 41939 27029 
34468 89336 16981 52315 18368 22551 3631 15471 61630 973 40841 54420 44924 76324 54239 57956 97839 86867 45673 67159 
64113 79553 78959 80137 28293 17118 1078 68333 4070 82789 58909 22296 92919 82375 90318 28173 68787 93421 86321 38389 
97356 35596 12969 38204 44449 61773 23810 25285 2821 70706 69081 6456 12920 26486 81159 97952 29320 15002 83583 22501 
66853 27237 52327 82937 7985 79971 63096 76341 41243 17181 62259 75377 74963 44973 90577 91826 98654 38411 84903 55737 
85126 61966 15242 76364 67132 77460 43762 87627 57221 80440 83752 54051 45035 84344 60693 78691 10721 5735 96244 91456 
748 95249 59866 1 80793 80010 64520 59829 68458 24866 15124 78002 63584 37655 11222 29281 9461 83916 25792 50417 
43873 82509 36391 29409 39250 65323 9041 75856 86109 7468 3671 82749 93015 83646 65850 22528 10773 89053 42509 22932 
24937 62327 93698 39877 43325 98217 79771 80121 88774 85201 98456 32284 61811 15754 65720 69276 27524 39405 38357 39415 
5666 11876 87184 45803 77127 74212 25272 88015 85956 42489 43516 1486 40453 43484 18044 58459 90412 59330 26699 28691 
74326 97566 29302 84934 25879 91740 69632 36698 73389 30436 8397 55826 81016 61883 88890 54853 19138 94599 35842 46551 
50240 15762 11386 25734 88480 23026 54097 29170 66007 61876 54803 3371 12137 90532 26155 26715 91333 73270 59117 81837 
21711 38825 99785 31484 96433 56359 73526 79744 75068 96386 7949 26719 13574 15832 22207 9578 74945 92081 18825 16869 
21173 20271 32352 32827 14563 59970 4072 12723 89892 98892 89178 93610 5068 39073 62564 38812 24518 50711 76982 56041 
48296 94595 35015 43365 15161 28230 21745 91141 70014 23335 69538 92301 86415 21567 23338 25544 35891 18123 33810 75188 
89196 74408 28820 8017 86522 91788 64032 11067 10005 16827 14298 58062 25492 78814 89147 8599 45620 80580 72729 65980 
41813 55768 38884 80203 97507 54669 96643 15215 18978 29036 75489 13503 49777 79014 98186 63806 91210 6930 72145 11730 
71893 17816 62131 87226 84332 19184 29722 66237 13513 67172 43072 8826 58001 96131 27924 82748 43021 76838 48265 40912 
6175 60918 9856 54551 5440 14107 74333 74354 23037 21548 73429 1302 87194 79915 25024 74196 6705 57477 96837 64680 
57337 14342 17424 55366 73176 65271 66648 71165 69884 69872 26818 14848 78237 56963 14315 35697 81591 69329 56318 60385 
5387 42211 77778 16513 19967 931 81390 98960 1544 9128 44639 42378 66660 55602 47042 5158 84141 58593 35163 25744 
37579 968 85565 76227 573 77024 74368 22871 34352 39533 55468 36731 85200 72379 95560 46944 78053 20647 83712 8603 
92697 45137 73013 89551 32647 71912 49950 87207 49272 10914 52336 3581 68215 32830 35106 59641 32699 30776 39834 16 
51997 10293 17980 8612 85423 96204 50328 99704 17698 16878 14109 93455 32504 38843 7395 44222 99472 33452 62906 22312 
83985 7653 49454 22095 7413 620 76532 95641 28934 16951 29962 93613 6728 21297 94453 86755 18216 60746 90788 34566 
27191 71750 69791 36591 15663 3429 95657 69753 80316 39156 54515 69830 36413 81702 60025 92031 16266 89476 56962 17598 
47963 7983 45482 44235 74410 71318 84799 22891 11313 36363 97926 27601 66647 66251 92986 5610 56601 69960 34402 74929 
60794 46850 14505 760 74393 70112 21565 17531 90218 3207 19016 84647 21465 75939 16080 75355 85536 1077 3125 1930 
22090 13338 83153 2650 65059 82827 90331 69079 94089 69627 66255 53371 31744 41605 6757 87860 3959 34732 93518 56575 
82046 33562 48346 75703 20737 1678 43945 95690 55017 82470 1909 3193 21745 27985 14197 66951 73511 98417 34570 9158 
43291 89125 30917 81612 20312 51646 95881 13825 72199 40043 35861 37606 51776 58501 39425 37390 98472 964 93597 77067 
27101 69580 70048 58773 10243 640 10289 17218 48688 34231 47446 91511 53312 24600 98069 82552 1704 32043 13206 7363 
55527 5811 41669 50002 71998 16690 35065 49129 61131 95972 39971 22790 55658 83029 65867 91811 85272 51845 65086 44652 
57337 71629 46196 93565 85220 54810 32311 61073 82276 44652 74587 70383 2754 22172 43839 12489 57498 84047 70709 47349 
5623 14605 78875 54562 94364 7417 94438 598 55436 54740 74107 39967 8416 13859 11691 70922 9040 37192 86040 94175 
65909 92356 81076 73502 90533 96473 86646 80165 52917 26498 54616 2084 89172 75667 3943 87300 60073 19486 25061 63042 
10089 79138 5999 46050 8799 427 47132 63435 59069 1420 51310 41940 26930 25211 38824 29201 98373 2981 98418 42952 
31232 46547 93274 1386 60869 88346 35116 84682 73504 18503 50453 70849 52523 85291 73097 59332 95371 26888 55774 42030 
19007 87607 77459 99558 66316 76556 99677 95466 66484 2194 53383 8743 12445 818 36605 1592 50791 10602 89258 40415 
16561 87367 96976 170 84138 58028 51021 43566 28495 9008 71382 70854 78903 71112 85558 21480 28366 95352 18367 94903 
27091 98213 7689 7549 44404 14023 44052 12381 9918 86656 50988 91537 83074 28981 6130 22839 46763 52761 70622 89715 
10578 52352 96857 69732 97566 32008 45995 117 81958 95021 68255 88689 91617 81813 13715 39893 63379 12605 86552 7241 
45436 54238 12631 81784 97484 49443 99697 2755 5085 19677 69836 15203 55133 61013 95580 97174 74618 59847 6818 65354 
91831 1131 24952 65998 35684 68537 11169 21867 70704 81761 64161 57853 93373 71389 11747 16559 21706 76049 18751 73303 
52009 28955 96137 33628 94408 32656 26145 52806 49747 67862 44759 49470 3156 50784 8496 53042 80442 16830 91265 25741 
48728 66486 37838 18234 35310 83438 26921 11019 24317 8641 59815 83825 211 9361 77166 39479 97095 41381 8085 40796 
89861 28996 29195 26817 40483 53020 79943 97155 6899 98151 78111 76792 30658 55558 63402 94982 30691 25636 46785 62355 
57025 86666 20086 43221 61411 87875 71523 49840 245 52993 41840 79668 3454 56579 49242 27137 9097 41375 72142 46139 
53119 11911 58835 61777 50152 63467 77459 32048 41899 65963 45995 93459 96078 57354 15460 81300 49657 96621 47301 47631 
53880 57660 32760 5698 91562 85095 88980 15387 70317 84846 85810 91795 22686 65875 3969 28843 39575 19627 61177 79010 
58838 67483 20965 18182 42272 82 45458 66808 96690 24286 78608 22257 90674 83672 36765 52289 12440 82119 41471 29117 
35301 90986 35881 19572 97754 60933 25691 61258 13240 4227 91233 98221 72820 44819 72983 4933 69799 92288 93121 61925 
2175 2255 96792 98326 43543 15113 66971 20298 85460 84698 19611 33657 68002 80914 60534 84583 66003 81795 37201 69529 
83208 40060 9041 47186 20378 88853 99783 24031 49782 64152 60941 14730 74279 10876 43551 21326 66587 66275 238 24351 
33066 91237 46206 61818 44458 32089 53541 20693 63021 40739 14736 43866 87036 84909 98906 8101 14215 23365 7543 42100 
20043 35301 76973 28567 40336 15214 94857 23130 28264 59994 71663 57072 59337 56098 76091 4002 34716 41701 26693 62499 
77304 13798 95941 35902 10262 15125 62702 43898 46692 2961 33958 89361 56520 88945 99160 82870 23509 12697 59794 41838 
32277 38383 12439 40156 7053 10139 21830 63709 14121 44345 30760 86897 75899 32623 70005 41198 56052 58458 14358 90590 
50870 32051 53892 60469 39604 41524 81577 28268 89540 48064 88031 97093 72869 50523 80898 44676 89187 62225 89725 9525 
62038 28576 3912 5369 49610 79646 39366 59693 1320 82860 70871 73527 14986 76429 44813 26084 8647 49802 82368 97942 
59488 75413 27876 95407 93468 75161 74749 82133 96296 26679 3298 68171 62971 67310 70429 40656 54513 11961 89280 67811 
59579 58890 63104 11239 554 6778 34812 15816 3142 62144 52293 66290 54745 49746 79479 63989 79759 93415 71703 7787 
78327 53445 88409 27502 84251 74062 39900 75859 2595 80249 26334 71124 30265 40276 80965 81023 418 7812 50829 60580 
62492 58555 48890 75166 70201 43863 36438 17194 4789 58653 75649 40831 69737 51581 34968 18403 18292 70425 81069 14901 
19131 73814 62670 68672 68268 31541 38360 9946 54358 73255 57727 95482 88108 97084 31237 83077 20129 54314 98215 169 
86769 56819 80346 96828 8131 61554 55497 4022 74457 57642 9644 77603 49188 36307 69133 43919 2112 71180 21215 87151 
26370 90809 48880 97753 80196 48975 82942 79322 44822 46186 57467 51647 58460 61322 52146 90910 71881 58684 71600 12673 
75938 48118 26405 30444 22613 42784 49790 34767 10171 4516 9199 93321 42126 96878 81529 17820 7288 40192 13128 23732 
6040 24773 33850 46544 73621 40542 3275 34548 92136 8006 8137 15916 41445 22761 66667 27595 25094 39192 23208 41071 
7699 96460 99634 86666 47658 61701 20585 39785 28738 92558 36944 13505 67558 19123 20559 79440 41118 49041 21972 46130 
89451 61155 80107 61174 61062 18271 40476 25479 19451 54055 35954 8599 40596 33933 34673 92588 41702 95559 54182 43283 
85167 49525 7118 10860 13219 46382 88205 54820 4353 20073 68832 76840 11778 4649 11570 38651 5585 8071 46342 69756 
97347 32154 72003 66591 30429 68205 17203 52476 7543 7122 44623 94770 93188 50270 41121 400 14869 96269 90563 45166 
40106 6590 92189 1646 75332 23262 20327 38009 67869 40151 59602 91063 89481 94327 29566 52617 99225 57763 40866 11396 
13279 72007 10636 67130 59383 23618 34595 55991 21707 74624 89835 74923 24419 83111 34051 76921 63764 68692 37245 79782 
88958 95514 61724 16226 38395 30117 85592 42357 7695 29351 73587 78391 52036 15638 9820 75240 6810 8560 56907 12995 
4746 40116 21613 53194 31389 71735 19855 33568 73275 67677 77863 71759 64911 65698 79454 69522 86702 40904 35923 88408 
86710 99119 90457 39155 26250 57636 76731 26377 50347 91995 22100 87856 17462 30 52383 81011 36814 31632 60508 42025 
62106 30178 10819 2286 24947 23955 13601 29854 54880 42837 98786 4439 68720 25400 49232 14361 31466 81378 72040 75713 
95412 75669 17626 76071 76330 50521 41524 91234 54756 56588 3035 10157 97278 91370 40727 74627 41576 39846 55929 18410 
21033 93285 10039 58394 77227 10748 90859 32534 294 51589 76460 58820 96405 33387 57170 73167 8869 38110 95851 54774 
16783 25158 55693 53021 81363 51083 63532 62141 52499 54886 17412 47883 79327 52748 89989 35377 13580 19504 42162 26838 
81090 73220 84872 15789 89833 21763 64293 14520 32441 14360 26039 30316 32821 48001 86028 46832 25197 82267 11962 4532 
82302 34213 58093 93920 396 45941 39805 58284 1813 98541 70524 57283 38974 95729 15654 68021 76274 35161 23216 73368 
49236 25256 36027 4706 32513 13914 55582 14359 89765 53005 59988 27527 56800 92790 30907 92912 30002 44857 25593 29416 
71266 48750 5518 54233 56361 82999 11956 48783 50078 8952 17381 99412 12463 45081 62999 41624 15141 49138 54498 86274 
9221 77101 17372 999 55011 38062 73187 56793 67907 50997 89455 43329 81139 86233 69474 89945 15385 31274 44688 75590 
64424 7406 99931 34321 33078 66723 74683 4835 90930 24048 83632 66953 85715 43007 7575 47496 72887 95408 1278 16795 
71530 50892 34717 93703 9796 70327 4570 22709 82447 87946 67026 98077 84550 97718 16749 27388 55096 14751 44207 92339 
3953 35299 98756 73647 562 95674 62710 37895 5552 14824 66306 35514 64170 32964 27292 40565 61659 80880 19730 28592 
47704 31836 200 3786 73733 70839 42728 38938 74051 12311 68776 58566 75994 11004 15737 96172 62000 21083 64028 50952 
65666 36065 23917 7488 68002 12896 9032 44602 49708 86730 34041 57081 55806 92155 54705 34670 94395 97151 64938 22166 
99705 35563 38945 55736 53730 40064 2150 54320 28848 70230 59015 68668 28527 21537 92145 17228 68602 85118 51555 50935 
57751 55163 66934 12151 15930 77656 85408 23668 14997 28936 25111 76644 97108 21953 16514 92840 52544 89314 94660 24498 
11202 26219 15759 73368 5052 34155 82799 85762 63812 82807 8586 39987 43088 60837 57501 68120 51747 33592 79463 44621 
59036 78124 46869 96331 20605 49930 52141 86813 28001 4376 73260 28861 95727 97333 37845 21046 28025 34276 85768 88099 
33256 26183 97915 65654 5461 97861 60128 51348 95477 57562 5091 17474 84155 86924 87024 13610 82728 50756 19830 42200 
46550 52269 39554 26270 96657 37125 43471 49027 77074 35068 2500 94435 54380 65834 68372 82289 31622 58721 93617 54111 
94918 18819 68808 51159 76400 27651 17719 46086 21670 67424 42450 76944 81300 93776 27542 22286 85339 71361 80747 62494 
57372 49992 67612 20096 90442 27805 47739 50735 60084 86814 1847 65644 29346 74291 79606 20033 52876 3695 73088 20275 
30608 18704 74565 22733 69176 35412 15828 64898 26769 73722 66784 93169 76616 60897 95325 39666 35894 53736 73061 19702 
18896 47120 84015 46203 97955 74574 13327 75387 90397 57938 2394 57628 50398 48129 49334 36258 33599 78560 74964 56662 
26848 21388 79048 74685 51387 5195 3167 93757 6765 4930 28851 45745 83604 8307 44649 20925 30636 91006 70514 14848 
62534 6669 22909 48310 83668 64621 80119 85042 28112 29470 13586 98251 43585 66794 67896 975 920 83633 33541 49097 
69297 23635 81183 29021 59527 42985 40187 3220 49578 24442 45313 51653 13537 91824 3618 30363 37081 84152 66581 79376 
34643 33417 73175 51437 35988 73161 21376 25704 94606 8887 52552 13439 84018 71747 17051 1143 70746 25902 47936 35349 
10145 29886 76989 66149 70226 85664 40407 62267 33689 60440 58118 94931 69253 47970 86395 38714 28194 79692 53823 60802 
97763 79989 87155 55091 50247 88894 68769 12707 24719 15084 39834 12453 22151 36313 23368 19340 61166 75960 70332 92631 
15618 14057 65254 1039 55993 73024 43610 13658 8682 30537 81929 51262 60278 92331 47799 50302 68644 76640 5789 86396 
18819 66125 5572 72466 85623 74080 81667 73023 87309 27970 28681 98938 30336 7113 6626 55293 32594 36044 60820 527 
85167 95593 86789 97731 3518 13951 29844 35276 52883 4675 49405 23684 73801 29420 4852 80340 93480 54488 79949 34117 
40362 75608 72072 56015 69423 73291 20029 92950 24270 44931 44886 96346 44991 44208 90377 20149 98807 10885 49164 26479 
72850 2693 65731 96231 60501 7515 33801 29458 78285 48675 26833 8214 56510 29840 28253 92266 53093 20418 76859 17879 
24995 44791 33237 15270 52093 8116 53209 17882 8947 47038 7822 16002 6530 1213 84178 6974 50857 44091 80074 75206 
82845 2563 47924 88192 31360 16285 14552 97364 18530 26226 28024 39612 95601 9731 19988 95444 9024 86398 89055 84372 
80879 62701 66985 89140 39509 58083 42908 73740 89115 97403 67767 85700 90980 53750 53533 76376 83719 38293 7373 90749 
89191 30985 4561 36275 82819 19858 56536 61598 66409 1843 11694 56107 41824 629 63379 3530 84029 6975 46295 93408 
73874 34494 4508 49041 55189 60111 3987 41784 80584 23137 18172 71148 61387 36803 93177 77119 68633 27206 49446 74504 
86589 12839 9604 75689 81774 59465 59947 25748 7830 7657 38503 15122 98152 96390 18348 22075 73614 76429 84498 86566 
84016 31521 6997 24300 74467 76847 9554 33100 75778 6885 84109 73990 6019 49676 68767 91815 39465 72970 48306 7710 
58216 26502 37765 34510 13767 84057 59004 62628 88242 58819 88479 12300 99663 96279 2509 98221 30867 56011 60068 95746 
41377 81059 70048 19679 538 82046 9939 62488 28619 76179 39324 69220 20224 45732 75910 59090 13295 77519 61943 89766 
81102 17186 21298 28109 82375 53956 24354 77096 78028 10207 44725 35380 87181 46838 25466 41390 73737 92 71430 89928 
48966 97363 40704 93387 59175 43351 9455 40785 76788 27046 30745 76231 32142 17215 66401 61230 43476 65156 9397 57954 
78013 99266 80698 81122 41832 20491 69971 95494 86027 24029 71114 63932 4924 15168 36168 82086 70361 20928 73782 47037 
11719 64020 41862 95866 96837 8651 93580 98532 66430 3409 2490 88126 12022 7594 75346 24140 62350 63831 18706 9222 
95948 29940 76147 58667 44291 25481 27316 83862 88761 18154 22342 34214 28117 70390 5476 78854 10254 65290 5292 27891 
61992 46290 67192 45916 86103 27150 82002 96606 67212 16031 87279 55270 39553 1518 89722 27048 4572 24772 36632 6215 
30253 26568 19831 46153 98676 46077 70 5864 21723 48647 62949 86159 4789 21580 44921 3818 71739 34680 34809 60420 
71257 78075 19825 98251 24654 607 21192 48546 44123 54475 27079 29905 57627 98304 85170 55438 16219 81047 87441 50452 
45096 61606 78195 96112 22876 55680 9725 86226 85475 91712 23279 69026 45666 70019 90049 3636 98348 36726 43671 34143 
40481 45747 80244 26765 26795 7918 23658 13715 33536 52283 50114 84705 1782 98776 54601 93917 82193 39238 22786 47518 
52114 36209 24166 92919 74544 86965 54964 24197 42888 17557 53679 27770 49169 92669 4542 71266 93016 44478 98093 60836 
78836 63267 98342 33149 90245 313 86091 61664 21380 46326 82534 6832 33897 48284 21755 39967 17456 16995 3348 13702 
96156 52350 53502 35320 18815 9731 88495 66467 13408 45835 62076 2595 37471 70529 75151 41211 13052 75502 16646 50411 
35431 70854 47545 3189 67617 69736 98946 28574 3776 84759 29945 58560 97838 17578 8640 63621 91098 79935 11022 12415 
58172 11861 21428 98616 49733 14873 66189 62358 65612 45874 5440 78733 31420 51722 68537 45138 78571 46349 3264 31293 
6030 27458 58282 82815 49358 80732 79253 462 54389 16744 7676 80665 4622 46403 22584 56640 74915 64026 83274 2851 
95934 4177 7165 64818 70900 42182 57914 67282 15933 2287 34993 82160 85500 88235 75777 71063 61687 83758 40190 91112 
11799 97958 56074 26021 53400 94274 50379 85670 68819 11262 79699 20392 66518 33329 90397 44959 73511 30114 76670 81319 
54103 58973 21079 54475 3326 39332 77004 80828 6023 98115 50679 82835 62481 67346 68559 82684 27508 42189 44571 33779 
92335 61110 74460 91249 82045 27728 11584 47308 93776 15979 61470 12224 26324 75195 11166 29260 28235 11802 62313 94596 
22796 39473 83004 87639 83847 32555 66248 97601 80041 12124 77049 3891 33457 30595 21711 9538 70497 85420 64912 43776 
59107 1260 96034 85901 48643 18228 75504 7206 9756 17157 25894 74774 936 2721 81734 2157 5325 30779 22481 21265 
11692 37316 31699 59461 33404 64519 51323 76727 97482 80894 60817 92414 81003 12838 79642 69372 78745 31838 44088 86953 
75017 86427 53115 71799 26325 45756 65858 10546 56060 90690 49823 87036 45656 87639 96254 32461 15325 17584 54666 25892 
15281 6115 56037 47062 65279 10901 93876 21997 11206 66 77270 24683 26256 41609 45142 8211 11391 80096 47970 14946 
4149 97358 7777 85717 23175 4586 83756 80842 68407 47944 30627 22734 72063 5664 77110 6193 6350 57132 55610 50544 
61551 27041 26269 22217 24079 30604 74548 42831 34318 37238 63771 40692 94184 83005 89265 53015 86050 12585 25577 75249 
42817 91076 85112 25687 58426 4470 54943 64216 34484 95999 25180 13100 35413 42133 36040 34261 87527 86289 8659 8294 
5481 50093 2527 90843 3271 28995 92603 14430 36744 48164 69695 86523 29634 58560 33825 98433 35851 43121 77197 96341 
17517 77629 6034 86411 8232 34608 54125 90665 12482 22108 50412 20429 10896 64082 58717 2405 19713 58444 96600 69978 
39370 19377 53141 75495 11161 52398 80274 5869 15956 67939 5653 13724 18157 20733 34772 87277 8772 59723 27938 13484 
98647 508 84754 44905 28975 25483 62889 51876 13217 40070 83314 58081 98271 31785 25788 7916 9708 82496 70094 27255 
59487 66475 22268 30436 67930 46694 49185 3460 59243 63444 10664 86897 54408 40498 53439 22243 37778 34663 71544 11176 
6006 17876 26100 24082 61389 17714 88747 60816 95905 97079 63643 12384 26116 6446 86283 14187 21049 34997 62782 65175 
67943 67729 79920 73210 61580 19780 75814 93149 84699 65679 57959 4216 57218 5997 25339 5751 55157 72524 84103 5289 
65886 54101 93175 6228 81798 82270 76556 70616 592 76780 49916 93475 94603 47491 75902 89980 93698 32115 33189 14805 
6211 12941 64647 38188 75152 93277 36397 34277 55033 31979 7516 64632 7600 81235 13936 54448 81278 56791 91034 89591 
24593 76696 15658 97485 41278 5946 30563 49332 5045 1417 12691 39668 63974 42083 56767 73316 94110 88665 42652 3564 
49732 89228 28697 38039 98161 14678 91150 88232 94691 5373 42313 35955 86619 1578 27583 86365 40301 79462 13670 58369 
24545 45860 87755 1305 63583 30052 96716 40390 87346 41137 58593 41531 92414 95934 5164 26601 12037 88724 53952 30441 
11908 44326 91214 77935 27123 39597 64901 70546 70389 78627 69877 17004 93419 55249 11990 73614 81437 9417 11424 64138 
85044 49128 18416 63198 80780 76060 17363 84433 73793 52837 50018 78486 64027 39952 95565 33014 26693 17081 83417 61606 
29371 7506 13121 55159 61633 29271 71444 85773 98603 88415 78230 4817 79713 17517 2947 87948 26739 96851 10550 9918 
51221 66449 91480 59789 60433 21057 99623 67592 9190 55408 97848 1860 48557 83914 82478 37794 36377 12917 88052 24045 
88865 77816 3435 67819 33996 93269 16849 87262 65845 6369 68901 64711 74323 7787 74565 50516 56473 63824 27827 11475 
82865 31642 15169 89986 28508 86554 71412 63234 29746 33216 84096 2810 94658 66590 70769 47578 38072 13411 31115 61429 
94131 12161 61167 43709 59476 60419 79679 4723 47595 17974 13967 50507 67039 92711 74455 63306 24697 572 5011 4982 
55856 97936 6121 8949 27607 53066 93387 63852 85565 15576 46273 95418 96029 77761 53776 94523 62050 89482 20847 73724 
7546 51383 53386 74469 51526 86817 99926 13945 19369 33030 52806 3773 16299 90365 88110 39821 21743 16644 87081 78384 
31637 36533 10010 5883 7931 73814 71133 57930 28996 82147 37776 57603 90887 65541 98855 38331 73801 83607 84827 59036 
32415 97210 89549 59643 37643 90854 36286 28068 73498 15436 84870 20012 23525 235 9435 80840 29376 57914 99011 63463 
85099 2123 10321 98264 66076 26864 92966 92263 61512 65479 39837 33906 53663 31631 40283 82492 40728 48349 1887 22175 
83064 89230 83647 65843 37599 29083 50346 96969 78123 98175 24284 35119 78770 37965 42527 18105 12864 41896 8981 35844 
30575 53742 72291 90655 14185 36603 40781 56157 5070 95195 51209 29528 71673 39703 94393 28239 48412 71656 86793 80907 
3721 60742 36873 6115 99329 95397 69074 38049 90722 42706 74272 5840 2519 43739 89500 68383 54669 83298 25721 25750 
13760 57597 23608 15217 62407 86379 16185 35696 58217 15831 53755 59039 74548 43649 24558 62899 67305 2163 55650 62937 
41968 21824 42660 50344 96538 28732 86807 79680 8462 67323 48338 82417 28666 55438 86801 60720 36928 18544 46386 70858 
69326 40116 44873 64745 96371 61131 3039 14286 55790 5582 97378 86714 79443 28684 60227 9512 94719 78842 94950 47046 
54722 18732 79113 98320 65 84268 55754 18784 53135 17673 90265 15881 65626 17753 85035 9808 28725 22977 47136 27685 
3509 66529 84207 40639 38445 31693 6963 58336 95453 22226 63472 52937 88849 34796 44198 45566 28310 91870 57569 66007 
19612 64958 22895 38860 26085 69909 34550 10661 19345 15655 27233 87833 64594 89179 29145 20841 45800 25710 4940 34268 
10443 43482 52123 91067 49548 90941 34622 43626 35573 67000 97795 73344 12296 84125 34408 65858 60882 31206 61219 32724 
52500 16287 3816 87408 28331 41952 1293 23686 91043 18640 40154 97312 28173 73424 20494 69152 98386 28362 14786 47633 
40935 65746 24026 66076 50555 15436 78808 67038 63434 56071 33112 11295 61457 70580 2909 2326 89104 19451 19092 33530 
3848 39088 2175 88436 72273 82610 90421 48128 20760 30697 90886 94766 32072 60931 39633 85596 55922 65428 6147 79719 
63329 96995 92733 66202 33122 52302 52207 47608 8030 90364 75336 96554 47061 85298 34882 36561 48073 52750 17484 11079 
68503 61253 65128 2359 78116 4786 14776 16315 13705 87819 22627 7693 19483 12740 49271 19960 49850 38012 95509 55754 
16545 64626 71100 6538 26838 81672 21086 9948 84072 3185 73121 3849 69972 45832 63371 10629 63449 87711 23200 79179 
84660 61895 23171 81817 734 48460 79210 31429 34292 52480 43491 470 57770 70907 21866 76729 53610 27887 51267 78316 
15494 19585 60163 18842 70913 24382 86374 55396 512 99432 62841 38982 19526 18165 62795 34691 20142 5326 7187 62541 
12297 61949 54089 15965 58941 15518 94297 74935 87546 31245 99258 73301 46684 13374 14646 74855 83246 34744 94031 42352 
52676 99738 91334 89182 58852 85829 62635 12271 67577 11635 81731 3995 84492 5488 73569 58958 55114 27303 39556 96037 
32229 91167 35956 94852 31228 7722 78875 64451 83745 70461 15833 70051 82198 99858 94043 39623 73507 36213 43893 99563 
36474 56474 96043 52746 7653 98553 66763 22803 54801 19160 62506 43807 99360 93897 47360 13347 6577 54257 60755 99972 
74562 27633 7791 24863 37828 9949 80460 81769 55258 48023 72096 42807 46255 97897 49728 59303 33468 45036 75397 89104 
56875 65119 68739 52743 86446 10652 66300 60716 84224 89837 37424 13611 82777 52788 70799 27262 64880 78532 10512 56850 
69781 57690 75357 15329 34560 98451 85156 10742 57068 2422 38625 7080 36364 26656 1411 32699 36394 79015 84136 87689 
43063 97070 61240 40037 30043 31106 91112 36600 79297 38459 65344 14988 62347 18056 89039 90740 58642 97383 62138 13105 
60787 14994 76866 99583 68043 21519 55911 13096 85744 49955 62675 23541 16151 69684 31805 20472 54747 10 28793 93738 
66798 58321 58854 85502 50284 4332 98770 95009 77426 48025 55945 20367 54217 37956 16108 59008 54119 93101 30403 12536 
94797 31568 50408 42421 45415 68172 45995 190 44689 51803 68700 24764 43408 35601 55901 5575 78980 4043 58552 55035 
31866 2731 47562 49319 74266 91799 10744 94224 16684 84487 59437 81036 52908 49748 1564 2568 38028 53313 16645 33995 
44025 99488 30314 66498 68028 33088 31253 70988 5109 40765 34182 53043 30329 76462 96828 54498 78907 21050 9474 91741 
34691 34794 5172 81146 30467 27319 10368 70402 44654 1726 53145 98588 35511 34260 99676 6979 40726 21828 10859 69546 
16439 95330 56981 37033 18770 71411 69992 2510 14401 7616 41475 17016 2648 82801 31657 92998 3423 7053 96797 41846 
88042 83210 24161 48135 45699 92265 63206 45140 1776 89063 91696 74402 3196 98651 67621 50543 7259 66793 28436 28139 
14050 50687 10430 78716 12106 33289 39339 55621 51456 95760 72328 21561 48714 71403 84896 19781 98484 77798 85372 27637 
29891 55325 16966 82255 79503 46365 5473 94115 19127 18372 17880 43756 70412 52531 95339 60049 41380 74165 4370 70014 
15212 95735 5888 39850 54917 54081 8201 39299 72468 9260 12582 83123 81638 5217 32506 62738 83331 95958 90672 16938 
69490 25762 70052 27916 39048 68243 59188 10459 81548 23684 80748 78926 75894 24674 58918 13989 2705 25451 93709 52347 
63639 18950 72241 41949 11352 65165 95908 63559 86084 77447 86899 42817 31190 33812 69644 80733 40092 15308 91369 4393 
95020 77142 4643 5779 61295 36434 18022 95940 4646 67219 94290 71957 40989 89075 11501 55901 99627 94856 31650 40305 
5049 19159 19076 61521 3154 74804 93291 96255 29158 44500 79682 76498 59094 32375 26350 94654 17658 38503 34575 40122 
44294 98184 69235 11181 20928 79437 28567 27726 86646 50008 63294 17655 41561 27507 1343 92284 17472 96047 27306 74670 
41736 19285 29569 7825 20339 17327 44421 74184 86263 75110 91474 84540 97122 50414 6066 69804 21161 80471 84144 16340 
73657 61428 16019 72645 70735 95323 1227 1832 24544 3935 95273 5435 17791 34834 15548 1935 17871 93825 40462 84714 
48429 82695 82487 98044 32878 76140 42102 68384 71188 41857 2808 520 58863 93653 7108 14117 54297 72459 16728 67595 
63034 6879 64390 60657 40289 18575 77264 63313 57896 14715 43078 51079 70032 97540 72679 94864 19607 81225 95106 25496 
26604 91277 30192 31761 87525 22504 11988 59894 7601 94523 54372 71087 50944 7301 48193 24170 75659 83838 72082 63069 
54533 95050 3341 23877 54876 60110 60553 26152 60406 16304 53238 82297 66998 66572 82697 69963 12147 5691 26475 83163 
14087 46902 79743 36483 83222 35561 1514 44373 79487 75902 12742 33916 48877 98791 75067 50282 97574 36332 16053 11831 
58800 2768 25407 16378 70678 48911 47789 83925 45132 83205 15442 80929 20877 97807 68979 12854 12669 68159 25297 57957 
55462 35928 21122 90266 18666 50439 33569 13333 31807 70807 12025 41200 62943 94668 88745 45994 10825 36313 95540 48169 
91949 19449 52057 52129 52253 69207 21890 25922 64346 74382 98856 77834 14753 68159 69659 64098 4030 64804 20952 89911 
29404 94782 69362 35574 78869 88950 82996 83136 90660 91235 11171 74988 41554 91258 11247 46505 6879 52435 377 70874 
30646 12022 59816 35870 77782 11509 74105 90319 10360 88195 19027 77185 67828 17363 66038 93176 49093 42049 29003 50018 
51318 41978 38844 99344 64294 77207 32004 47479 13346 69958 52819 17751 40330 24580 652 3295 62944 30546 73939 97017 
65084 82123 10929 10784 88929 58010 89405 20395 24605 77850 91492 87473 94417 33822 374 7266 99653 68470 23054 87966 
64237 22230 15076 90487 32566 25353 12889 82012 31202 32569 4551 69548 40701 94063 46015 40580 47842 91 76719 96609 
42659 48090 17244 97175 99054 20497 46920 92744 43224 94444 69960 75840 35463 21167 83974 9837 26653 34327 20933 19651 
4156 31044 30126 43879 42583 95079 93462 98187 4453 47906 96308 25367 68376 84137 79761 37946 66972 5377 85604 33763 
96583 32091 52995 79300 73273 76519 53929 12567 50691 50653 1413 95553 51456 32537 79164 73752 49560 17990 72182 32941 
56315 42582 43943 78710 6932 17298 88439 9828 91744 85197 28239 83372 29846 40928 77310 5793 39557 98422 4316 67129 
65914 77904 56933 33076 388 10423 91998 29714 8400 24573 9890 55700 25001 67965 93333 57416 68701 36583 39446 13944 
99571 70435 25851 82493 93663 46504 62570 43453 13963 17651 96061 70829 96060 36245 48363 42409 66116 50802 35753 80233 
70214 97645 51517 83704 97388 80175 97014 41763 53655 66302 31123 51446 54556 19100 14438 71681 81719 98228 58364 69134 
27354 3345 59414 51732 30677 62590 81555 5811 4085 23011 28685 7288 64656 62188 58944 9363 69069 62359 79210 31271 
23953 8084 61517 84777 62548 95871 33050 271 31796 13503 81255 8088 27714 65816 77469 16848 71278 13758 90414 39413 
80481 84519 31941 55351 29527 96152 87061 70112 94009 78769 19531 42353 74050 48809 74341 89320 9880 98555 77456 88395 
23436 34053 4561 98088 42200 5535 71730 42879 62305 14580 50055 86597 32236 59105 26374 23096 67318 16356 99822 26075 
98489 91861 99046 16679 13328 49047 76205 91705 68091 93816 15253 32473 5904 17238 67174 2543 42060 44601 61686 72804 
40601 65516 48487 90547 39875 3347 94609 80247 19313 32352 24807 68395 25653 54377 91129 73973 43652 8286 53589 60678 
41779 20221 60923 87915 57966 66512 10744 44182 33271 9591 37311 22434 18374 3489 99241 93151 43831 92474 50310 48889 
39687 99731 61265 8398 95653 13134 49901 29436 41186 72841 20635 22462 22892 16642 23186 35737 53614 7757 73750 9460 
60912 80809 40774 87579 49465 84413 77323 53510 84451 32344 34900 88181 14119 38768 50989 83952 82895 36499 81258 1690 
68340 47496 55812 28671 50320 15359 52746 50739 21795 93886 89575 24821 36639 79440 52822 15087 66930 35004 33934 95420 
96353 6895 37129 40921 89259 82100 64869 60136 71079 96614 624 74480 63033 33754 20715 24371 35476 71405 11030 40114 
36426 90523 65811 55010 9478 85888 23595 71901 50002 72388 56249 31395 56044 97792 42247 45686 49333 95980 41405 33615 
991 56599 70696 62362 36341 50082 2953 79565 84938 97034 98878 45788 27360 41272 91936 8445 94922 47320 94629 29290 
2821 57775 8566 56115 40836 15192 90573 2567 38813 71013 76103 85268 96075 1661 90686 3215 71814 16574 16816 47780 
24282 32433 62753 92859 8181 41028 17328 53778 20387 62482 30068 34224 51661 42262 32010 81201 8416 65519 92619 23606 
70051 59507 89793 31271 18587 53423 52076 81687 81869 43365 65858 23296 43335 56786 17857 77395 73628 97111 55054 30026 
7255 82676 49952 66361 24354 60201 71684 72000 71627 65544 53602 77266 39148 33608 72185 98098 27896 74235 70225 76835 
41502 72585 76745 65915 31737 86863 62249 62534 40805 25412 96434 5726 69256 3481 61829 98258 39976 12075 16280 90508 
83032 6954 62775 44553 91580 76578 15208 63379 93693 19521 95960 81166 54740 51022 30227 83926 22452 15978 34809 76096 
46562 50465 51372 82968 93516 83530 54006 16859 53746 97546 366 29417 66004 53779 10844 15266 93436 70502 62022 91096 
470 53128 40847 92555 47092 78065 14687 35927 1248 16133 37274 3020 50809 21812 69901 9999 67543 67475 27575 7765 
23064 62364 8266 76652 1675 55053 56122 60680 90255 68448 18865 32642 31293 75490 6801 50592 4227 86963 52463 79975 
86283 4852 89234 30630 9493 36905 32539 3511 61896 98202 76584 14254 33997 57627 27127 17113 40673 49916 5277 84178 
74077 95660 71692 87000 67157 87854 78061 51055 74485 12237 35264 63312 22363 10437 95889 2188 77860 20753 19247 55140 
31829 8888 6988 23874 30179 75065 50274 7963 46371 77084 34568 59188 46340 16078 87394 88960 16945 58441 57938 23913 
4114 28231 70196 48572 85751 69308 62266 20685 34672 6872 47204 31552 4210 77340 90275 13693 80441 19021 94546 12849 
84663 90231 58282 82897 42930 76587 22421 29496 98206 86847 40986 54251 36360 49466 59220 94038 38850 81311 93223 87860 
82808 66729 62825 26157 67313 11486 7160 87917 37981 32739 67915 85325 34388 99479 15911 6400 28104 24847 5111 42010 
64601 54285 54283 7162 18934 26486 2698 56886 57616 8004 42520 4329 38201 75694 51302 50477 45874 24109 63796 11970 
46522 58713 99780 62517 71236 10536 93068 42802 74912 34421 71508 99002 92440 42080 36744 90338 37492 41335 36386 23537 
87114 7159 34217 83221 43864 65326 16482 52791 19479 22638 71088 36349 40619 2049 32408 67546 80549 11698 47645 11311 
41456 52185 88365 9810 29979 79471 84933 74541 70986 36341 41188 92566 26745 58927 57471 33153 18330 49991 73029 16890 
47940 77317 23474 33033 68606 68336 4629 38286 35359 20647 10160 99728 20173 15205 70079 50529 92316 97491 26044 24819 
46056 91236 51154 68616 86676 52589 33656 81696 47887 91107 35883 96355 77823 17907 27356 56858 69262 91030 31886 86619 
38542 46521 35434 25099 45118 65547 80196 75865 78619 93043 43904 27432 88963 84888 31633 71048 46972 91918 46035 32954 
45824 70952 13771 45026 85552 19640 28963 43825 25022 82051 13750 10977 92361 55261 93218 88422 34443 83246 13363 60553 
78001 29028 56482 54469 3506 67534 69137 69698 47500 45027 14776 60407 44606 28434 81292 4745 69466 93357 67545 99142 
28481 61033 64768 77217 21273 66302 23657 73585 17856 17220 26642 57943 54678 74252 24690 45921 43878 17640 58321 57086 
10105 91111 34525 25623 82032 34005 57654 29728 83686 2709 14506 57405 63263 7776 13190 25813 70823 66034 53429 32120 
47945 36948 89100 93351 13516 79379 34428 42924 64804 71418 22419 9920 2424 87309 35597 70047 42036 72611 53148 92546 
31796 85577 89176 35149 87312 66397 55642 36521 35440 12166 30628 50007 69533 92950 53791 31536 42248 90053 47745 78894 
90965 36979 57748 27486 7010 2904 40315 78748 40787 52308 43992 24124 26686 13381 71396 90735 27942 13114 30992 81536 
62330 6161 28593 70712 88996 57608 48026 57220 71908 23025 16374 5733 77203 56802 11659 8024 59058 3209 21236 19857 
43091 74836 4039 27115 12822 57253 79859 76605 33231 10957 90591 36110 70791 70058 84568 92044 88121 17835 75165 43194 
78722 41623 75255 40119 12329 17003 8924 37210 40745 11652 41051 7269 61910 80549 16175 69347 49443 78602 58151 63673 
5596 14627 95958 50722 61102 40057 45128 92265 73149 69818 96857 1904 50297 18574 49732 12249 254 29266 11554 30708 
28081 70252 32189 36416 47744 52694 89266 28919 74903 61757 91321 55462 56491 67495 91116 48086 90141 2323 3392 43506 
57488 14299 13344 78548 9361 87297 67094 67270 809 73062 2704 99710 45683 80896 71582 43310 52881 36480 65658 16769 
15839 24938 89714 25681 45911 67887 26719 76506 20482 21198 99537 54444 30917 70034 48548 3290 50487 53595 81787 31340 
42653 34871 66200 57046 52313 55886 41212 14922 45070 52718 36857 50877 1838 8494 30295 7729 62139 16637 18381 15012 
38845 20499 48295 48964 35501 60816 73657 68912 20894 95819 29301 59953 74155 83347 52307 35429 18263 49274 75564 68917 
58228 80158 11918 61862 65360 79316 3061 58942 40216 74365 48549 61812 85835 84195 64985 74091 3653 7204 84196 56702 
14235 3690 82892 86100 37658 28007 63475 70618 82191 59651 32689 11674 33014 78489 4880 58470 58033 61197 25813 11973 
58473 59573 89091 44950 90252 96678 72442 60004 65074 32265 37325 14738 62378 13850 63297 10254 14317 51685 4596 58878 
29369 65020 9123 41322 5314 66556 26233 86639 63071 46162 15316 38760 84664 18657 51349 72814 92975 2415 90377 4077 
53671 18077 10032 43988 59289 35380 86510 44123 35380 53476 61484 17194 22439 29133 97119 88622 81962 59934 93412 15832 
2330 7397 75524 4225 75811 25863 86470 36834 34953 43031 32605 23119 96834 78882 52756 50262 23358 99004 94131 20556 
23590 98042 70830 93433 88779 75126 58768 70258 56125 7200 69684 75914 12525 63569 20445 92122 51994 79501 24062 97083 
10429 278 186 78313 15554 74125 88244 17471 32266 44952 67836 92443 74082 69769 94030 3603 62992 33215 39838 99104 
96456 25996 59884 61728 16085 87805 71031 34098 75160 79413 34186 6593 35589 67749 41986 68359 6907 8567 8474 8913 
88442 7559 39924 76031 46282 14576 31193 92110 23844 66580 40926 36467 35452 89092 96712 88219 36827 38486 54105 62218 
50572 98088 81579 40305 93300 28480 75934 70988 13021 12729 25054 62904 2739 54606 14927 18446 52235 27022 90316 86499 
21528 22600 90503 50000 9859 18499 48671 61947 34608 75138 61822 99910 46764 70855 87121 43611 20232 9989 2062 39171 
61549 72576 33769 94702 30442 82947 46861 71811 7253 62885 45330 45625 88508 48799 13107 37937 48974 83508 51169 30105 
36108 82664 34915 14184 291 33645 95020 91170 67469 20857 62753 34851 90015 77367 32622 52330 85032 95869 3200 94169 
55257 7904 635 15798 2866 96323 83333 21176 90639 31113 13175 29846 57629 80665 73866 84575 25520 12430 36367 94897 
68273 40389 97372 39100 79487 78914 75747 92190 47348 98887 62753 78746 89032 36792 4058 82953 73068 1596 66709 52982 
31663 93403 36176 82498 13156 41107 33427 79407 36174 87187 71460 97870 65865 38526 79338 91539 23432 42048 72565 11170 
12074 74656 70689 12638 23446 74480 33688 16710 99554 55528 46378 83068 68107 92135 89980 47657 63133 28907 31584 48787 
82781 58850 93267 1322 86196 37966 47574 41406 54595 22588 68892 31147 26996 5913 92250 12521 50114 15032 30542 37426 
19936 13049 82746 28421 96952 6782 30392 33038 24150 61721 57961 16688 15357 1656 80092 28858 95059 68700 33871 14406 
71833 33902 75900 42607 88293 23598 61451 51956 20664 64535 89004 12952 20166 76730 12849 58075 69800 12811 25054 18117 
70650 33098 56232 84509 86337 80654 52450 75059 62384 24325 46805 80334 8895 54448 81036 89779 74682 29964 77147 68335 
60140 55126 927 2732 2320 47692 17910 87232 54054 13008 40261 6571 8418 65709 43799 25476 3092 54591 76511 66962 
13480 64697 89399 12131 43596 61741 4175 12280 97164 9054 83223 31858 84671 83007 63169 42477 7510 85807 6255 71850 
64825 60762 92481 16862 88786 969 18956 63582 23309 60074 69138 56025 84846 82522 19861 67470 73270 80340 14005 66112 
33272 12155 31372 85885 87104 66281 79211 30097 81928 39809 53564 36946 50395 62920 44763 90747 10701 10487 43147 2898 
59509 13703 81697 63390 4755 38024 21712 91321 79325 34515 38326 52450 20403 17141 6259 84531 26892 5045 62040 36122 
73662 59729 80210 32297 10589 52867 54363 50799 60906 27817 21571 73623 77736 8957 39787 69111 16239 60175 68298 24962 
71550 36686 7635 12323 95820 14104 41519 1649 50130 45219 4172 66677 21349 17069 26367 81434 57837 16220 43529 51510 
4163 42475 34549 23287 56701 84974 91312 52074 492 53816 18425 73808 10658 7487 70890 42567 76610 2697 52071 39657 
357 9402 27184 50948 62728 20782 61610 74122 48967 11087 94538 79406 27662 22510 42873 11196 49339 22675 86127 63018 
80510 46381 9005 22103 70144 7259 31065 12864 67626 26630 43783 93665 37780 55824 6644 56867 59373 14034 8355 73867 
84030 5728 19200 35870 30266 28916 68278 64136 47881 39762 10110 21282 9049 29654 16632 14702 14197 83082 1599 68865 
74150 57708 36836 4576 19691 53015 17003 55625 3502 69377 83711 20220 11078 59480 36533 52893 19852 31639 37022 59656 
73064 64347 4728 60741 79873 65470 51390 39631 55383 18969 82624 36384 82988 68331 44712 67496 43216 47357 27526 915 
54455 75574 30826 97407 51895 94118 30110 69790 66352 66110 82496 43665 15559 4848 27540 96869 45059 62100 70903 12942 
87925 74660 22867 36023 29583 53528 53394 4762 22310 32869 2093 83988 16790 85012 84734 57316 44541 38058 59674 91546 
728 69653 75733 89068 68935 63312 95596 91671 90802 25449 77914 13054 14240 14072 12214 34086 76611 38847 4889 80798 
51422 13882 90487 798 53290 90595 8987 11436 31193 93597 41553 18994 83116 80144 41901 26556 71780 69332 48025 7152 
37981 70076 73332 22604 47084 24980 84285 95670 75980 40391 7919 43771 81675 42979 74843 62382 47839 52345 23330 14963 
49333 93075 83342 65838 89946 28019 64264 54266 19635 43927 53698 37944 71655 29366 54965 14560 18413 39221 38803 47081 
17962 35053 39460 60375 54145 19229 78028 60783 16677 88713 59102 52467 59967 64609 73906 28814 45891 41860 60631 68268 
61734 84020 73301 62038 33150 39006 63484 83677 23431 17155 84849 26954 63742 58552 84309 1763 37398 18638 29790 69955 
69543 55415 83938 47915 11792 21964 41127 9476 88265 33828 39039 61076 75805 79469 17776 95028 78892 54834 31008 51774 
73957 62242 30855 60173 75947 11056 32901 84783 81689 979 46136 77876 94832 91595 54219 84499 45017 55729 64980 16086 
76250 85202 47647 14019 70738 85932 12486 22021 4455 70940 93016 26626 76112 97239 92892 58317 24351 31051 36284 50879 
90894 97533 15181 86223 70304 23935 72018 97521 6772 32541 82690 3638 43445 52213 41685 22420 89048 65493 30788 86977 
19258 72143 27235 59016 74280 67921 90121 42918 59994 38956 59769 29868 86764 75211 44919 97813 57372 29845 34585 6658 
3568 9103 24880 91386 84375 80225 33762 87677 10236 1821 71156 8396 24303 97600 42360 45131 11128 64954 69400 30451 
91413 70729 45046 22681 77433 8554 68766 42009 99191 7293 50501 29532 92303 43376 68139 58934 33005 78658 96433 17799 
10488 91351 30671 36369 94479 79212 7243 62363 29555 92390 3594 94055 53654 48620 92726 9414 69542 60704 64339 63559 
88859 63265 21418 99441 19175 55777 42930 44187 64362 93391 12905 46170 4562 19856 5972 54657 20859 61598 16428 47823 
74610 43468 45987 22199 44181 63642 93768 41134 82018 77480 65218 38535 979 51930 55246 88757 26738 1035 11843 19860 
23370 34676 90891 18308 33139 44632 31005 45872 24967 64268 47464 39825 39942 49999 7088 16261 86769 70842 16552 27418 
6074 1294 23763 26733 74212 39686 7099 98649 76653 52226 60133 58358 79406 80805 231 75121 83682 35093 17894 61265 
41277 98397 16733 59492 38584 74252 14509 9390 35342 34120 94157 85918 29044 9048 56063 15970 27610 57736 62566 67953 
7990 84594 59203 88716 32410 26416 60194 39382 18924 16377 80691 85778 49957 47539 75755 68792 18252 12267 92621 40369 
86675 8201 5086 98521 90950 21163 86614 13707 14468 59804 75688 10541 86893 82422 7181 79714 28632 3942 90991 74348 
1039 38766 40504 51181 77851 35126 81659 17400 76637 4450 25269 46165 3458 59272 2910 18670 4910 48070 75146 79260 
28666 99995 22301 20531 24372 80910 75030 88106 8813 36218 61034 96901 34309 34004 37867 47093 82295 61542 35089 41643 
56430 41500 92209 82510 46244 33652 28491 82674 48109 43062 43173 19428 67636 94056 48542 43824 90706 11967 21491 49113 
87724 40492 25383 60226 57389 35285 88649 93553 48847 68425 89667 79224 56425 28927 21184 54906 18353 65127 6321 50428 
30078 81726 58339 59932 47833 14253 56430 33571 70997 6752 86617 64633 77014 50129 86890 80145 24505 11077 22857 46693 
77483 86032 66712 19941 44097 49514 78516 99415 30527 5958 50419 23179 4589 9910 56323 4606 6399 51575 49408 42401 
66036 23867 16297 1106 93346 85088 67646 6632 76685 35656 2203 55109 96190 80861 92828 36974 59903 6107 64471 76473 
65081 10051 29988 39394 47983 80455 93575 35192 28370 76314 88010 60745 9977 15165 92341 20318 45040 4890 35325 87689 
1915 86974 36648 73661 30429 24164 4920 91989 25677 37999 55390 49697 62397 75010 90711 25923 81117 9753 88919 34101 
6157 28165 32429 97149 98100 52440 28766 55075 4002 99494 23727 16219 96213 81217 39275 3631 32592 74205 64596 7329 
4306 6767 4517 53390 17789 11984 41033 38155 30787 82646 9467 85600 91969 18185 19574 88597 4428 51283 49293 23031 
94006 84377 81263 69270 64912 83401 69271 1182 91670 79401 15650 98552 39158 15285 459 58496 49408 39218 15819 4149 
23899 79753 18441 40410 6856 95469 13535 25849 20300 23215 82358 93656 77721 9206 29728 68097 49225 43793 13231 14783 
70322 68248 88769 38823 82604 12264 59994 38134 30428 762 91515 84717 72423 90963 80781 42635 2264 39168 79680 24897 
47585 98042 61670 44647 19663 97660 99715 68418 68671 86013 76324 26149 6067 578 11477 8021 17787 27357 89373 58539 
62708 71057 70425 37481 50652 24410 68493 20101 56461 4373 43021 13430 1975 47508 79510 47146 1814 36039 660 20193 
75288 42702 92641 95801 64211 2982 89661 8910 4696 5280 55639 42618 55175 62960 62590 69935 14565 63773 85959 28772 
96519 66371 59347 22970 3539 54833 37312 26916 12539 82189 81011 95413 99382 83315 53659 25619 70991 16868 69984 59747 
84265 32663 80348 48051 19325 5536 12419 61258 51304 37158 57152 55350 68658 43098 19323 60817 69088 15131 32900 92148 
26008 47540 85193 50199 44870 13817 31559 61237 82375 92860 63014 24414 79822 26100 73288 66699 39887 52266 25539 83987 
8587 18210 32818 63088 96311 69917 65349 12001 78316 815 96313 12879 44052 37291 25053 38827 76174 92855 34122 89682 
22198 11315 31150 59415 45699 39871 7322 14208 43475 59005 62135 70121 40763 38809 59561 49708 59587 47338 54866 83222 
76984 71370 37923 91400 74592 12406 23759 64667 27738 57659 89697 36426 55961 60054 64215 11861 13192 18789 6263 40923 
26310 65408 19634 52716 59140 25736 20204 67640 5514 81515 98604 65927 32133 2038 69516 70780 91217 85399 74157 31742 
32062 42077 55495 46824 96135 76017 33334 91293 94542 62459 22556 8650 17761 24368 81893 24962 39400 68056 22574 58995 
60980 62473 7441 38766 21729 16428 24166 61341 10630 78384 69604 8865 59496 53026 53346 15630 18781 33284 94649 86833 
59921 80734 30621 61771 54262 70136 82064 77360 92846 86725 8249 4160 65566 16400 76380 40489 16777 73249 13861 29611 
53852 47503 49252 70035 84789 14732 63986 90063 60384 68057 30879 17741 48105 1032 93904 15506 62085 20974 31967 25420 
8212 24049 61046 58160 74500 63073 90619 95695 19605 62187 58971 5205 90075 34415 53634 69146 54550 84868 64903 20931 
25974 87825 83163 2347 63615 15550 14979 89841 28758 36580 92108 15467 95142 43631 24596 76305 73654 33863 30907 97555 
70263 13486 93278 23246 10364 97636 29907 34023 59721 49343 51072 46877 93578 30982 9870 87329 67110 4663 91980 95818 
29419 83091 29922 47916 36045 52772 79223 89772 32056 94883 49697 29904 87363 27523 54349 25142 97494 95282 63507 27358 
55040 40306 61404 4942 86898 48448 92648 22342 3561 27198 22847 67483 30943 12412 83462 13879 74843 11012 27913 83957 
66459 3750 49186 35430 60941 85490 73806 19245 52567 34201 32486 64798 70044 68002 98955 60771 60411 8784 74663 3252 
88460 46459 42873 73167 40148 16534 13310 541 92359 58526 57676 75448 54273 74105 89719 61070 41933 37018 15105 86404 
42139 32664 50440 67343 72279 29768 21648 2966 14875 25311 81286 38969 91366 14847 4846 72415 40636 82682 32970 58566 
29460 95432 31730 80907 96398 98087 40516 9055 24113 22827 73404 31899 99511 52066 45600 27830 5964 92447 51096 67948 
73941 84988 59506 35586 39662 2512 35528 98331 60231 31712 67924 3051 21195 18785 70565 95438 28411 916 20332 81267 
84813 23020 1190 84900 62599 53046 77206 63052 7209 51928 38442 42444 42485 34506 15863 66296 22267 49375 56478 90799 
16185 406 28384 63040 92159 70050 50344 25032 8616 39966 45216 2268 2018 64733 77296 82121 63387 7148 52834 20382 
83814 17425 99627 85612 36909 16843 43547 85572 75728 85521 81198 52507 28811 4379 10714 99795 62857 5033 17140 68957 
38359 703 90552 60004 8513 31092 82559 31603 5245 22031 56035 53950 71623 21570 69844 26195 51086 40681 64109 75204 
29823 12803 3599 4542 23751 31414 63840 76234 41643 49962 5044 77930 23977 37128 71068 3438 60222 43014 29726 3753 
5314 8727 74940 30985 93295 57855 76107 30597 37736 54199 44850 77646 38163 54813 49300 43052 29629 66723 84341 32967 
3306 90878 18786 13556 46688 44313 51222 66109 76816 77511 83920 99886 70844 38121 16828 85958 53183 89969 55972 21653 
68502 46511 90399 18180 30481 16750 66934 30685 48244 99933 25220 88526 28888 35699 22846 10524 47139 13243 95292 49250 
72171 61460 56047 85854 83635 63814 61478 50986 12890 53274 18710 3539 95972 42611 66482 68301 74260 91929 9261 26937 
25376 37038 46834 97500 16061 39182 43780 96985 31378 20380 85653 55155 46220 37097 43720 78836 13225 9859 62663 9685 
16426 41663 1343 77807 29627 15096 65703 8784 71528 86435 16460 28922 53699 29298 5850 57224 93775 95310 89891 74235 
29319 10397 7736 42296 91014 2965 61217 72256 54265 546 74955 16416 90809 21747 69729 62944 40682 257 97274 20500 
210 68693 78 61916 35852 77111 24189 48010 91382 81716 24559 38501 74617 24495 51865 95469 55549 80508 3462 78639 
79153 38953 93447 63327 50181 45926 98418 94206 29549 93129 18726 39696 6745 48042 42659 96416 11817 18636 47299 84117 
74207 49811 67785 24186 10081 164 6111 25945 40901 13067 58625 97121 12252 32779 78348 74965 64517 6264 87317 64786 
24812 11694 88995 65366 2802 53878 24978 23233 89919 69070 79808 46948 60553 61714 51392 54006 92780 38261 30827 51436 
2829 44453 73428 12374 62424 90681 19462 50679 50955 98109 3194 6822 28725 75254 3896 55443 88929 43809 28515 6408 
58217 49870 23982 7257 78181 88974 2438 7979 97701 44134 45917 8675 71196 89463 86198 15584 9735 52396 61192 34595 
86255 37998 98436 81145 21184 76301 50375 85942 95780 98888 3370 48063 10398 76902 98181 89152 42678 68961 31598 1920 
69802 98248 2408 78421 52507 72 15250 59438 1789 81140 2631 71212 36657 40010 89848 1626 99357 96139 83592 52843 
38797 50481 51846 98909 14228 87229 90708 23081 72688 74375 84966 57823 28554 60415 66764 70029 38416 96627 90657 97350 
79892 60196 47322 75082 87132 11181 41682 46549 70556 57466 68842 9970 3939 2463 85734 85913 34943 16560 23241 18913 
13536 64746 27787 35053 4763 57443 49043 96715 32548 54246 52213 29733 52660 67877 14625 88733 50206 5362 33058 42395 
99481 63753 75911 84819 82085 38967 15352 9955 60759 12737 47054 60585 51651 24101 91614 12997 43367 53081 97734 67335 
7635 10771 52975 61471 85988 54078 52052 76405 95906 66583 64800 94214 6090 48638 22149 84301 74926 38325 85344 47184 
7673 75528 86617 74755 96933 34548 37295 39742 14169 98772 49292 71467 34907 86879 31599 42088 40457 57357 95737 81682 
28686 98242 55913 4508 1742 71661 81470 2789 98230 72571 66554 82516 28998 94636 5141 7566 93745 71234 37922 40463 
26378 96279 17404 7971 52024 54681 63288 14503 38582 15365 31866 99205 82858 59641 60768 84779 70335 4910 6856 66155 
56582 88787 86421 22498 17655 38358 77067 24092 99859 57567 34555 43154 24112 673 1728 66412 5894 31990 79552 59970 
28195 24057 81906 80706 89348 20941 81150 9502 71612 36422 13561 32018 2025 49040 58924 78146 32329 43083 85095 67200 
58800 93117 1042 64065 12673 59546 12024 51957 58377 60273 66566 16377 89144 3726 75301 57741 74441 37205 58570 97982 
11212 40153 56698 50354 53316 30443 20425 51472 59446 75153 86339 1276 99717 66138 95099 72648 65799 95190 36103 65753 
53384 10877 7997 14474 73956 75994 21631 98735 92023 43039 23618 812 65064 40972 29080 18127 61236 5538 65087 92015 
23335 20538 76069 53194 17157 14409 4989 43182 23226 71702 69243 39647 98184 48006 44262 38767 40515 12413 70238 31431 
14767 63714 3851 78999 3124 3166 39977 29496 58884 9748 56595 70518 29621 46880 47526 24656 97089 57224 82489 18503 
98811 91584 43971 75070 6092 44291 49283 44160 56521 67071 69302 26602 18386 87313 96966 60726 16155 5722 41076 9182 
71496 64824 82521 71308 45928 79854 24983 15272 14982 64827 47084 30413 700 52901 67371 63236 64244 7045 64119 35094 
71620 5137 88053 44554 49167 64232 42950 77303 60556 78940 33362 17060 70803 73259 82373 53143 15800 51903 76793 65697 
47528 72048 14280 62200 75539 733 34425 47326 51874 3197 69837 49131 12625 18038 60158 56380 65457 67716 23699 55036 
87524 73901 94242 84608 18494 22614 66975 26125 23443 30088 55585 51940 94262 67203 54729 83923 64717 47442 48885 63372 
83689 57064 95511 29984 54663 80658 95472 81916 30242 70858 10293 59302 30703 47199 12544 73881 89431 98646 76334 13189 
89039 38036 53683 21479 21061 76497 69175 56758 9009 27664 44504 39216 52434 14221 87203 26740 69327 24720 59045 32436 
69428 82042 75574 43251 40352 13730 81599 79219 70485 89631 90990 14176 41856 32650 99138 56188 5304 23700 29463 80556 
54392 35600 92087 56089 61337 97322 76858 22962 35272 75958 31976 88766 43380 72494 43512 64801 24679 66055 21913 27125 
14778 69512 81872 38388 86114 53197 42631 90560 75938 58363 21884 50882 79278 67461 39488 33042 39666 6281 50003 5453 
88004 45269 90820 81507 43731 54021 39088 54342 15962 86165 78030 32360 85035 31793 11014 82775 6791 9059 82399 8037 
30862 72786 21345 21451 87730 131 15696 11816 50763 10416 24231 95522 32093 24100 4060 6688 33024 78857 64099 91173 
27753 72510 31502 76551 90154 13136 86871 62514 81700 39862