79104 70158 23104 81948 48886 80271 21499 11622 90231 34648 12087 2177 75129 73635 94977 58574 70571 8660 58512 80438 
32582 15904 14980 86246 35729 44887 39424 66981 43759 64877 21946 37074 8413 77849 37125 65734 31730 73795 82561 20228 
96943 55466 22042 32559 54714 3193 54432 27118 53222 34400 6726 11971 40022 99316 27100 97516 89404 46993 4452 8378 
82830 41418 80447 73757 84749 75842 84110 72366 62928 87735 12964 88597 37185 24102 47945 18015 45561 89369 19712 23313 
51612 93637 90268 44301 78923 50344 32809 82516 37955 49279 27799 17312 90860 68715 91931 30947 23483 88689 53340 85757 
16063 98390 48200 9092 49695 58354 29874 12858 90735 41723 16318 91099 14006 35988 65714 11680 8345 16069 15102 52557 
59664 43446 81838 46323 88967 81619 50993 85453 92133 75003 85005 86219 67413 43310 43404 23327 15659 8637 49801 62214 
87440 58262 67626 76381 54249 32774 50307 43523 70359 32848 97381 74125 43814 93493 55803 55660 48054 32300 98427 47253 
92397 76537 48028 73270 95078 46906 3874 96085 28869 89941 48039 16293 93164 33044 44146 89103 64657 31282 196 10356 
43227 10796 44001 33870 87893 70876 13387 15020 85617 9079 78629 98700 20602 54979 94564 47285 37711 710 74944 51323 
79688 84048 11294 10422 86358 44464 50997 86040 94623 13595 71346 85898 60175 84552 31796 69051 38912 58086 90112 63541 
71753 33674 5995 98231 13310 1460 68325 67163 52166 51102 30542 96127 70408 24418 31242 41895 34462 82263 54674 48437 
71645 20642 8058 69825 92616 90957 93683 62322 26457 67827 13270 40422 32420 79224 44405 93185 22642 47261 84355 77707 
44214 17332 88513 63680 90506 21777 72533 34311 67778 25644 10203 64281 25887 89071 11548 15804 34165 2150 95411 85899 
64207 3654 10338 38583 99729 37143 79600 2785 28059 58097 78729 13027 87320 79194 59848 73772 36763 64100 89591 1362 
98508 22296 62820 94553 95008 4630 935 6723 38263 72116 6134 90939 97100 49693 42573 53296 8166 34331 18138 64125 
86125 32212 16218 58779 63180 32818 22048 74489 82420 84267 98920 706 56511 45465 76972 19760 81189 71009 65134 21712 
29609 38619 7348 78895 73917 15292 62290 16032 26988 69640 30543 72674 8473 6402 30052 87813 52492 91762 7285 98824 
2059 21240 27160 19889 35017 38465 26380 5672 77584 3426 20645 63852 96172 785 28248 7236 19438 6159 95331 74588 
65513 16786 96687 21004 50787 87585 57473 32930 71830 91438 85123 5095 45528 51515 39006 17151 26084 50719 62734 76288 
57833 53770 73744 30960 79357 76424 97726 90598 69837 77378 11990 69285 47174 8701 79263 99435 67812 59686 7391 16962 
63369 65806 60028 56623 67586 16710 29999 7753 55165 9925 18466 68177 48470 20056 10279 20122 44751 37579 71472 98485 
53720 75074 9662 93290 96914 23533 39950 76189 79388 99986 23832 60382 90277 89565 41720 33907 71372 43167 72230 40399 
16267 23584 15144 5545 77877 52214 5971 61819 37544 36718 62250 21451 65995 59985 43502 304 97345 41220 21485 20345 
26856 22095 43650 81460 63213 30438 89863 99542 29347 33341 24911 70493 30578 92303 54618 40576 5517 4371 75197 41700 
32003 22007 23526 98603 84757 95319 36198 45068 58244 1723 94151 88222 43102 55343 63521 914 18580 15661 69422 84776 
55871 87027 49165 36964 10911 38982 2310 79273 92514 18674 88947 49363 16936 21476 6708 51414 81010 76069 44033 71240 
79162 95994 46454 76883 21218 45570 36419 1275 30502 46376 58634 12703 73344 32202 74205 46801 30903 1084 69363 50854 
63356 71708 47382 87815 34767 51508 63489 49293 84888 898 80301 21215 1026 34258 78040 95012 99423 21899 31279 63784 
12372 66675 48930 21371 76069 61365 56865 87491 13522 960 22127 19597 35921 49825 29810 15146 45731 32029 94825 51471 
44702 23306 43717 77240 99543 20079 34178 46984 33735 84931 92585 62620 49516 75326 64879 58735 63339 12691 14252 25439 
91717 14470 63556 29359 53493 87091 77522 79513 59163 63850 31558 61934 29014 67084 39401 91846 81072 66520 4665 36909 
32980 20458 41393 9704 37519 70411 27380 4480 35018 94522 28022 16212 69673 33753 82382 93170 85087 59085 78396 88934 
87295 88371 12966 63297 35020 48022 34417 57847 9449 18082 80391 96760 84166 23745 76300 45963 97755 25779 42527 88056 
91569 46416 8288 27699 72312 63505 49849 50707 41258 50190 81757 98735 6578 71598 86092 50238 88644 35570 51968 70276 
57001 98656 47357 72280 2360 62808 24089 94032 76834 33014 90251 93116 72223 474 26540 75108 33214 11415 30307 70848 
33870 90222 31093 20340 38916 5745 49087 17519 40080 69424 27113 76555 75635 8295 24886 46460 81813 25293 46849 33072 
47607 4791 73838 76889 97603 81851 51265 17576 54693 1228 17634 84280 59597 37573 13539 63799 5195 26901 42286 23234 
64528 53893 1139 80795 67793 29916 79104 7325 87666 55673 44866 24174 29302 78956 69247 95079 88310 9523 85159 55750 
98043 28668 47683 25960 32612 34328 62441 82954 71769 34167 61566 17504 15317 58518 1792 1114 1820 33510 69745 77624 
19338 24728 64668 79591 36171 46171 21800 6466 25789 60612 56355 77489 18974 26507 60913 18522 41011 94401 17122 35221 
44896 38358 62907 97705 63107 7323 48696 78474 13709 57676 96584 15790 30591 29782 81115 9518 34409 5248 31818 10021 
62206 86254 86900 4544 19750 75106 89738 76380 20239 74510 84429 41403 85095 63481 67498 40010 87477 60837 71578 14175 
42397 59108 52228 40989 32133 86788 8986 39683 35831 28560 11980 7776 75205 26239 15238 25196 73458 70796 98668 29051 
71569 80802 19641 22286 15525 64282 36314 35732 49364 2846 67172 48019 13618 4170 77146 64643 50904 39691 23835 1233 
78096 28176 95785 27186 6899 2174 95955 3503 89338 50598 97861 13878 5831 6988 9172 86574 28556 20932 15662 87892 
94158 79479 63701 337 5997 14962 31923 59521 61041 29038 77111 83186 3854 48183 6880 58375 50358 47216 2209 34083 
50249 15224 9472 23171 18723 83797 75248 44301 59402 87604 52203 63880 76087 43016 42737 5985 30483 33120 85239 13572 
93251 61768 82733 8492 99486 68593 49931 72599 17703 11731 32392 3077 64224 19280 31763 50326 69637 57317 52786 85066 
98381 69488 43727 59664 32372 64132 52550 50049 13758 38098 81243 67411 56295 13286 22283 78295 97543 94982 94523 33874 
55707 8140 92516 92028 90775 59752 45126 49930 75968 32582 90889 81736 78500 40228 35055 79648 94775 67976 41010 30706 
73258 69726 71342 23060 61247 35966 83811 34157 965 16263 37553 13544 96926 18201 47609 60982 70429 69524 2407 32048 
27033 19086 53485 7670 4273 74314 71433 19814 88734 92607 58247 77743 44854 70019 3655 79401 20024 59472 70572 61535 
68390 67314 20851 87151 15274 26003 21893 4083 48134 9172 9828 89207 10870 3710 39358 30727 69348 71197 24008 74784 
67289 9096 62761 44289 26499 75344 60789 47134 8858 84032 67725 22082 37306 48860 32491 99023 71053 29486 30125 30467 
15978 50319 8299 27984 60631 63406 82205 96433 23611 70016 86278 12933 35199 50503 62085 56826 63668 81764 44407 14790 
30406 5987 3302 78500 94843 41347 58107 79610 46945 34625 98169 82433 14571 22045 91418 81991 40822 67468 64854 60971 
9994 15611 15660 75438 18715 13385 5592 24940 48138 9431 21609 96878 43395 58016 18460 72578 70310 62600 42882 33137 
22157 19882 74296 78918 99827 59722 64287 10342 1836 84348 67440 89005 59003 6895 83874 54243 76863 19483 49678 58033 
61196 26674 15487 33062 1784 32931 5027 60557 69719 5981 54827 91482 64481 69844 67534 55808 19701 41265 98595 85764 
12154 61963 2769 1306 15122 42579 85899 20907 93582 52564 88564 20049 54520 10963 22270 29054 72326 62606 92778 47765 
75534 35817 80465 73594 84858 3476 41536 9822 80691 77103 31115 41241 45355 39510 23470 89833 37044 14059 57765 96554 
27475 1507 68349 64196 24178 58703 34830 88972 77732 75244 1392 83193 91010 63326 89 11132 20723 85039 95058 77053 
89064 49737 58466 11519 20454 8419 91992 28693 40626 82175 63783 59221 1975 16386 55821 3076 35789 4944 17121 75920 
64326 86037 55626 28989 14551 41985 81935 57916 22298 2661 24912 36812 30546 82684 86175 6190 24011 77862 19768 14731 
99586 38942 33040 54489 15289 86882 77020 1858 31932 29748 9323 26224 35736 66178 89504 25115 4738 19057 28958 49488 
2869 18712 99881 39280 22136 94208 73981 37193 69463 54179 12295 47062 69810 28824 73596 46110 44682 4110 34918 66419 
36799 1428 10877 54061 86731 80465 2850 4569 51024 17417 60640 35639 92020 39136 3622 85408 7584 7399 86762 7469 
78682 22255 40307 93158 6610 90192 52025 78181 65316 98720 48163 89743 83531 52531 42924 36690 35693 81528 93394 68554 
51193 13979 93463 49562 68941 89792 53328 28005 71102 96366 3868 62290 73784 43423 92521 20853 13838 85880 50681 20369 
41692 59772 44581 47212 52277 46604 50804 25301 289 45698 27693 71779 2744 70164 96855 63438 4331 22637 11715 62927 
56889 10473 58429 17828 66822 41835 46235 92562 7279 97413 49849 81626 33644 54248 73132 36668 1376 2058 75098 12124 
31338 89836 76789 92054 52348 72434 9988 94141 63271 71955 34327 54908 98647 34724 10723 76749 11039 42575 27744 98438 
64237 27036 52408 85218 99290 70391 97590 78239 76649 90723 97937 98796 65529 43275 1542 90891 99659 89668 7077 54932 
78832 10858 88446 15672 87517 95581 13681 91474 60869 65643 41916 54366 89998 47313 9047 36596 61221 78179 70847 34582 
86851 60891 9159 20994 74168 52052 29658 50560 2669 37983 88315 46403 70588 33496 82954 16702 76948 11161 12470 84477 
93494 4278 67234 11949 86598 72005 45538 76930 83132 45818 15283 80037 43766 94619 99052 36503 17287 35624 31087 45211 
31787 38051 54527 6896 98649 64483 15901 54269 90787 59951 98374 48853 14811 61766 6523 84615 33231 74531 55354 18606 
87957 19453 48558 1047 57592 27346 92664 66936 45093 2834 22935 61480 22834 4212 47913 64339 411 29257 49106 97819 
76552 74744 85885 5917 26953 10407 16632 20934 20265 27705 70002 39444 29904 48026 23705 69850 69999 28725 51143 35064 
15646 69057 34936 1862 76159 90861 36047 31462 87185 40794 49146 93242 26711 52487 65835 94387 18035 82022 66821 47995 
35352 42352 54252 34518 37588 71351 92931 76395 20749 54027 14654 72322 62489 8250 66594 29320 46408 81505 88936 21149 
47877 9410 4100 22528 82973 73279 73482 92238 62164 94088 78728 32399 38341 21982 33010 51047 24520 26385 61363 71344 
49387 61985 20570 89315 13721 81842 31856 13766 37987 21613 61512 13413 39524 79801 22756 31792 46409 78303 16533 94508 
92972 96545 95049 13926 99165 75488 51335 96988 65481 94974 86236 75570 16998 87113 6285 78673 47543 51204 44146 62842 
4652 21098 42220 29022 57913 55953 31300 64369 30142 29964 31614 72454 11759 75973 13685 59450 2798 62412 68710 65286 
69828 91528 44291 30298 79133 54127 60361 29602 15338 42627 86311 652 81741 49278 47477 84338 46353 77633 39007 75767 
33975 4012 3284 39961 31337 83043 15410 57318 3699 74493 37772 58806 58495 32616 42004 13756 539 35970 31322 88268 
12092 33706 26158 82097 30806 26430 6574 12351 19760 46925 6625 67178 48087 52979 44097 25667 81439 79523 35251 50701 
96020 63273 49893 82212 70550 43880 69684 44538 48013 75666 73921 78559 49562 40915 14300 6471 57319 91742 27668 13629 
80806 55048 54196 98214 38243 77269 53305 54933 9390 5938 70874 60093 33301 90497 46099 83221 78652 160 76651 78441 
87238 81361 28712 95648 17224 93385 617 1873 65118 70455 43346 13901 73111 61818 71567 96477 65294 67567 12255 70146 
31483 98363 39898 17822 4381 24574 3088 47340 7115 16438 9427 94626 30777 93441 76905 32979 8149 80910 35643 73665 
35245 30892 2063 38069 39988 99748 84431 5917 18783 90103 80168 39124 93087 71937 71608 18682 18340 70707 98078 44578 
7568 31537 62736 10473 68321 51796 74624 46829 81339 50326 28403 96783 1077 75896 9585 63906 33708 90356 69139 7681 
25301 32372 64429 90993 14675 18311 23246 31250 45662 14461 89186 64852 1994 58739 6998 20968 83306 35171 54188 13860 
64651 40910 62209 34278 50460 86307 5433 8262 27698 14667 63482 6694 33098 5193 96500 10585 60075 5034 44177 76642 
19738 66841 31579 81033 94253 2203 85592 20696 13954 650 4793 53203 94184 79016 42563 77967 48493 25831 67605 76876 
19708 55511 23629 25957 44499 78261 1449 62930 79761 91469 37684 67955 94590 17152 38746 89812 269 51160 55999 85595 
78962 81748 66299 79363 94253 11726 54322 12701 84691 73595 36200 24955 24424 56159 28347 80059 2841 61165 35286 51916 
73760 95346 35413 76709 38586 71278 66044 26283 57585 18173 87237 2092 18022 62299 94164 44004 93823 86268 24010 89270 
59508 26336 89670 3092 57057 53380 94157 7698 11115 66606 10270 33393 67423 75856 66841 76061 30460 84264 50237 23758 
29226 41706 25529 77742 99621 73736 72697 19416 97006 98019 4876 61354 38710 57863 80413 54392 3760 62062 70370 91693 
69924 56902 93662 73315 85084 29550 44003 11022 45236 70058 36104 93366 13891 57098 16259 26194 57141 87280 75113 73476 
11763 27731 42750 4163 11893 96845 22991 69979 12595 96410 98992 29726 60615 23988 32282 87274 7001 16247 52113 29360 
55945 76004 94248 38016 47845 80534 56331 47154 27455 86057 71902 24117 24409 39110 13337 83642 83630 21417 49955 33541 
20018 20976 65365 92590 55993 50108 7034 38565 26809 59936 55443 79931 95667 99250 39443 37472 99647 64042 67603 64582 
55656 16036 48176 69210 81013 41251 15966 74744 90501 39537 87675 13378 81829 8706 13678 17072 81432 42433 43238 63717 
67898 28371 22572 33884 150 43582 4987 13849 23995 63482 8988 89449 91400 79065 93683 22896 98510 68379 38775 73767 
39894 45698 35001 78711 93553 44899 17999 64607 49632 59231 91356 72650 22039 52455 29066 11114 51213 29037 88018 84318 
16653 37127 25714 38118 37918 7338 42226 92128 50115 32293 80345 38007 50334 49920 24110 76970 1807 24704 12960 1090 
97109 72153 14831 38464 865 59521 28233 2632 33296 28455 29075 69897 4143 59846 37245 99640 41328 77351 43319 32701 
66962 49056 4954 84257 48791 23546 48959 35346 67283 45233 60833 28967 21265 20058 83550 45779 44800 49022 64081 49483 
42119 48563 87009 24041 85830 78740 59759 72144 10883 32248 7592 18530 35775 14041 67758 33756 83006 90341 46351 61149 
94340 4684 37820 29634 65287 63743 77015 33913 20499 79502 63222 93238 22587 73206 85942 46899 59467 87001 32075 99453 
63428 78868 38353 17382 66693 91666 22274 34683 17752 10057 87667 66422 47459 47383 43260 82456 6230 67429 39222 33832 
62261 73624 68988 7386 67044 97196 30612 19353 50440 36613 11338 63316 50094 95798 20805 68981 54504 61734 35632 77184 
94809 7306 82767 15713 50390 88883 68488 42777 90934 5492 35007 21680 91090 23628 67959 62471 94082 41009 96401 93176 
73165 69266 26083 35417 71992 64817 10898 42612 99181 72218 99602 23759 74253 41584 81077 84634 56052 49155 48164 74831 
99471 36399 68951 84775 88579 50046 20884 47773 25527 29149 74242 81832 34005 13077 45134 90243 86403 99870 19670 70140 
81982 8199 35903 96994 55561 25217 11809 33302 77417 44097 36049 89723 56418 85792 27492 12442 75417 25630 34713 13260 
6165 8906 1099 53480 55486 32741 55189 12921 55874 26386 48519 88097 73902 67256 59476 80013 80027 17678 45709 85357 
99995 17742 11942 3078 7511 75034 40131 37147 69067 25591 65965 68098 48585 24534 61412 284 63755 85924 5544 27497 
60864 44656 66055 28219 15787 29277 87333 39072 72550 43470 95935 10995 66174 24527 13061 73443 54959 45441 34269 27414 
92133 80871 89571 39845 29024 91396 44525 61218 75608 92647 21069 11911 66153 81374 27622 978 52522 3138 5369 94099 
53876 62044 16121 69486 81615 38778 47898 19897 12074 38834 33483 4090 92093 9026 47740 98476 24430 38983 2681 7699 
83972 24394 74066 33421 56031 11755 22922 46244 3676 46090 78156 87004 30028 61274 10623 12668 55651 49474 45377 60854 
62652 25071 79015 46229 19980 34677 29079 81529 517 53925 86716 58385 32093 19688 70451 41163 42373 83316 88043 98693 
23430 84339 57113 24912 3499 76011 31058 61397 98970 84844 86491 94259 53136 23749 89461 71611 17809 87557 62967 94943 
62774 67517 33621 5476 10527 30263 32666 46532 81930 72376 99509 31206 99577 55037 93842 32038 83375 57150 60694 72547 
68782 33096 60373 34182 40835 35046 8465 6894 21482 14479 84603 77193 36732 91924 31824 8010 53689 45003 50813 33763 
79985 17896 94906 29113 52670 38604 24896 812 92865 79265 20352 73743 11707 19955 65025 53596 61455 64733 93238 16310 
56351 33692 47920 55213 35536 38744 62671 61461 50968 44479 38779 7022 38443 74557 35093 77632 36423 23322 75170 51659 
29678 44829 89110 53431 73267 17536 29856 70064 28333 82674 85828 49551 7820 24881 90054 96214 18945 75374 33101 31698 
52173 81955 72071 83780 65940 80986 95602 17978 65210 49388 35343 94645 94253 18751 8686 43022 85970 23507 36811 75445 
48373 51149 3506 21255 41137 77653 51926 91727 50502 23290 46714 89616 65796 84116 19760 19474 70200 47243 61789 30165 
88897 60903 28381 72807 8638 94712 51333 5685 7924 85073 98516 46340 23601 62325 1038 71854 90995 97403 1686 75371 
73092 34582 28193 1851 27276 89131 93366 59342 25908 95270 1875 8808 75661 45568 77040 93883 32807 67462 84884 28077 
53514 90628 70217 9412 18118 32061 71166 11314 27283 96625 41237 32407 71809 21258 96983 54790 81807 55751 92449 67615 
60041 80772 95049 14313 50391 11891 63041 19361 28580 61288 28262 18724 25904 84506 13123 90068 21540 89382 60055 41646 
41964 67945 48216 45633 25636 87151 99557 12914 39756 71915 2360 83879 1833 92416 99618 44035 89764 40619 57688 6735 
61405 64415 74584 49782 1178 84601 72813 51216 77832 87077 83113 2727 82514 80431 68449 70879 86868 77394 10060 83480 
8806 96556 64363 97247 1521 72896 51889 3162 78136 33239 60232 44280 74100 46549 20804 216 79091 98745 84693 28886 
88898 70142 26202 83429 63027 19794 30397 35373 653 27871 54328 66854 85228 14399 97897 31596 84152 87746 40306 71227 
28363 26460 5073 25550 22807 17571 64968 71938 47618 19612 72815 95737 18779 553 76801 80394 78833 14044 7451 924 
60548 48332 29228 13163 97520 21358 70871 75581 26074 80799 37271 3552 14737 14619 65849 56857 25336 20673 7379 31704 
89786 29242 10936 70112 7823 4676 13587 22121 1390 29997 53533 3890 95918 260 53649 37663 84845 63347 97763 37187 
79991 42188 6233 30944 46509 59808 17480 77486 42148 39690 84171 85533 39505 33394 1286 42140 92682 1350 15120 54186 
52347 63480 26976 59959 68396 37980 20030 82839 63043 67868 45295 78282 93115 9072 66452 80838 88736 52979 52057 88563 
72355 81306 66965 5850 93161 81181 42548 31885 82359 52610 86495 14100 41777 43455 58142 2668 48892 93201 72314 74452 
65871 39888 55056 11525 89966 81513 81725 83197 77645 60152 71396 81172 33649 82332 19272 55930 97177 49745 39878 40198 
40101 43775 94223 5149 77336 38087 83595 81100 19738 33673 38356 89105 60358 88310 62828 17719 72644 68469 20273 62674 
5050 16989 92980 62258 78991 16199 56820 75319 2195 3344 15020 80313 99595 88794 46060 46386 86292 50384 83554 13035 
16952 67903 86146 99651 34755 68048 83557 33774 96590 65025 14242 12900 21623 13707 67799 4128 62013 13664 2442 27349 
4100 68788 23241 15625 70905 89293 25131 35073 81504 31873 64180 8163 35464 59174 61447 34741 52357 77033 41721 88065 
4263 32792 63394 46168 977 12246 30276 2601 63529 69235 93583 45455 67744 69185 56875 91699 32039 78445 22923 36598 
5070 4973 29659 38495 1418 36943 49248 91873 75307 55352 42998 33378 7366 22403 41036 25245 68678 5095 92686 37030 
42408 23995 11331 52449 72739 63188 80038 71831 23735 83340 34828 57261 88962 57325 96510 554 53522 79730 62713 13262 
16439 28449 18284 11141 100000 15263 3701 19273 19029 17244 20362 60693 96249 47629 35113 5556 52821 20807 76916 31640 
16381 74770 46301 25408 71589 20458 51599 440 96693 71007 50295 39562 39378 76797 95534 78042 63432 66967 67851 68766 
69826 76734 7925 95688 8598 45531 45862 25282 315 61666 66437 95042 66690 30300 54610 39360 28745 4338 74122 6313 
10829 99645 73829 39895 43620 98342 16994 50437 58751 59104 3801 61200 69668 4011 17595 31221 59884 92079 41372 39166 
83314 32440 6159 13139 73461 87366 92070 10187 57872 94514 3903 85923 31894 98140 58697 57551 40919 62187 59917 48986 
51556 63596 91456 64404 29759 53769 7655 2057 19665 13338 24486 44581 92727 11527 13861 14096 98752 74442 38777 87390 
8878 53823 46699 11568 42027 98428 39327 18521 14049 41583 56576 74562 86717 42375 36309 59679 8273 53865 63445 83849 
91732 17670 79103 75559 29014 61158 27038 31123 58564 27018 82922 52454 25237 11067 77132 74443 64571 28105 87627 7004 
77739 24673 50363 8708 6036 97429 95955 70535 57026 34556 88923 79482 94443 80984 81202 2136 27044 9342 55751 50137 
8510 59899 11034 33141 45114 19019 2966 17711 32920 45964 88053 76785 89374 18014 89027 4960 94244 2267 88595 53333 
55924 63054 79033 73622 13030 1632 86828 93293 74546 27953 22076 51643 85518 13450 18848 45222 88419 58957 37891 78984 
77763 20547 33451 94378 80995 27872 21376 34278 51798 62013 55097 18766 77137 60159 1335 26958 89762 99097 14633 77180 
79560 67608 19870 18356 31029 40084 14272 11463 28253 65845 40862 48897 36836 58885 29706 28907 32818 47762 12433 83501 
22990 44059 60026 17850 69625 97851 58431 3438 13019 17507 21492 51481 18004 37380 9829 77487 8072 15990 19245 27190 
13049 64824 45252 17369 31760 91737 69842 35923 54563 83319 15960 16187 13021 83424 115 10057 76013 35916 48790 58943 
28148 99924 80917 80192 32851 52172 72681 95293 61998 68754 23265 54404 32672 23126 57171 22476 7843 9002 43903 14918 
56992 23860 51957 64743 36032 9977 24765 28572 94172 58241 67938 3373 12014 43114 94984 13561 48624 65362 35511 6288 
64217 68056 97963 40739 35217 80690 46202 60037 27470 62519 80463 60777 82575 37802 28059 47086 87327 63854 39639 19426 
57655 32031 97174 35060 93671 82633 98210 43154 99697 17802 42736 5589 34820 43125 52495 99582 66031 7072 62263 11930 
75162 97284 34769 59351 26360 63448 68519 52447 62638 70552 60100 88627 1294 28890 46122 62060 905 98854 51861 9650 
38680 9921 64989 78531 75165 63267 87805 31118 41341 23587 50108 81179 78390 71799 35480 57855 51181 50601 57504 13880 
85495 1609 20798 98811 29546 60564 93694 44467 28555 39817 21978 43145 20794 38871 98750 55587 52372 61238 26905 15410 
8887 27382 87335 61872 56157 95983 88909 90248 22648 35375 57389 85108 70764 97595 26837 98252 34787 95656 96355 99271 
46184 89376 47830 29231 27891 10077 82142 77614 58584 76656 95357 46402 67513 18571 68733 13245 80719 69055 93161 99165 
46729 25386 52231 44525 61080 76647 55870 23729 4888 20591 67843 90999 11425 76505 4940 48020 71066 27321 1469 75517 
8655 71814 42538 64912 8974 4969 68058 82067 26625 88921 47608 66767 78411 45103 1445 79193 56398 89258 80035 51843 
94210 54595 17940 17525 63136 8176 34209 38943 46410 41138 24807 84594 47809 40571 70057 92116 61759 45086 43524 42664 
51626 45431 93988 52999 22098 42885 83455 17724 46007 39481 38822 43319 32567 57598 33122 22099 71521 78613 27776 73709 
77597 5302 26310 86789 13823 14007 19678 13328 76243 33509 82909 6997 88 33835 95891 42762 24824 55571 87366 70114 
95836 47147 80483 89673 73278 83915 43218 3142 51965 12967 56629 44174 54665 13378 88890 60646 33536 61757 14453 13575 
14469 48895 81501 81945 84375 57335 69001 76159 52928 99531 18968 78635 35613 3469 92180 4169 54828 74929 5608 82878 
11508 14347 17127 34019 30067 81181 59791 86146 46912 36184 21546 98676 32578 55215 32695 94014 18299 95917 79288 49817 
94168 41010 65626 13512 66106 32453 36518 99059 50312 73199 24122 11546 37278 72227 19275 64902 24389 74080 8869 19411 
41083 52687 22186 57257 89580 43879 2758 47788 15062 77755 27169 98678 21552 46861 15924 79659 28377 78283 76821 58402 
6151 89055 74597 11345 52785 58098 56085 42507 5429 39787 77606 95341 25433 64143 11566 56964 89231 64326 31699 40942 
61620 3422 61803 29740 33920 1073 73433 92532 79647 76776 46595 48482 44230 50786 371 37233 75737 71657 52504 25766 
33897 88593 17337 2715 16655 41910 32821 70744 96945 6355 29183 88632 70999 37461 46129 6691 4315 61258 14356 27230 
82485 66312 56455 83376 77667 82980 3558 15296 242 60746 8925 31190 22911 817 72146 87241 13546 53590 78792 23834 
27623 76155 83078 15326 32788 1435 73776 86510 80765 45727 87985 39324 73642 80204 96532 57668 63039 54959 68425 27549 
13149 56610 59473 14290 91073 97811 70081 48794 70904 74294 38732 95183 95054 32320 3478 31667 8978 45235 14987 9550 
48773 63126 61042 5003 73165 16366 14164 80420 57986 43901 94041 96026 34750 55954 76171 45675 37599 51032 12964 31388 
98383 65108 1922 66525 83523 2097 76750 65294 49696 11596 25276 63340 67947 29609 18311 73403 86646 53224 97955 62789 
26134 70670 42932 62012 9731 42664 1369 15530 37990 16844 61047 34309 61061 52458 81895 61107 43181 62841 57660 79302 
67786 73642 31797 29432 81219 6846 82811 38241 18169 64644 74920 63448 69140 99012 66410 80643 44221 96772 36927 94964 
75228 47227 91902 37699 91484 20752 43640 67897 45447 98459 68922 79883 33274 19567 22879 98751 65579 41045 51802 5546 
5973 21547 65324 55460 8662 18337 81115 45869 68726 2625 99474 63553 15864 26193 78513 62792 52111 57235 43167 71532 
35189 85872 38824 49431 13205 59035 1800 86067 39326 6704 54971 85923 4019 16899 26251 53565 11540 43798 19621 92963 
22830 95630 59380 4622 70331 6477 52469 70943 36209 99242 32229 62526 7754 45593 38018 68823 96146 1066 3284 61676 
73003 18796 28435 66803 37582 74753 61118 27720 70557 8180 75313 20507 65782 70360 91908 31515 25100 74543 64621 75578 
5662 68889 21468 55829 82766 92738 60032 54300 21614 56245 3812 44384 35105 6618 32661 36215 29098 60947 71852 23116 
68831 73723 67397 38644 33174 40723 14659 57238 7762 37583 79537 1185 67223 85815 484 65300 13622 43908 81819 43083 
10291 5201 29867 803 87569 47821 67084 83913 8894 64375 90471 69076 15899 35752 48888 63748 70841 72359 64180 65542 
23943 76682 40460 82199 47859 43005 65015 97393 69443 73202 54557 20553 7385 96631 46512 41199 69938 50631 47756 80976 
50109 66432 85949 32243 10890 81440 77775 9785 12225 42742 67112 79286 54113 38052 8499 98043 22027 36330 11895 52074 
77043 10613 69260 85297 53752 98112 95214 10761 79397 7106 59971 63748 58901 32329 4395 80396 44786 80842 39415 31342 
73393 24837 26150 30234 68311 98690 83205 80673 38033 3237 19412 91634 13621 65212 22638 50486 10608 60370 63301 1777 
66449 45905 22607 66657 80609 52767 33209 6638 2817 43901 80811 12008 40229 33657 30125 12668 92496 59243 35184 39169 
7186 20390 41507 43699 5578 17672 66042 64009 82422 1734 24407 50372 53408 7384 78751 61997 20760 56176 49857 50737 
68123 71923 63504 64009 21961 72036 11487 87116 65872 73461 95768 78544 81180 83499 3464 31694 53672 8014 54644 11013 
82535 27778 50983 24558 38971 77778 98038 24239 19855 84779 29844 29532 52498 88490 87914 75796 50791 41915 65750 81372 
36347 69654 93926 59951 16606 5656 46673 17768 29108 84432 31006 73022 59134 71150 8657 77754 55174 34833 89187 49997 
94301 68194 90608 15799 1444 64837 9339 46538 80449 38753 96589 57744 73931 54807 52849 57734 3355 89618 50517 84050 
6834 71683 95427 99045 4391 82683 84850 39675 32162 66014 91649 2532 93296 82593 70259 12704 88499 86866 17150 41623 
33469 87100 20301 21045 95304 51148 33780 30905 4493 5097 54653 75040 18453 84482 61955 25414 32206 37468 39669 61836 
28825 57712 12661 63202 84050 83043 90951 3668 86452 27457 78674 97219 98709 99732 95911 8902 71110 64064 88198 53636 
33063 75232 66661 80964 44962 41320 74233 26326 52604 46130 61483 24770 84727 35298 81245 4848 25980 86200 94901 57390 
901 38707 8451 61944 61471 61868 41594 49783 93129 20291 30298 62802 45591 81531 26626 30955 29108 18067 33978 61801 
30821 29747 36527 86376 75719 98534 34121 12571 40646 61396 40711 73056 42872 35980 50888 58030 37805 52415 11973 35928 
48495 88766 23053 61916 18601 56266 14035 27179 87127 28971 37969 91558 13479 48681 58404 45906 74770 67363 32060 26430 
65441 9904 72336 56375 1586 85779 66529 44370 25327 55087 23893 93583 5116 80007 68475 4290 28353 63780 38556 88808 
29230 12209 65504 88924 28575 11138 75950 6031 32563 50049 83803 39789 5620 41731 59215 68387 69784 90677 18250 26024 
22981 3938 34819 52031 15014 46856 60144 48689 91848 82699 110 99106 68620 88923 74369 69357 28215 81721 45796 4462 
76786 75599 11266 49168 83585 148 98187 99466 44847 51097 82818 98216 67336 43120 77970 12555 31456 34178 69522 2451 
21927 93171 41068 75833 74453 2464 98576 56821 5165 45366 9811 67992 25965 40686 49301 84082 46053 62014 62214 86516 
66387 83712 29755 52867 48690 74970 87895 40536 17063 67753 16261 1895 5825 59777 70350 44774 51162 9390 89830 64775 
38666 25187 1582 46968 51574 26101 84110 85769 8920 58878 83948 68849 32240 46265 71656 19635 70666 30571 34099 81821 
90060 70389 34475 55854 11278 35562 30962 71798 88693 23699 60767 15023 65369 26140 53440 36967 41199 41177 91003 68520 
81755 22572 86086 731 64410 67714 22251 80352 480 31271 20762 64419 26273 87652 74301 86040 64784 86084 12482 76291 
36476 48037 88011 71173 52574 70410 19023 53948 34315 45987 35164 78600 8234 56800 87012 75650 2111 68689 23308 44914 
14017 59179 81028 109 34498 94741 75090 70986 46562 45446 93490 14012 61802 36414 63077 72122 10079 74720 47716 85724 
21315 90658 33929 11410 86230 38864 61495 47690 17801 92509 6240 46677 80255 80798 48244 73987 90220 48193 84752 35516 
44167 32800 69387 90004 45406 30405 16584 17992 69111 65440 88095 45625 66442 35075 19899 64081 12077 76963 30574 24197 
52058 37377 46893 80164 78340 6603 24405 77395 2264 94384 88544 19434 9341 22550 45388 81356 47978 75561 41620 69566 
83767 38235 89321 2470 18313 7422 52085 43681 34068 21964 79553 44677 17525 20868 79395 28703 94446 11999 49878 9671 
89114 98508 59687 78268 76119 26342 39237 38737 76058 13904 52574 35379 50855 4195 9821 64034 93064 56603 54847 64785 
78831 83452 16044 17499 86497 61687 92315 10047 70400 37280 32497 9801 77278 16889 57238 38884 93043 93542 78670 32979 
18850 67519 40525 61453 27902 18344 99567 23348 9849 32627 53561 75703 59958 51548 47867 31979 85382 55889 81270 52352 
99496 70701 2314 92101 31069 14103 32306 87159 65327 69573 41203 58701 49219 33426 42362 33036 93897 56796 35709 96325 
61144 69132 38083 22743 37801 96057 84910 76948 56731 56904 24277 34218 60588 97076 25696 25280 7050 26046 30238 34865 
75913 99714 13015 20808 55151 36956 6451 68108 21679 51945 23569 46557 94973 36923 47276 21419 58897 87466 49964 96885 
33364 87833 86602 82049 72429 56446 85520 4676 88572 78688 68529 45578 16482 17699 22342 24118 86717 69454 93774 20281 
3941 656 24027 77098 23661 83556 83958 73942 97860 3531 37886 30178 39612 44076 99654 7130 13226 6095 28975 40908 
20632 87978 29824 61527 32562 12394 8472 10643 57844 6200 53877 62608 42180 43958 19294 47240 4102 81763 96991 9737 
3257 60334 83728 22790 77707 17373 80242 73073 22631 54817 46254 41691 24841 58494 8927 67732 5558 71014 56997 40437 
77062 62597 9341 5121 37944 44089 10324 42796 20181 77401 85536 10095 83788 42390 17005 24037 8688 47989 99540 67741 
93290 60082 16837 37041 76870 20189 74882 5785 24530 86932 84146 77052 95236 68396 66357 6761 74005 43914 85199 9210 
25849 32771 30007 64082 11904 3326 607 6469 78019 57874 43710 16429 44818 27036 73191 70682 88346 42146 35760 22297 
78798 92740 71290 56997 44451 1917 71647 69740 22161 39786 46111 13815 36447 96406 69544 86850 65138 81692 66710 43530 
70914 76772 10756 23878 14315 5610 34679 72658 2556 8775 32011 85701 94218 47014 64605 52939 31707 69274 55067 41757 
62705 96340 69504 33100 85897 14318 35748 7051 36174 98205 50794 434 68935 38413 85565 97951 13198 328 53655 11638 
94589 83897 70334 56834 52457 57211 60134 66985 10281 43589 96811 662 87051 26029 457 69122 40391 72945 89896 40985 
21058 19444 60512 93703 79752 40097 40296 75210 3177 7793 74825 52773 20484 2037 59149 17018 37846 21050 54000 58147 
32869 87047 66809 82186 31148 72783 42400 26139 4918 29626 94673 84542 84428 76018 29167 12598 70783 26279 61661 1199 
38575 99483 17651 81753 62586 47624 35910 90354 69847 25762 80638 62061 93248 19448 75263 95329 43368 84741 91938 21619 
86289 99133 38077 29706 65023 22821 55354 49673 2966 46399 41386 28702 52121 59174 93768 74869 94330 58774 60799 18283 
27871 81921 75731 17935 25386 69608 84503 99956 74908 18069 47275 27898 97678 70775 18813 1484 63464 18565 38080 79726 
76663 36739 20506 32883 69255 68296 63523 81358 6003 70286 72677 57952 94338 50342 27162 14699 1935 48910 80669 36825 
10323 89428 21314 23855 33160 87206 43408 54587 40740 6959 24999 83082 55953 89979 94242 66147 3751 2859 41021 16524 
63441 59503 76218 81515 68327 27928 91130 57877 44081 83349 44546 35918 50149 62109 55307 17685 97240 83378 49604 14885 
36774 17149 91351 71217 67243 35313 70701 70319 6185 45704 46541 42809 49410 88312 18256 96640 59656 4836 42334 1729 
52524 78607 6572 7193 33637 43020 10219 25777 53058 98057 90169 56289 64496 68437 21134 54076 87132 30616 41479 15056 
34163 59029 72235 48153 67512 12804 79219 21882 13111 77981 18913 80391 11981 19263 65782 4000 48805 10718 85613 49638 
12124 45497 80811 24997 21381 29465 94654 34091 55885 92112 43904 69237 21475 7446 46520 98824 74855 53873 80730 31929 
31805 84553 47532 4284 81608 38871 41619 66297 9566 70379 40585 84572 31857 35318 73295 20906 41279 95160 20 57981 
80189 60459 35170 22930 69012 6108 46959 3021 77238 46320 8306 30771 11986 45799 87563 28551 31986 86334 49246 9575 
55374 12859 53097 88591 68123 63412 11788 12920 88053 18137 67121 65682 48008 15192 79875 91034 15485 32838 969 38087 
44856 8461 50229 97359 3928 41675 36299 13736 94983 38805 50771 47517 96218 62870 35273 80464 8630 53673 46588 16634 
24728 6570 25552 61848 84044 52547 41169 45760 35553 62714 45884 72382 36596 82006 62355 56556 11247 93152 34555 55874 
33219 21762 51709 19895 91005 82550 19688 89739 47843 68137 39332 38522 78364 41305 93262 11436 65990 35985 71838 79484 
6875 66662 79455 91212 69201 16761 51737 76516 51490 29312 98086 62734 98068 16028 84227 5531 68669 50659 17728 57639 
83180 70551 36463 71638 40003 94633 43085 79600 32692 47923 44209 18169 58501 86430 53618 79614 48938 85184 72697 75259 
68643 21665 699 21216 20737 18059 89543 40501 50080 10668 11102 3415 63610 93581 28537 19987 11643 33118 86507 9142 
39623 25043 20433 94735 82959 6155 23486 44385 69883 20009 14736 78002 6914 5863 56229 24389 2746 51964 97975 94414 
47882 67502 37170 6354 35187 83788 32108 39199 12640 19467 48795 42285 44088 83931 45496 59518 7939 27283 90912 95583 
1657 30438 43364 64590 60781 81495 52197 27482 52972 37399 70314 92401 77999 55783 36987 23671 1144 41984 62694 51955 
95300 1059 96573 31296 13407 43770 10171 34581 93867 91380 25004 29452 16821 3567 43608 97663 24127 47985 9300 50061 
61913 52671 72071 81698 76042 91954 32379 64506 89800 49620 30316 20150 46860 70555 32420 66476 60207 12415 34102 86001 
26260 92822 79836 43865 21202 84369 54270 32657 91310 21180 3455 47598 46872 21101 52086 30437 63193 49205 14433 99791 
39639 79682 20893 16161 49372 51003 68875 82141 92436 56041 80989 72594 36608 88075 24320 82138 75190 92233 80538 59863 
81665 10387 75831 61806 34355 6088 62276 8878 27870 54109 63626 90397 92210 31440 70218 23891 98988 79985 4667 4302 
87878 10421 56083 63936 18034 46148 96227 71538 91001 64746 8186 98739 53758 76094 32407 94310 75561 86381 19571 40675 
32517 16914 67892 51167 99565 60587 94219 92833 99253 39980 31669 49393 56432 86671 62746 99610 4673 33467 81858 76689 
96565 209 71797 26894 29604 45538 66740 59067 50394 45262 98114 50047 63131 97038 96674 19734 28670 73655 22675 43647 
62501 28219 6250 32076 69939 67298 79137 63810 59343 2095 52462 98976 99729 78695 89357 12639 97759 62869 61370 42036 
53265 88650 98872 14212 87830 15697 72911 50354 93833 1734 32265 2415 82633 32315 37864 56717 36721 23683 2223 92944 
89692 74558 69355 77361 59520 44019 72600 30892 99421 45858 36800 17867 18718 87974 79074 14336 22941 14606 52320 61230 
96956 16742 4796 37707 45576 74953 93349 7061 21940 99525 41499 44654 32213 94168 80999 97376 3809 88597 17218 31343 
96022 12410 65626 49480 1882 65445 2544 89129 8126 61808 87136 69023 57993 37849 6511 37191 8515 59134 94112 70881 
61355 23955 90876 26799 26909 47624 61826 28489 5339 99218 44464 41297 30692 91895 12505 90760 50066 41927 3759 38259 
75547 6176 21483 55114 18018 66986 62590 62721 27666 9437 64249 73702 83077 95866 12471 1350 38077 15280 72587 80511 
68938 57008 36099 20759 6426 54969 85366 63875 80475 78511 37602 79729 41553 11678 36001 65137 19008 79287 47487 82782 
8739 92107 60668 60971 25337 57445 60741 96914 76630 44988 32887 12721 61005 33525 80297 27854 25525 90392 25923 37107 
70806 26772 24133 92281 16756 83340 21484 78085 53631 53486 57001 45589 78998 25915 65022 13658 46155 1109 7625 7056 
65907 88832 55672 64648 77146 5823 28 23017 18778 62509 89707 77300 82927 88819 70798 87410 76449 56877 15258 11309 
7841 84207 63573 80857 17206 36657 73741 74463 18150 43918 94586 37699 779 14735 42597 61304 27728 29838 81531 7856 
57654 29203 97999 29775 12914 72548 27486 42071 11586 93525 80047 19433 59998 18110 75047 12638 72580 15894 58123 34425 
28744 92312 58676 40292 85455 43144 27872 4863 48108 92283 44822 91921 47982 27039 33200 21571 85044 5382 54231 98814 
40108 38520 56443 64367 21487 36730 63182 95204 63356 47662 25136 3175 62890 79572 1600 53635 26742 34223 36905 40789 
51121 26102 3428 42840 68814 19487 65667 16491 47779 59313 10905 75301 50136 9133 9182 54901 22999 27941 22589 54761 
13059 25971 72631 88282 45097 4479 19334 34097 70819 62312 77335 96922 4251 74870 52680 53498 76678 20589 26587 6948 
253 91366 21722 65610 63073 35486 84842 73489 91000 74552 26376 43344 58139 15911 93956 1293 85741 91368 72108 67501 
17177 51753 31366 59197 51677 96376 74178 89961 46762 8671 85374 57628 96396 87117 96944 4836 82487 41787 47244 5203 
45509 58486 31340 12028 15027 43373 17416 54169 35347 2693 17575 72037 65211 16078 96607 95980 34019 69103 55354 21234 
14712 80281 10918 48117 44320 81815 58981 71558 46813 82961 5176 80854 25913 9047 9438 55871 94230 66206 16886 85023 
99689 83873 84341 31536 89293 80300 28197 45978 63856 8301 22585 5424 79694 15902 2147 80828 29467 57584 23077 91420 
56972 40821 50414 24879 242 26340 4460 83403 25135 22689 35509 12072 30687 38884 81712 92798 95175 82210 86387 87376 
1543 22787 18966 28154 48512 37212 10698 47458 22123 45197 93246 67728 96937 32173 52832 87832 13354 66 98888 76974 
25255 37084 2298 92567 18554 35548 52421 33727 91408 70268 79769 75785 86792 59607 41736 40432 559 446 48989 38998 
84349 74969 15419 50986 23991 87312 28014 34950 72505 27838 95088 18082 96271 78155 88789 45123 24525 65898 34616 6400 
93392 80496 11342 60779 30127 280 2611 46176 45126 32624 1268 14289 99115 21351 70189 8473 46296 62200 72801 59753 
55729 17994 20173 79210 10581 61300 82925 14871 47443 14504 53346 2230 42439 96483 66323 82135 14015 80143 20820 75698 
99535 41707 57895 58198 47534 96656 84927 46254 40576 23650 78568 88942 33264 64972 7369 42821 27286 3642 54310 93758 
9186 65803 50875 40761 57468 26216 72781 49877 64743 50997 12084 11456 46162 53521 41727 65746 57011 24984 23335 31220 
32767 81659 91128 36668 38742 36147 49741 84251 74318 49687 71911 89293 25261 8491 54752 42739 50415 99861 98807 85310 
69171 12950 91182 34995 61592 38707 3819 75418 89210 40953 80890 65577 70083 5621 94018 25764 12983 28608 68253 22192 
6086 96030 2252 15863 2499 30256 71235 15945 63393 84358 22512 13272 2689 78689 27402 39618 62478 42092 13844 66242 
96339 79491 9018 61352 66922 98560 97983 58338 174 88714 41328 70910 56844 16199 22236 20997 48863 6945 97340 49647 
45230 81143 41158 74929 64217 33906 2711 2076 72233 72506 8954 31025 90305 68685 7353 29520 69149 84803 64703 42466 
78821 17670 35253 6124 42612 44109 12462 20724 88632 95551 53021 8333 33670 2860 39646 43088 60220 62767 36305 68698 
77470 24600 96934 59430 9735 24578 31228 96123 89593 77425 63678 3462 42468 94234 44775 75675 31863 81993 65159 59020 
8819 86423 31982 85374 17375 60164 9004 20241 79702 50396 11852 27475 23974 71979 55605 88946 45963 22061 94219 3416 
40203 45640 63359 51247 17814 53437 61509 94290 80850 20865 83494 35902 40544 43203 26531 18141 92737 49230 89022 63463 
9938 34319 57657 5466 97199 78846 75675 38755 56013 32481 45483 67595 32798 78058 79780 34897 32590 17663 39059 34431 
86398 18077 49411 54 6834 77648 30626 87399 33084 51984 71738 70308 67539 68139 16034 52162 4468 96452 48516 22363 
72372 13015 58234 21545 14301 29804 8135 99392 56038 81123 85942 28211 76375 3474 66754 10097 67568 14774 16977 53801 
17487 99214 4743 97206 29817 4177 68207 37287 95629 91529 59563 97027 24112 60148 52587 8942 97529 81583 27946 83446 
80916 76253 30882 599 58068 29176 86391 19950 22597 3765 5797 40843 88057 57249 44469 71035 73231 56163 59291 69787 
44950 70399 4916 51510 92623 41860 5176 68607 86026 28700 26383 54754 10695 1781 40261 38042 77276 96663 82286 35460 
55467 43549 56322 92743 23773 42330 79701 68418 20380 45671 67936 71693 60628 59414 8329 92833 27386 93935 20114 8032 
21416 22461 68225 10679 63930 97485 7930 66645 97479 92253 33921 32933 13588 91962 90412 78771 94133 31574 72495 9919 
34519 69059 97779 94898 90746 59335 39675 36107 74633 43662 46279 24119 24795 28044 62236 32432 40364 42797 97178 76628 
67999 35105 35307 70677 69444 27406 22823 59036 83233 15111 4531 13716 60457 67263 78350 6295 8126 39950 95959 42072 
12119 11142 96384 93954 60641 96932 12009 99477 7234 77764 92892 53736 96142 47104 59046 29843 75198 31930 37058 85853 
1930 44821 78690 12865 59043 45661 25614 18443 80805 73424 59473 19890 85917 62334 20631 48016 29982 93636 47133 86993 
66009 58706 57183 48673 83974 48736 73943 80885 76602 64619 46129 53082 70449 24235 88235 42904 55449 10292 11957 10318 
32235 70047 29370 91115 55938 4488 25198 48641 40000 74810 79257 34444 25854 36236 41282 50863 20394 63370 28534 81919 
58134 29450 31516 43232 29476 19394 16884 95668 40591 86732 44518 7080 11475 87941 16878 29797 38247 65926 67042 93963 
86795 84839 25015 8058 79264 8424 79158 75899 24368 71883 88163 91842 31340 9119 56175 36000 8252 86513 30831 78658 
62004 44451 77297 87758 15278 99084 81351 90717 34376 99083 28744 21880 41550 52488 91665 74852 27469 4565 13071 8624 
56926 26994 64932 10126 73111 71589 58336 25455 42880 20606 63821 67569 81334 95593 47703 65412 60598 88837 24731 269 
46554 51802 26221 90823 63342 57967 91757 43618 16268 98023 98240 81639 33016 66633 98598 36590 64115 75214 54580 76924 
32487 83104 34620 37424 80845 7475 30803 30445 95526 63118 53804 73310 50374 10594 77755 87495 85765 95824 58354 17447 
59457 22702 15076 87694 15609 38321 19462 68723 90646 49197 72398 38592 2577 63890 90143 76002 90464 51688 44948 4212 
44542 75586 76521 17004 69460 55189 84162 60103 11085 37816 27100 26702 99651 29482 74033 76212 20525 60430 48735 92012 
49231 10454 56807 81951 8839 44073 97066 199 61224 31706 85973 71864 8302 293 90455 22795 56273 66355 81150 40748 
99957 37708 54059 35687 5386 62362 3668 45872 43942 53992 45680 72628 25532 66676 19932 61735 75098 98414 21264 79060 
48383 57953 15398 95926 73384 75668 80990 48002 99262 98925 54110 41987 68645 76474 40832 91954 5623 85426 28703 96964 
73675 27492 38307 67446 38171 82750 72908 61665 90860 20209 66615 86678 38321 28354 98927 98245 73950 4824 84672 69436 
76580 94615 768 34310 57479 25081 95458 87125 74011 78228 58261 66333 85308 67430 41291 36425 5549 44254 41167 16206 
99517 96698 52920 59158 49908 5024 63731 36145 39035 65028 89254 67094 20074 8743 64510 81690 31158 55941 22319 84698 
61404 71126 50618 49058 97750 95328 70916 72333 69334 84316 89026 88557 16578 36499 77541 46250 68780 31662 81694 71301 
43057 86971 98913 52907 25832 3692 20791 20221 77240 12369 26098 97204 67293 86859 52926 13584 13642 68350 79850 57166 
62670 72317 35905 38141 79007 93659 67473 64410 13027 52306 17517 19338 28463 16247 84841 43037 4559 80630 82926 35276 
33875 40203 93430 95116 32520 95113 1350 65750 70500 43750 56335 87228 59414 87704 95320 71285 97611 8510 88154 98461 
99198 79045 70179 81285 80296 71590 14497 37415 48967 88834 44862 92608 4853 63939 50778 59904 49174 62465 60966 81940 
84954 54327 5396 11416 95039 44776 45958 78787 16205 31656 56204 2069 64058 98925 63171 80104 64642 85310 4061 42824 
16626 89369 10730 3193 28249 60246 89154 74056 37847 77490 88240 4605 12950 18136 40530 38179 30749 91711 60728 45798 
11645 89123 46726 57697 84053 8071 92874 65586 89434 62 84754 16699 18971 42449 96598 71591 8025 40792 249 90455 
44688 71246 95450 31256 13937 72697 35687 55669 64914 44483 16598 21647 87160 57590 28879 75786 90966 68918 50050 13461 
66951 53036 8452 27513 25768 13941 16379 51081 85757 59388 92915 49601 5823 12921 26824 76686 52714 21707 87737 47526 
9437 73272 65016 78067 71332 53833 85145 91259 96146 83783 96869 41569 28251 49070 64571 25019 48773 67719 34318 41878 
50969 98891 96687 5755 28950 87383 82693 17799 21375 38869 50087 67953 53903 58988 83117 62566 32124 85549 42779 96649 
73098 40239 46621 47199 71904 59023 98402 37937 78684 1511 45089 25700 91597 9375 83497 9182 58397 99180 33623 49513 
36751 24654 3745 15015 45944 40113 82898 75430 23504 2911 5051 61656 51271 75459 58524 45399 53782 12296 18979 21942 
17367 19910 71773 16453 7397 90851 87301 48617 30394 82816 96057 85417 55315 82352 34754 52378 43306 32263 52495 71436 
22768 87170 19006 51527 52103 47552 48695 31072 48987 71553 54502 32484 33824 48254 21030 33788 66109 24633 4050 12016 
36161 90774 81831 18203 63598 84892 13851 75340 57787 73292 82382 20410 11335 53449 2579 94023 1048 39365 40564 68997 
54831 77250 24227 72246 53234 13243 61789 44082 55153 73616 92206 72311 64335 60840 60511 89658 15635 9631 17713 52268 
73476 14149 83225 16845 21886 12330 37812 58688 6226 17971 55807 40238 41604 14796 82271 41717 61496 83558 90703 62115 
54353 71625 64456 26653 13384 23368 73873 79962 40698 1755 41569 72512 43400 51376 15629 99667 4640 61733 58627 9068 
50857 53569 22969 19090 3957 62404 67013 99610 64588 44603 21120 55393 6811 41240 79985 71545 94244 66103 44485 84827 
35887 94766 66861 34486 82200 5349 22409 45402 32999 34947 2089 53737 14500 80604 72709 19895 76172 10246 8932 88554 
49930 68467 80562 25251 78614 65488 27935 98849 92057 98506 17328 47164 96404 94800 42021 86321 42431 24074 99700 33686 
6603 81598 59462 72886 32441 80466 77678 23085 58903 49449 3604 97610 29537 93667 9971 50164 73226 36688 35772 11586 
55964 49287 92902 14400 87635 73346 45255 33651 95157 73171 43635 75288 53321 15617 74650 65459 86470 19892 16845 8929 
34157 8044 10528 11794 85166 86621 82349 68016 32104 97004 71459 84981 72358 63452 4222 15118 57527 23791 49563 37790 
21128 2707 25010 85514 52991 69191 80259 36639 17725 46159 19693 81368 18706 78481 90157 27983 70907 64220 74453 50145 
14347 80488 67913 1188 77035 46022 77071 56124 28602 26355 53689 18862 19728 57176 63850 82320 65320 81115 21492 81535 
60074 91895 13099 77814 16604 21680 15446 3911 26034 35952 68760 82162 89519 35973 27797 61882 91268 16142 42378 95363 
54608 87734 55739 22372 74589 5369 42824 45879 74313 61544 12438 55286 9022 58423 72441 42094 10135 84379 97270 11391 
26168 4505 46322 93080 6897 37969 17993 4102 45464 59171 58817 67868 67672 29563 65767 42039 4366 99925 12321 48945 
99035 80298 34097 68955 35510 84373 59311 7694 12040 55189 73479 90011 28605 64200 47695 50773 93996 27102 14837 91339 
75428 89151 14495 76687 30545 290 50168 70845 29758 78491 42624 37799 50470 58507 26991 7047 83936 30649 3876 71102 
72273 74385 60521 21562 18137 17453 89568 54447 15409 79001 76857 94404 33185 20137 9282 50327 3678 33252 77209 13996 
39150 35013 5563 32692 89933 43381 25507 70820 4197 1980 62986 72850 40792 55454 17400 99316 25303 53863 57705 47347 
74412 62288 33065 87971 70400 74859 81026 13865 14781 95550 29582 51414 81375 8291 57202 57136 6611 61975 46380 18865 
30135 6550 95968 84743 49693 9054 36981 42359 91210 85152 44722 96914 77503 51969 85277 47780 47225 26586 90662 64405 
59317 29225 9841 19090 84062 212 96072 8422 47973 71545 35011 57836 40683 6135 13552 26521 78317 94843 73981 37396 
83050 64454 66803 49100 63428 18457 1627 63508 89397 40510 94686 46723 849 72362 83286 88661 74750 38220 60260 94811 
9741 75435 52430 6098 45689 63884 74069 88708 21611 97439 38134 6482 77928 50610 33484 85336 95152 23295 45851 14466 
22070 48320 81745 35867 77990 48136 29822 84550 24980 67457 40511 16567 11333 24680 6628 7519 87047 20426 63629 63154 
19740 81557 83605 23950 37815 35061 36831 91489 94569 63555 76031 87936 87113 22293 7458 92996 330 93361 81970 31939 
48453 11494 2582 73232 33485 71662 38013 53410 80586 70242 72271 77162 88322 9118 17485 72759 14994 84180 55854 18605 
99736 60766 16933 19886 1923 96078 79873 28155 61838 84545 82709 66649 46520 38380 93021 14729 92641 69042 35743 21983 
24582 25914 5412 73133 47756 22040 28897 36555 46017 95512 29009 39559 78312 87642 50504 29641 12579 95830 56631 74137 
54105 36047 45562 43243 48176 43974 89416 96981 99266 1620 97328 34241 43802 82650 66906 91785 93606 76134 72392 44628 
16585 58578 4112 51389 87872 63698 4303 3882 64156 7195 68431 42919 50979 49677 80602 99820 43463 5388 55795 54394 
79879 9565 29974 3016 16251 73287 36958 38728 87811 248 85427 66062 25818 2638 48081 84419 30252 50832 95919 96336 
65386 76994 27234 41880 3918 47239 63135 23646 24856 11270 99038 60771 20844 93249 33021 49751 86777 58792 62112 78958 
42258 98274 87105 54169 59272 24662 15387 43586 17558 28663 26631 28105 70478 85939 87723 48261 6110 3226 54823 62605 
62508 40458 14333 39271 38049 90338 73426 958 85101 9242 77900 79484 47531 22454 8378 91430 26128 79914 54604 45682 
78284 72446 31060 30644 79627 61317 17857 56862 21237 38724 54010 56603 20064 77045 42527 55564 41378 40134 91035 41546 
6356 22907 40951 1622 94020 3051 79167 36017 24248 1444 51930 75325 12916 86396 11270 35459 83648 93281 47027 96873 
29697 99371 63270 84815 58265 62944 19119 60050 65518 11917 45600 69561 23021 81902 7256 30547 65163 14111 11727 79688 
25945 84805 4965 50323 70539 47855 40335 46889 49032