98476 82085 37554 54263 45561 35701 68591 39539 95211 1940 7777 15701 57126 50391 74698 22417 77202 90873 6548 13616 
15182 92737 55111 39331 72398 65599 1259 24314 97047 14418 80272 45735 67889 62828 8280 31937 32443 79775 9888 59341 
97026 58770 15138 22442 5594 17498 89494 78172 69465 93914 98651 29344 51138 89412 5375 79793 90744 36465 70569 90626 
48904 729 15644 98380 18116 52756 79932 75676 35208 77279 79623 31162 82280 84859 6790 15233 86419 93960 28826 40454 
27412 14655 66005 11964 38968 62142 78438 69303 85335 91364 13349 26035 71167 89641 32171 65163 29046 17013 59706 42038 
50245 34466 34946 70845 7375 20978 89426 74672 66743 88779 55199 50070 83310 8026 76271 25599 12555 67659 80025 9344 
69494 4616 50972 59716 81658 47095 69224 44618 50085 1275 31593 1859 78526 70038 67369 54256 28693 56775 83208 32101 
76007 28907 73531 9582 69263 9584 22552 43992 98715 56729 92069 95163 54293 72820 1117 93316 74810 90087 45283 31535 
32012 31427 49186 31530 58702 45845 95799 10510 91775 27371 73546 89079 44489 71769 84241 46732 38978 94354 99258 31625 
72733 62281 46881 70887 34667 6461 77677 98929 40984 35923 19412 28325 20114 76303 65186 72156 15685 38474 51987 62407 
9324 88205 13615 55101 63132 41644 58922 10659 2857 4722 42371 55659 57106 13079 72750 35228 32520 87053 20421 22628 
50894 40888 94774 33016 64016 75022 63902 9444 64053 85817 70367 74729 66958 18315 43528 48188 84897 74899 66644 15513 
18383 8470 49124 73274 27172 95753 96002 4500 43960 93906 69039 81157 17515 13303 60052 48407 72697 65223 3481 56699 
16068 39298 8140 47152 17762 99248 35911 11111 71747 51260 76758 30336 31667 20623 26863 1130 24723 18033 25354 88400 
92226 63814 29127 64175 23102 56426 48586 81334 99687 65013 25924 74614 93223 66756 4954 98920 77641 89810 4215 39168 
56202 47414 20589 78514 63418 71531 32189 60234 29814 55567 95353 25711 22569 4295 4272 51413 50649 18355 11046 41369 
86925 53201 74210 5058 15430 17917 64578 5965 87740 11656 91349 39703 13305 14470 80937 32189 5629 90085 39294 89444 
62294 64710 92094 81470 51519 15392 974 2771 50884 74383 19309 47 74012 54568 4168 17308 61146 86194 60076 11105 
50703 76811 58863 76208 82377 99491 5241 5385 89653 92710 63346 72205 55010 65425 35413 39268 85071 29805 18776 33754 
29803 92005 5612 843 93087 36891 3470 3480 89038 90026 60988 62316 82702 20371 16034 68514 1791 96105 57436 79909 
78471 87500 96989 45412 59343 38856 94684 46757 15586 69858 29330 4287 9563 39249 73336 18803 4747 10387 16224 89030 
92764 88362 24437 91489 4064 96884 797 4532 66581 98754 28677 51694 27737 86749 66674 70181 19811 59788 88017 53681 
98506 90186 2840 17222 7296 51311 67426 95269 54809 65880 39476 30272 19915 18311 29973 26914 59184 79294 14056 18946 
85593 59059 65020 1687 84503 31999 53412 36068 81002 54649 25955 65286 72543 7676 20834 65441 14252 16162 40777 57480 
23418 66689 22705 10882 97093 26486 43150 24508 83263 88961 16713 69967 91027 24089 16148 98028 30355 78799 79434 13712 
14866 83539 98130 39562 8388 95416 28056 18204 79379 29333 80267 29361 81522 87493 28359 17162 19164 62957 33686 59721 
38780 25637 31380 12626 80142 76744 49746 95809 77 7452 24062 89616 91231 20829 47450 62032 52211 12562 92415 2196 
44531 18975 42225 24566 66647 85183 71033 47493 82479 4109 73672 73407 12279 90689 31158 64901 98474 55430 49098 32925 
69064 77396 56804 41101 33445 73280 46826 26554 70699 98237 4066 35287 57164 91407 9729 44191 90386 68004 42038 62737 
9209 13777 52539 89246 16082 23749 33100 59500 68700 2813 27628 99158 89294 61478 34852 39479 28106 10200 25599 93666 
4373 14825 85153 68472 85964 17356 56720 8050 24758 29277 10001 97781 61751 95436 58587 39037 12513 19147 92218 91110 
85359 69515 2332 36549 85813 72559 6958 69056 19939 52863 74151 79285 98114 14842 98242 42701 27438 81754 76996 85399 
87669 33327 74250 24891 88675 47466 66412 81291 83471 82723 11036 57548 55219 68617 57185 88681 23499 56537 16915 49993 
98563 5539 22575 23575 26461 48967 92382 2577 99347 95946 52635 42706 53325 52524 78137 26918 98567 55562 88280 92467 
9041 79279 11876 12465 14375 1202 27610 94706 72174 91170 53856 52669 70420 5336 62310 87551 71784 95022 72206 14090 
30329 73458 38592 20868 13063 94349 37326 89692 49332 90816 23140 62380 99714 31300 2940 22834 44906 81407 39715 18815 
31121 37855 50858 15890 84767 75842 63564 92010 21583 28121 91165 63541 31138 43844 62382 7727 25909 79569 33246 61229 
94955 20603 53501 37913 94160 13520 80173 146 14340 19013 8416 120 62820 26148 3400 53988 33953 26521 493 86837 
56473 87420 8254 22697 64687 43548 15592 40039 14329 70007 51484 32742 69457 84705 2113 84371 18880 55712 20308 98580 
65995 90700 36410 13596 37394 2118 90045 70382 5161 28968 96525 97837 8614 70551 52783 70794 24657 31383 95695 25099 
41468 52640 39269 37758 55269 62495 52609 41223 64722 30455 87959 89478 34732 41871 74641 11023 21490 9441 86012 22203 
33381 3694 63937 55246 94729 65107 66100 82741 21182 29714 66641 91799 9213 57199 97041 32614 37508 2753 89508 89843 
38728 3050 47372 13678 70536 55401 48407 51258 93966 72146 38546 53555 30195 43324 66204 86294 49134 91706 29645 60722 
64218 30696 31937 37008 70362 67931 86476 46350 80473 95854 64353 96937 16778 9875 9963 45359 17080 34871 53221 59174 
3383 23592 53872 66352 24679 11125 20693 89448 77455 59760 2549 31989 80950 25607 75199 1392 66833 20157 48266 87648 
27884 22046 83834 96927 1137 52805 37823 49821 22464 30380 91953 36125 76673 47965 54203 86760 47493 13767 53677 61835 
50776 75282 72521 68311 3931 12708 40130 75750 79371 77527 22875 21166 63174 63865 59241 1328 76170 35561 20815 25843 
91460 19279 73474 88213 10037 5816 95025 55730 8389 46801 17440 94869 31345 7450 94550 66401 93252 79514 26691 15063 
27643 31883 7993 36122 80033 35053 53565 95777 82450 75676 9674 93272 56439 13382 71713 89962 8408 23445 19839 26010 
8665 41330 46230 96097 25250 72017 24185 28254 5099 85317 2340 31774 22262 70350 18988 62547 13002 87103 3411 1868 
99903 71872 22672 13870 16788 23730 75781 19740 20631 52834 59091 85849 71368 45570 79514 81862 58371 11292 68217 15957 
43035 96394 15979 72399 88945 67647 45599 28484 5293 2741 73773 51012 76302 98365 32636 57419 34819 24860 73545 79283 
98848 19771 4368 89189 66011 21086 56688 96184 98439 64015 16435 76822 9587 21463 40454 57299 33722 5174 65555 75715 
96210 83117 90222 12215 89143 65439 3193 52368 59722 90106 61487 71454 64479 93851 78110 47761 80612 84783 92579 11327 
67772 20936 77322 48219 59681 94598 17763 33355 55942 90994 51828 67743 10576 84106 90490 80579 39393 82610 81021 92608 
10636 50755 82374 75623 25366 70981 89442 67498 9976 14263 62207 68066 99500 94625 46128 43615 70474 28404 94996 51966 
88840 47006 23314 83272 16475 70678 50854 44071 81235 88054 34703 17937 63421 91029 81368 5610 10373 39961 74654 87283 
42615 4170 68970 84148 84463 50651 87746 2202 2167 36385 87316 81695 60948 91807 94388 61482 60634 58193 37131 37972 
5409 56278 52206 12811 56095 88640 81701 3072 17327 12873 85988 59406 50419 42847 68166 29428 2048 63853 3278 87137 
7818 71657 82988 97534 52469 20312 49180 8475 47774 82631 90039 77606 9872 20754 98455 38352 11451 80310 16610 64773 
18858 12570 38094 18882 28278 66926 73931 93544 36463 76422 24878 96064 50219 29204 37624 69617 18567 52095 17336 68988 
32831 60370 32555 62625 13178 50442 26281 87859 67494 10705 2572 2665 3305 75293 5424 86219 36461 14519 51092 17639 
6528 2805 53845 17634 5612 10569 96993 63754 45452 76495 77111 7960 97571 39057 41223 75706 76904 79108 90541 21674 
62855 30662 74028 27014 491 48217 63805 53813 52490 99799 36517 59077 18729 49906 2647 16409 34028 14256 46866 3590 
339 28619 79068 22177 37461 35437 25959 90605 24726 37218 64287 39020 473 78830 16346 136 15593 64293 45118 84075 
17533 53572 69728 82378 77259 24540 9777 74616 1242 91179 18400 71544 62899 89070 64511 59134 46428 29034 46858 9838 
30104 77079 4200 4840 9304 88271 49425 24057 12678 85052 36173 80309 3156 71779 55617 58789 62979 88793 64169 10983 
29532 9731 66635 82243 37098 87599 4525 41639 38817 4983 77329 49565 24956 84448 74606 144 43847 62992 39090 25746 
68506 61157 90678 88437 7797 16492 36431 341 53281 5243 32019 83398 54 1999 34083 8212 33667 17014 42002 50944 
15327 52713 69007 67552 30856 96876 39858 2998 81708 55079 40427 62782 11197 23090 98883 1065 65357 51807 31075 69938 
21743 57054 4042 68631 8361 68282 9195 26758 46436 4940 32536 64303 82244 13762 98214 51839 57313 48965 93593 93029 
48108 87425 20226 88777 93979 49136 94672 5858 91758 16138 97157 12442 67801 66171 7301 36752 33723 97971 7727 32582 
83207 79725 39615 88888 25500 34164 14193 74214 49530 46080 94170 43 35829 50096 89622 77056 78121 3949 31190 6695 
46241 21153 49490 21363 91015 89011 77912 5239 64194 89177 75937 60722 93108 83337 36939 87957 48915 55085 9340 31344 
27588 27158 45227 46600 68176 31429 64535 4092 26613 16592 47842 43045 30629 8846 98725 80465 79255 85912 30921 71668 
81562 98200 51918 21309 48478 64934 5470 79036 96832 32372 61621 53337 88593 58581 38971 4700 41292 84941 44567 29027 
42249 15672 38426 17340 14180 86558 97737 521 65826 51974 7154 53059 80318 20339 75706 22912 47586 97070 26739 21740 
49183 83502 15086 94725 48935 3666 39346 27722 74293 30956 38405 70770 94707 3954 64557 47534 99042 71433 97283 82312 
43569 51239 3757 68604 8672 92299 68390 94222 71880 10406 27840 66738 76607 9511 56929 57668 11694 34093 17072 23450 
73942 56240 67237 92048 13778 3546 32398 14168 57366 10222 55500 50413 80497 85302 19529 12943 89682 50279 22175 67360 
64069 75400 52244 59142 8439 22593 5663 62375 38940 81723 38043 53633 36729 86163 63366 32353 12036 13606 22938 67844 
25111 59825 59271 86269 30234 76120 94826 72824 45295 20524 75543 64763 60735 78155 82309 24780 69002 62161 22811 84943 
8727 56704 52287 72043 22446 3563 25110 47829 84511 30365 4285 74249 91869 43168 12922 59017 95306 34572 44510 12579 
46585 92528 45439 4620 97083 67594 84994 35236 5036 35691 35715 53287 30930 3373 11943 29490 5590 18422 26460 86573 
62151 36619 67923 892 44744 79320 11834 66466 98697 32342 7212 381 80396 22067 6735 99037 50132 83319 98397 47521 
43607 93709 46030 88762 80348 65475 38488 66036 49579 5949 58669 60016 82743 93982 11779 70963 24370 48487 83366 49476 
19133 46070 38944 41128 79990 8653 82641 22050 21442 95227 79333 44239 38538 86490 46722 30206 4750 83955 97248 5378 
67046 8975 29215 74071 48202 69381 95953 31927 83664 47348 50534 81275 83338 26569 98674 1415 34280 97582 79764 8199 
80015 34678 64769 10571 74277 79262 67810 52388 36729 93210 80722 90351 19040 60060 52264 67217 4559 45622 45243 77788 
31746 52307 89964 24961 38081 32048 51296 62884 36732 48133 34137 56163 6899 48297 72566 76529 9595 29991 38859 66863 
29158 1221 23539 69290 308 89635 7366 35305 5704 47069 26954 64336 45414 97429 9975 71160 14434 86406 27349 48524 
10221 75087 1885 38593 64769 8100 37814 44716 13945 93491 4561 30710 10565 54659 28834 20898 36517 83443 70528 25490 
61989 22430 45935 61974 65752 87261 9468 65603 96163 85434 62302 58653 63315 29412 60859 6170 17887 68615 1954 32074 
19285 93336 48831 99870 72374 74387 88432 83908 67560 9909 46125 79053 10421 29190 6634 28491 48823 35193 99991 43816 
45097 92882 65623 6800 57722 54888 21694 22185 14874 18140 40109 13202 2396 55315 18048 3821 65174 40728 87496 73917 
7592 10299 35977 43332 45379 12961 3257 19412 1514 12368 89900 42264 41529 35733 82909 19198 31508 8247 95917 64383 
94906 1350 11615 37237 44855 8695 79782 37911 2526 84348 40809 64595 2017 34453 6648 94742 22207 26318 12155 42646 
33613 97776 72149 65282 43748 24563 90400 15469 33495 30908 76099 46477 86275 60397 27045 57179 99127 75969 67194 1371 
11621 64725 53955 9986 61198 63658 96518 6546 16116 31680 41889 12875 73313 74111 11994 6733 13903 73098 15154 44661 
64710 30299 35217 33878 61003 36469 87125 13636 81021 76505 58907 58206 2333 8148 75695 31172 91121 54750 10216 3359 
48324 41064 45083 77212 93731 40919 87017 505 25193 69822 3710 13351 82336 80180 62417 49517 46591 89860 65080 63637 
57406 34774 47171 62892 72268 87650 37417 90113 784 57877 9782 19978 62269 15538 87953 75803 5457 95226 2721 50066 
21893 21832 78578 6920 43323 17077 93635 89985 45121 15710 82637 52987 46795 40305 11927 35912 65416 83776 72922 6122 
33507 55481 33616 63032 69683 15031 95106 35879 24914 18591 60451 24684 12014 39858 16248 40725 77883 15264 2964 93932 
69065 5215 42921 6727 15194 58289 85774 79752 7240 82062 921 59519 21031 1911 52592 25649 84561 94352 38537 54670 
79159 18174 76522 23858 99331 82064 77836 90965 37862 98312 64545 31656 35753 53808 35271 17061 47002 70191 76141 82549 
66412 51362 98747 48768 77639 19468 37886 40161 35243 877 77550 61843 64770 25522 26732 57088 48026 25530 85576 44568 
75009 53517 99535 9120 16375 60892 18693 46778 62467 27173 13584 24393 6452 50616 87466 48293 3588 32900 1166 99916 
20929 53674 56340 46466 5361 11542 31211 16202 38024 61303 87166 1823 83241 7255 69254 47078 94936 79166 50269 92305 
96722 82228 57284 44312 12726 97763 62124 57598 50301 49472 16517 43474 68037 26877 25569 39143 60551 70076 64640 14348 
39454 3643 19886 62814 92542 3210 15598 7236 65665 93324 10907 51396 87556 24247 77963 36860 60645 47982 68616 61926 
89217 88345 33841 91826 90548 87566 97237 72155 11828 44598 6825 17523 26492 9369 97779 88330 42960 17180 85443 33956 
80821 72685 70823 85666 13882 63848 60193 22887 97039 80154 36537 86841 48045 93360 60516 77552 41956 13542 61367 29981 
99882 85708 91674 91469 50787 24870 85124 60676 96745 12585 13179 80821 99107 39731 41496 90363 64693 10268 57776 85117 
60141 6125 50417 99561 42440 32958 15413 37886 84678 16906 49486 80454 22722 76083 12615 78928 89458 43214 95583 92001 
27974 5594 27688 23170 57538 1700 43009 7692 88271 9 52406 53551 4480 63862 47366 17700 85918 21333 59422 72756 
70177 7104 19465 93666 50065 48399 72514 81409 14864 26767 26345 70344 28598 73570 90485 63346 60008 8955 6561 85203 
55796 65255 70644 31353 34807 46866 55704 26925 43912 75408 47029 7160 17438 24552 65430 54992 63288 22027 68281 57822 
55045 12931 66623 15376 78477 59646 44818 27533 97554 3373 81489 64233 43046 67506 1559 8371 85371 77054 73493 6022 
57808 20010 59629 29401 86071 89396 97711 6317 19894 81376 68683 62837 46336 1486 43764 9697 18364 80188 12039 33587 
25769 42191 88330 51259 29094 8825 7895 88184 70412 3033 71957 50017 21364 26255 92491 84950 74703 42564 96572 24830 
8354 99982 99882 93865 3634 71145 92413 77633 13849 9261 7171 61323 60437 74062 89879 46267 97008 43514 18777 29746 
66517 55310 17064 84614 16261 38569 12588 5731 76192 80242 62937 73083 65263 65803 78092 50798 96318 4661 72151 39607 
81791 36411 66539 7263 68124 41863 94809 51394 91993 59131 59417 64732 17496 37770 64705 56945 62194 70129 83573 73316 
31163 67145 29404 62266 93754 79221 23020 1766 14844 32285 86457 76181 72506 39286 83736 44472 50660 10759 19709 87915 
68055 4037 91937 78170 6339 65221 74013 4163 77403 76086 85946 17520 92281 54084 57400 30227 46840 52240 67097 53384 
83457 16375 85351 2873 90105 69994 90244 34655 46313 87800 54132 93495 54275 97762 4042 29561 90133 83291 69950 60528 
88976 68233 66551 94993 95108 52604 40701 51400 95910 18232 96807 13544 9636 35232 82844 97715 3790 15878 49623 15357 
54411 28943 11013 52136 20470 77018 33181 96854 12920 66569 72727 80142 4874 34421 31965 94967 66645 35632 86841 23649 
42427 78082 27645 42618 44459 29833 58080 23477 72955 11850 18087 61165 74059 97193 20527 17870 54224 97589 78970 63506 
5877 66922 14306 46884 62702 61602 62952 73685 67434 46521 40093 81813 49998 46015 24643 64582 55347 60641 6475 32 
76728 16266 94300 68695 52819 62054 93243 44174 72504 23167 8066 14933 16729 18318 24358 2620 72799 74471 5407 64685 
79589 9747 20175 69023 46591 58790 78250 1773 20589 56893 90664 52260 57319 542 338 56027 41222 85334 88872 98892 
28561 80933 14714 40213 64311 5301 87207 73454 67644 4703 22818 44716 30994 50007 91656 69953 71486 68475 14927 31752 
11920 35533 27951 91996 54324 13180 22318 21145 52033 86084 32592 66170 23431 68868 87196 81000 33240 47539 43884 784 
18634 24486 49557 48555 54579 23832 70817 74873 27579 25551 27880 67785 12329 99133 74961 62048 1533 33181 36098 41773 
90125 43188 20876 76951 94007 16325 35613 23528 69384 50635 67781 10850 83506 99776 54378 4247 54177 73085 65836 59554 
32342 56465 88583 37087 57161 81717 64885 5996 19919 73525 54810 69431 27538 36665 53139 61687 70499 31565 19932 24348 
28918 21698 44976 72978 85924 43062 83019 90281 59380 4455 40937 31197 33695 47602 32359 96170 99572 33157 39314 46149 
16596 49690 21045 91857 30464 4866 50300 42491 48301 69929 36738 16961 14697 64672 79456 61109 60934 74993 32738 51009 
97854 39523 27346 76726 75835 45443 57363 41334 88402 2766 46148 38578 96054 46938 74779 38334 36620 26921 88294 63593 
77932 21582 68431 16990 90574 51276 65196 93160 83882 72025 68136 23148 56640 28656 44738 66240 67821 87489 40657 58880 
3017 12759 32088 85010 90841 39147 12027 29036 95423 69766 67177 34273 34160 84692 4611 54328 47801 85188 96612 30615 
27367 74244 60644 17908 12226 21993 31654 34488 99483 41114 51606 5673 30141 39181 52520 51373 64084 46859 35339 18591 
31596 22597 84328 96628 62789 9468 61125 92946 22436 55322 56734 61172 88192 41379 15390 3328 22644 82525 24241 28369 
76187 43613 44544 42916 8504 74442 73360 62315 20591 57745 5888 54084 25491 87650 91935 19277 33558 49382 25207 42473 
89173 55390 43753 65968 93640 66380 59561 80068 1819 77992 95271 94613 87455 14966 64837 65053 15498 59497 28117 42814 
14133 97136 60442 45984 76408 53172 20745 5061 32891 85855 95678 79167 8775 43856 15732 15940 29068 66756 82914 19589 
55944 52717 52340 60464 53983 47448 80316 52311 59483 95012 45193 87076 52446 1429 97322 37426 82623 49698 15066 84223 
62764 84475 73586 72138 649 45835 33250 57995 15255 55213 37180 6653 77757 29559 34189 3238 24616 3170 53049 58819 
594 73487 14299 82770 9277 65903 84195 35102 17899 15464 7066 10703 3758 11202 37033 94614 17706 79291 68898 89866 
74448 74579 38929 46818 75886 91786 4018 26354 51728 39778 60844 37831 90703 28191 98765 67782 82846 44086 64433 16770 
38188 80334 15811 19601 59891 55757 90801 16112 11140 66228 19939 73481 43565 17239 6970 89125 2538 43776 40921 59452 
62623 19723 34738 24272 28388 54362 89574 12729 53095 45897 82681 86907 33499 83227 72114 98602 5452 66302 13623 39220 
70551 76440 58254 4414 38273 3644 27564 297 75814 89471 3976 91950 63278 34221 8385 19173 73507 31122 89205 14265 
69265 65608 71167 95484 7349 97183 57257 58383 150 2170 53319 95539 67452 94075 59090 38968 42475 20986 89384 45889 
76016 16605 29671 81995 62441 24261 7791 31422 85023 93925 88508 25006 98428 81599 95669 4891 57924 1404 91879 68312 
68428 60069 70864 34928 25429 19375 7540 31257 5628 37026 13687 55529 77029 20420 42412 44936 1113 51513 4240 7930 
7565 56415 38157 94248 71742 34649 46126 71303 5922 58330 49592 39817 25352 93976 7976 98279 39781 66269 92089 90097 
70702 82349 62495 84253 97775 35777 57935 33272 5009 93248 31920 96768 46049 58470 21410 83139 21667 4971 51692 22862 
13258 88986 9900 50687 61458 73300 63220 34870 91185 19484 78489 81116 96468 48217 55456 84903 2211 33095 78077 6996 
39775 38459 41782 85227 35084 74523 37530 90637 35592 67782 64778 3632 13228 91201 62812 3577 3729 42991 58996 38483 
92764 14480 8534 89097 94361 63713 5157 11812 46371 71382 75813 81938 78324 29741 63148 73481 88205 99370 73031 5225 
73467 20654 7366 87401 91095 4787 85350 52401 8578 11040 11836 19838 31191 87761 3518 71638 62271 26300 18072 97743 
22638 79878 9497 84592 22237 57659 69371 7068 50140 7742 94455 26984 12716 92025 86322 22031 51791 84378 10192 98136 
41829 2718 9688 30390 95095 63482 3445 53910 97695 87337 81350 64707 86279 32005 54334 93197 19190 27845 56464 71931 
55862 64409 18108 66718 35426 70175 68343 68032 13695 16607 17531 41657 58096 39598 41175 38550 43585 86114 65 71685 
29551 53175 88283 18927 60084 37065 98248 50090 85743 40153 36650 99589 19636 21507 76986 55876 88886 62052 91325 65037 
78659 34090 54256 68157 24119 23135 18386 30287 86441 35452 56967 6771 15880 65566 25275 14883 40389 86411 30650 35963 
80083 16176 31404 56603 52583 15111 75507 28318 53192 13016 8401 8608 36354 11572 76367 75103 44100 56514 67723 24343 
71810 6405 20881 24635 51950 35468 8349 22196 32519 66062 33430 74952 37082 41449 44198 46791 61548 65125 3625 91125 
46999 91633 988 17127 9669 56253 70023 45269 18135 57570 9054 27917 18158 41559 71355 23550 52498 69644 32457 91605 
65870 50762 78318 79902 28949 64263 54477 84235 76483 44818 79194 42905 97273 35395 8013 6388 74859 34209 57980 63315 
86555 23458 81198 77392 5062 28505 61622 64200 98307 37190 59470 66818 22315 50985 86037 52803 69083 909 83080 79057 
10444 56327 33596 2897 76764 50621 56736 67762 17513 12730 9024 15243 96487 72925 7004 70831 86502 28222 22207 24287 
16463 28842 27227 44155 95576 79220 70090 9320 47156 57102 87144 69646 32004 13610 52601 65822 78530 97629 58447 18848 
28072 90051 8440 4460 94770 15970 88691 88138 82110 79094 7021 17506 49318 18392 13351 99805 1722 55727 28859 39362 
58717 17993 66898 16323 62032 42232 36139 54043 58173 3131 84041 92915 97948 54469 93648 53326 86565 63288 69726 24711 
82691 91526 75235 29268 73199 6010 82295 70085 44998 33559 57553 99999 95588 8298 37154 30610 31578 24441 10687 6365 
2255 11825 53141 87338 87786 66096 75224 94345 1188 63100 26964 26253 33678 9948 80431 38517 41048 74560 60197 21061 
34770 41338 11075 57908 25544 91431 88949 76803 48035 88024 63183 91087 99656 11275 78760 66932 63738 81458 12226 60330 
96679 91249 29341 1850 5905 89778 68574 94133 61342 65621 19936 46826 9107 53539 224 39816 59775 3537 99789 60437 
65451 37843 51903 55687 90401 85129 98554 99317 65432 52030 21597 39852 58118 28238 13326 70809 82146 25657 96737 55687 
3536 68525 4848 19296 58186 54182 47071 56815 85256 64374 23186 13426 22688 44644 11902 73819 79607 66593 88568 4727 
41957 14330 55341 91233 48157 19112 51907 17344 6611 37710 60645 59212 50662 42575 76128 4509 3002 81958 51926 50149 
33604 58287 40280 90435 10080 3484 53518 31541 42392 52835 63583 18752 8675 91768 60480 75737 51301 79839 51191 41189 
77193 3854 5157 49943 27141 63130 36722 6083 14374 1360 32975 46105 66158 70310 88120 2347 93053 95525 90644 83899 
15621 525 32984 77763 72050 98904 82441 60178 70393 21744 64881 86488 57597 28388 57033 77891 89853 27858 78907 99531 
87227 44381 10097 86280 44222 65398 3966 69244 26435 84232 35109 64226 61495 77077 32370 55098 10516 11409 26871 36105 
79036 41163 63346 71828 13101 43160 62380 9083 91797 97699 94871 93728 39083 5170 42229 75204 29023 47130 78860 13078 
63554 66239 26055 50311 99282 9119 99813 98202 36840 60159 13573 62331 64038 21907 44893 85094 39258 69360 51606 86167 
33358 46699 35333 69760 90808 40486 30650 92488 80312 73028 5458 69864 77750 54012 33670 96770 11494 11025 98290 49123 
43493 53185 78009 61859 34663 67743 39468 1171 98109 38845 55140 58579 64438 13960 33788 11716 74158 36576 163 11445 
92925 38472 86456 52428 21729 2306 35750 99930 58656 70225 98858 19893 40369 86568 37959 36931 51478 34198 89778 4932 
41719 73485 22305 97313 95913 34873 89635 1370 81146 30539 10977 93114 99392 1150 7700 35282 83252 52954 9052 26310 
11972 79964 10001 48634 37695 7532 72543 92396 78946 28213 27440 37058 62344 13165 4442 38801 61965 63610 54771 53505 
51082 25095 97176 86744 59209 38878 12332 38767 65166 61251 15214 14056 13303 99292 2932 50998 45639 90818 39425 17622 
60245 20601 13089 7315 70338 1820 41183 67312 83489 37075 65596 28611 91178 57823 98069 5692 11525 99266 53095 94861 
77873 67650 52771 11010 36949 38755 10019 49731 59534 53782 28736 68921 53643 99384 60638 41556 23062 84288 84017 2126 
52790 54453 91948 24051 83514 61191 5260 9792 30598 53183 18710 55320 53539 21485 79388 37034 92207 84181 5705 99547 
59201 63043 46930 91371 28930 38553 9391 47448 16740 85539 25623 82778 19365 14313 7103 56073 60787 41851 51296 76586 
79879 83124 38432 27567 86197 41730 48885 56013 16891 83999 74020 54926 69537 25936 45594 41149 98454 67282 31644 27430 
48016 52053 90837 96906 88717 99917 99069 42031 19734 12893 537 3389 68859 21449 36309 66385 17951 29801 69789 74735 
57690 36825 7273 30619 10849 38293 42388 55539 83855 5849 42034 59093 44103 62072 30769 19649 30506 73374 51618 51719 
30279 45368 46409 60411 73343 61351 39280 82492 26732 51991 89540 75786 57581 18240 4838 7665 59160 68344 54324 53005 
82199 15495 12802 60590 89598 73649 8139 46962 88877 34109 80105 69773 79758 83628 59568 36854 55857 33795 83677 15184 
8840 79174 89358 61224 16609 7822 65271 53866 47555 5197 80117 29632 27371 39353 90832 72188 51453 65940 94011 75678 
15586 18773 63980 65022 26346 96034 18097 51553 49490 27608 89039 51426 3474 33969 53454 73335 21899 17557 54180 5869 
26195 97359 97509 45198 64337 81645 23182 1113 68433 18282 20518 39680 2701 5898 31471 46556 25382 73398 37311 94435 
44489 89026 68154 95525 33792 76466 13703 61374 75363 7013 38482 38736 65990 4521 98779 97366 32151 40127 8760 79908 
92646 71642 45014 33250 65068 86353 40969 61953 37940 62777 95069 81198 49144 42646 26159 44819 65608 53943 90378 22774 
17610 2515 85525 70165 4840 25922 11658 20705 70706 65941 69354 74615 60344 87417 94545 1386 97984 25054 3708 98324 
41867 78574 45833 76645 2126 51411 87598 56390 98710 62189 59653 44265 46950 62639 79910 81771 64502 44573 50184 73849 
11871 38879 98106 98224 96101 15565 83912 76878 71176 91104 65327 98549 19849 19431 38491 93406 23902 22339 88199 44134 
32764 92551 81969 3969 23712 74663 89095 48067 61323 56312 86162 27122 21339 5272 40833 82186 51470 73577 76251 27387 
33197 25245 39585 29031 76899 24599 1181 61928 6118 40411 62430 42508 92802 9290 3234 57331 58801 59522 49301 42053 
58031 6491 77535 13960 70936 85219 52166 4501 25729 69967 95455 46673 68204 54023 90103 27427 23998 90008 5541 35416 
50932 61696 41428 98025 83206 7439 81686 40542 33650 80748 38027 64604 3755 22330 52573 55851 64257 26325 35854 89362 
56313 76455 27192 15393 87520 65612 26423 37101 39871 21208 95352 14735 15707 7669 92795 54380 96059 38793 38874 14749 
31367 67144 26433 88287 96390 77265 88795 88877 6250 40287 35529 25531 20896 95968 33947 86922 22261 43202 23754 75484 
61072 32544 70241 89143 26785 67460 95108 30121 37125 85799 82407 16902 88414 31607 34423 22376 97977 26615 88140 42055 
10021 75105 85296 42805 28297 17150 39533 75344 88582 62677 54418 35237 23246 23617 98591 53926 1228 68692 8219 46892 
57497 60532 31080 53982 17033 60217 52115 54462 61569 99591 17323 12053 63686 18831 94686 20689 26257 62098 57618 71083 
53974 7412 59069 19315 49422 75029 7222 95182 26767 26682 73049 41954 51570 40704 73930 60827 75179 8334 23568 67172 
32840 27403 60516 19278 45311 38965 47362 41670 71073 9710 43635 69567 51842 12139 89189 24929 70754 97082 89420 2804 
9291 37888 9771 93475 98510 19881 42549 6558 45010 2190 50824 4538 79277 73799 61549 95541 46594 2055 45050 90193 
62804 39249 79850 16667 97146 10460 64999 83142 83438 46429 41043 12786 43319 67799 72457 65303 70044 81264 30803 88961 
80628 87913 95416 97380 53664 17789 13679 15278 36381 82878 89558 71885 31465 95587 40751 91519 61160 24908 82915 60842 
40697 84834 74537 39910 47409 15680 48193 29282 19580 34366 27809 85704 93946 59090 13663 81378 36468 25321 41475 47487 
27696 62084 74829 38038 88795 39438 85954 54801 25587 95865 33190 18355 89184 30217 87994 88436 38638 38555 53097 31415 
75473 26566 87443 85269 69367 7426 2929 9384 99043 8360 54609 62075 87213 40370 63149 8608 79698 32782 90391 37027 
4038 93469 94068 67260 32200 63292 12100 55796 93747 41157 21496 22084 50820 31032 81544 36899 92249 27585 89909 5121 
10491 89009 55957 70406 50866 78946 959 11345 26229 93155 66785 14016 83303 3595 38733 21658 96900 99534 74325 11681 
76327 46866 92011 19241 84380 20390 94871 15452 81819 31646 35101 239 38423 48415 21591 58085 87537 5225 16221 57255 
19944 74883 1065 14123 7636 10305 16154 84876 41779 30210 51853 72732 37185 99399 24622 46537 87152 16762 1144 32252 
35272 17744 52363 88423 79871 69861 21607 14118 25411 9601 17546 32205 79827 16590 15293 20904 28925 90188 93427 7878 
68166 80061 95671 12192 18580 69825 52468 55726 41801 89726 91704 85178 43724 86159 66375 46761 2185 77507 77632 25351 
99454 91341 12714 24855 39467 53455 97433 21022 67269 14047 63746 56154 96326 55761 51666 5606 69460 18694 88986 48339 
45582 8904 76995 79105 27587 98710 79549 41569 35851 58433 47675 7716 96768 11663 31572 57248 43281 71390 29063 39336 
21337 38745 37621 34842 72531 64965 79833 22343 51093 76957 69763 81656 46545 52738 38065 36890 57290 31687 33792 36680 
52909 4707 96373 27107 63510 68988 76562 16520 63732 88165 69083 62691 40462 76810 24059 14064 51629 23510 59619 77510 
80663 44175 1053 49582 20617 23191 75239 80705 44730 88187 81719 7930 48616 11777 6039 30110 20561 81346 18079 13615 
24975 76442 75774 91336 46497 85786 86740 69452 97072 71036 15118 94480 49160 81183 2559 34349 41987 81419 58096 76954 
30921 28310 44461 54470 57407 26456 24422 29138 29881 42281 3983 27024 36638 75921 93124 57308 17414 94902 84937 1146 
21239 63891 2062 11718 44638 55246 48626 95302 45653 86768 34805 65027 95702 18347 87181 11036 85569 35155 26309 21775 
91350 94783 76103 40923 85330 60887 64644 89568 58497 51472 5515 5819 29753 73844 30737 43278 95844 44462 36300 31103 
83278 56730 18430 52243 74488 3042 8139 70545 89086 26043 11832 26695 6399 92179 52199 17044 6717 69904 570 62186 
21786 69426 4031 75855 30419 53221 83310 64882 34702 70306 57023 14262 44260 57194 5611 38709 13184 29441 34605 96765 
32984 7549 7766 26828 58638 14893 87975 33973 69253 31349 56470 51462 88780 32757 72116 13733 73122 81488 69698 69762 
92643 73329 41284 9930 97053 86684 99186 59681 87100 58616 89268 44699 44542 60364 29861 72159 34307 60685 31495 73659 
624 24140 56977 49136 25729 90252 81360 87054 38264 89137 91311 25754 2304 95269 31238 58770 33538 66557 1016 46965 
11917 4613 82185 87155 34512 21415 34691 46719 62356 90749 81999 64493 36746 45159 77020 616 4804 78175 96953 12231 
10061 839 51604 86050 70916 66484 69342 54964 31034 89967 68312 5221 32164 72154 32809 70737 14833 14841 8196 46515 
43026 24946 89814 44634 2596 41450 8606 83216 68284 23355 73049 579 22747 45041 17555 55116 34697 72845 34076 85678 
57792 71565 18425 34252 47822 21559 79718 15862 68258 50149 81563 99919 44754 68564 74148 6246 64278 33020 33807 74186 
50351 25556 4408 49151 75526 55855 11852 5668 71466 54899 56477 6105 31345 85543 8007 4031 83205 97209 71723 24474 
81861 21273 21624 31592 43510 99056 84600 51739 99467 410 45456 45279 77144 77178 57150 67002 60882 79234 93838 77768 
42950 73023 97226 75971 47310 66573 60647 73100 56163 42781 95381 2189 40724 56752 59468 22796 76524 97803 61826 87858 
6466 89836 49712 57981 62228 94430 96216 32746 88598 84911 84641 26355 87055 18323 64108 42473 85376 83015 20161 11004 
78690 31346 10845 52942 85508 32962 82693 36967 27586 66196 60646 72218 88604 45258 78513 52666 55974 94098 78475 3614 
31374 69146 43245 91362 23748 393 43959 22518 34444 64757 49765 42385 17410 47020 8027 39360 46283 30214 52395 57770 
88911 24564 69689 11178 66365 31080 59531 46676 76883 6126 53402 77544 55308 52372 11084 51452 73067 94298 10184 58356 
32793 706 59509 14203 36775 583 38492 64337 37632 60175 97290 65459 30222 22395 79994 31881 29658 95247 82559 88499 
61605 85708 69837 6765 98913 89379 34531 27314 2836 40062 93465 94229 29991 80057 41757 62902 2141 39729 89397 53553 
92201 25267 94725 98756 6580 77468 39285 35204 1720 25577 74686 99134 42981 7268 14660 42696 96570 52667 15486 3796 
72419 25749 68472 66879 36881 51894 7985 69494 16869 93269 44040 37445 6812 62885 39700 46781 84298 91070 17380 17663 
59248 79112 7128 66942 49394 95803 54941 78411 77481 77027 28980 90722 81829 33892 14637 41400 8182 15096 84924 33685 
92338 29082 89672 71964 51378 81153 27745 86062 21682 67780 81614 52485 61557 58608 75644 81000 45620 31829 63308 73712 
6431 15120 82364 40373 6008 49788 68587 20520 77948 56148 63316 65518 27632 64739 33651 42682 28208 95577 25793 85425 
27439 73514 59051 77459 73791 48562 61270 42272 30206 64135 49402 4750 67464 78631 14551 14528 58817 19673 99321 28792 
27638 74201 41253 58218 46501 40561 15556 23788 94109 16813 19094 69439 98242 57689 70889 77170 63953 71433 29452 37638 
12173 58316 47600 7109 35437 52590 25978 35123 28703 54655 26364 43256 69227 18826 20109 13766 70940 91423 92429 31291 
43746 28462 56988 98439 50053 5395 53644 12455 64403 57307 93407 18705 71205 58321 8197 16479 1360 22236 21662 44019 
57571 14106 22838 47717 71787 55454 11151 38812 38565 99711 19969 55460 71903 91621 63846 9714 50351 2388 41670 28153 
12409 79836 91508 29986 32374 65098 60958 56711 42149 21736 11931 38159 15668 96988 37155 46951 30068 24806 65185 31148 
91833 41793 69049 14436 43064 74685 62359 21359 33242 65299 6877 10672 28211 56938 82844 90558 24359 82156 19952 22852 
87626 19786 26251 59892 81853 96539 72671 18025 76561 35238 1988 47378 40615 4776 49029 97945 42515 85564 72862 62067 
77647 62923 27190 61693 18200 82551 2871 14224 92636 16058 20324 87215 72376 40568 19950 14005 60310 3336 37276 70235 
22059 97763 76279 12461 80529 37216 93353 45658 96955 80445 73687 39248 41412 86648 36553 94728 47818 31396 50722 20983 
93537 52086 85475 51726 60507 83744 96640 66879 35259 33898 77897 55629 64072 29202 81294 86103 8974 27060 14138 64358 
73986 88453 91483 43958 25898 79350 87574 85640 72165 48724 60954 60032 92003 38753 26172 7225 28300 17631 72229 69732 
16028 69825 55360 99026 26338 76289 61934 44054 26495 67468 19024 93223 42881 45460 49954 34580 53445 59510 73989 35151 
98489 86110 96083 13219 31923 47484 94435 55137 33246 9260 78989 64000 20104 46829 44615 43401 39227 43107 27700 54098 
57579 25511 7889 34873 73787 11195 21588 38624 53568 90327 27940 9657 22492 8740 23565 72207 31912 14195 71949 98259 
78800 38465 13816 62104 41347 67794 2275 63458 75595 66438 91290 69548 54167 20492 83134 29324 11678 44186 80874 89805 
48561 49261 39243 42726 56081 51375 10949 58243 67160 31684 21507 91308 27692 24505 23944 61658 64003 65709 54293 18918 
30140 54010 28713 1335 12972 56439 80272 98911 13093 8701 6580 31927 85659 13018 22503 66204 80221 7973 21560 15658 
63229 86097 24299 63209 97485 25873 61180 56804 94488 39332 80521 51655 293 11099 2894 72413 94622 53359 93384 33517 
57632 53012 58566 28491 44244 80783 8845 64192 112 16062 12267 61446 78545 8993 34135 23480 7284 39134 3180 96462 
63315 65694 16800 11662 40177 92199 60115 12903 83555 5709 74793 46776 87013 57461 22358 57796 49192 91155 74624 56614 
14620 80011 72235 19426 58394 95220 87951 89051 4101 19650 75854 66669 85235 20529 43066 99923 89146 62766 27748 86263 
1075 15276 43086 99526 40621 78218 23032 59850 51003 61250 62548 30015 1475 62080 50251 48336 91088 63341 71070 59967 
40361 14829 56266 30705 51689 16003 13325 50978 32944 53458 30923 83157 56532 2581 87090 29459 32112 60834 20348 44432 
71619 46460 9817 87077 14132 96283 33930 81450 62598 44053 3538 75088 33665 57064 92778 55474 3212 68093 58173 37612 
6864 70514 29198 95034 92092 76598 80806 10202 87277 62956 13618 2266 79217 84552 17356 67706 32230 40038 57921 33171 
21618 35504 43391 32769 50756 44863 460 71324 50244 46047 18314 10020 53239 25577 42573 31067 49554 36915 67341 94844 
69048 19894 36088 88221 44773 33458 7345 24072 50662 54273 37033 17153 48314 37901 46192 88915 98078 56710 89827 93784 
98224 51511 37147 97528 10066 83854 84038 25669 46851 7264 56413 48463 79866 59776 61669 58910 11507 47339 43192 45461 
60072 37411 66195 69223 3929 41541 30653 44364 50017 4417 57367 89599 18502 14930 97826 93491 16162 56046 75826 91978 
87451 1478 74753 40761 62043 21117 63345 6682 46111 19371 70381 47958 98565 60849 20974 95305 48866 18477 51831 63576 
97214 19215 71575 31644 53092 24242 30254 78396 20461 84284 64353 90260 41622 9944 8344 65510 86364 19991 46114 48009 
67624 22361 68455 27427 37900 9631 11471 86325 41626 56752 77783 53066 43432 63845 58601 9012 60011 57363 13867 63973 
61779 71822 59309 77515 98433 53720 84100 20113 68253 11342 31604 32601 6798 83492 15642 26009 3066 75910 61102 17682 
30569 98251 49456 73753 73802 42181 7745 12483 46392 71308 74690 86365 98801 44569 74047 98942 27425 21305 29872 87636 
42600 70336 79386 71716 18770 5591 24155 24090 7635 41517 54849 20917 64356 78684 33174 75242 82478 56596 90052 42573 
66531 46420 16004 22936 37486 29421 74029 36263 73218 64821 73912 671 55296 43509 11281 22405 74899 68609 63791 24052 
68161 2453 96324 61680 81734 62950 42875 50527 71686 51974 72404 12099 42904 11568 18960 79865 22190 4863 2222 46605 
21936 11449 73968 88573 89073 9076 45398 53128 21403 82833 18388 5584 4788 47276 58625 62946 98268 66523 27982 1765 
26269 10086 66457 49578 30399 73157 63304 5981 45927 65770 1691 82588 89713 99071 37139 63455 30399 44881 97952 5739 
30641 33197 19707 48419 83081 99137 49246 39751 42849 12656 22775 12997 43531 87575 89149 97133 25253 27711 4563 15230 
40439 87422 1656 92096 56062 2803 1970 16521 8518 78530 92200 60583 3092 34886 62865 42727 20319 25194 87900 76558 
80280 73009 69652 20449 25098 96020 44582 6634 95460 13493 73990 94930 58456 28079 87263 37088 81487 83140 89561 17961 
37701 31696 86471 62746 91564 9589 72234 37361 27798 74473 992 75710 37542 19737 44323 41096 77997 87808 52699 46445 
53276 10477 83625 49614 60108 79462 35439 2963 72584 41071 68229 97583 69474 51833 74087 37937 49130 70455 40641 40548 
11947 53514 4687 53736 21804 77097 27946 74453 88624 43643 15408 79424 87027 38913 40650 81984 94134 20567 80545 13469 
80062 3063 35882 20771 96757 70653 10640 31693 96690 89861 16415 34088 92756 46570 15470 43962 85156 52332 56839 86982 
78966 19762 78209 51542 51098 71044 18181 68998 80635 54615 37847 27928 3826 18251 51159 18221 8412 63503 2299 392 
57306 27190 1564 61718 83619 73592 14092 6525 40627 60429 21743 67108 24844 56374 88825 13937 20869 41400 35326 88554 
77757 51939 29829 90079 49688 80251 9228 21861 17447 86812 86243 28207 42765 88126 22150 36229 77629 3626 83103 63409 
38442 12067 25971 92423 83370 97097 43079 20355 86717 29818 80219 68272 98611 73397 5547 72716 87901 25985 68979 59782 
90914 2943 93872 93246 58223 46546 23264 77685 17032 6002 51671 35656 7016 71086 11800 27065 66334 7449 14300 4116 
37299 86087 93626 71377 87773 13199 54558 63082 14635 61733 57467 38642 80438 58787 57445 21810 99515 19689 63169 48657 
82586 70413 38353 32552 13755 64280 80970 31278 36288 15208 67356 8738 27994 8603 6383 64258 99334 11397 24767 79264 
66592 85316 28369 1177 532 62618 50806 56628 63324 57220 51160 71880 93063 2607 36350 42995 68865 68972 94288 41594 
75515 1119 34487 73731 54717 56412 64384 37213 31911 7524 45712 3004 11583 2909 48996 71187 47959 79474 70918 99725 
28276 59214 41123 15335 73343 75505 85852 78832 97654 58130 5779 57965 26381 87143 86631 30996 50710 88297 18241 31217 
92173 66495 7070 94815 32696 28509 11735 46662 55407 24812 18274 80130 13687 94570 52718 209 67858 18089 51051 58213 
4543 45002 48992 6740 28940 23727 15241 88591 86101 24377 518 42223 39668 32198 93913 74205 34511 26711 54943 45178 
99700 60584 91160 98841 90520 99647 72608 51924 65689 48853 11185 467 8178 98775 44357 56683 29903 23326 25694 71165 
3912 7803 56767 93656 84516 4644 74570 44382 45508 75988 16516 8296 17353 30029 5746 9489 61751 50361 75064 36215 
76648 82246 64521 41879 41296 59745 88281 26919 15824 60336 76399 96469 72328 64614 12814 86449 31193 4361 72199 84681 
56007 37433 10386 96056 50325 97502 30044 76263 46253 3651 79553 60024 62069 44450 62450 95583 21679 87699 95893 7485 
90698 36394 40357 38100 35575 52820 95868 44225 96910 87317 37658 95719 36209 22282 87009 53950 63894 32661 89758 94484 
2500 12401 57282 24827 51797 99994 43046 8012 77014 71963 63352 9640 15590 28203 42013 19092 5404 7037 5345 9060 
78693 98384 57390 77066 54552 73155 65464 18699 16461 42738 31056 72361 58419 20585 72113 28693 2405 58116 19087 48609 
13869 25980 51213 17900 6170 38527 49146 83500 13379 61484 72743 81092 19407 10551 86962 60257 27479 57536 49555 96498 
90624 35690 90468 91487 32362 21024 94775 47737 57704 95191 41189 20422 29711 67903 44286 58367 40963 75804 4831 9674 
92876 92867 11653 24793 57708 2689 6124 44737 29082 26315 77687 69186 13992 28826 19064 88061 71087 55528 81020 28469 
45250 5604 15397 41801 17737 72225 21700 44429 65329 66500 65768 12425 32769 30769 81186 67797 44312 12168 26500 78295 
21279 22363 35011 21603 65627 80057 43347 53311 65394 1988 17857 94763 4724 3900 20246 46357 66043 58747 92594 73973 
70952 6947 91528 2947 49963 47494 61257 1587 12641 26050 45132 91726 19537 27221 94132 21207 58738 21562 2159 27672 
96235 17349 60688 33110 25345 95819 53934 45774 47003 52571 42001 44394 3664 96622 26689 59373 6643 4526 33035 77361 
4914 6695 23693 26677 38683 71309 34156 8005 49448 72622 95954 38513 9789 16219 76339 73792 39501 35817 94424 83928 
68387 67955 26277 54348 38510 22 85220 55093 8548 91945 57780 28107 28261 47676 16187 69040 28167 95711 50492 98921 
81369 11809 76864 96403 9545 94486 14827 69047 14552 66964 35762 26886 47281 1019 81334 1561 45325 14356 16852 51616 
53192 10966 33866 72365 39329 48018 22296 21589 98304 74887 40375 13347 94081 30965 59394 45796 1673 99449 87031 37574 
63020 36449 80373 46840 59230 84144 20851 75633 56776 27988 35276 70941 26915 22482 65687 8994 50657 43713 86608 76536 
8986 69218 46536 40103 45683 62001 50184 74266 81766 96258 30637 81692 99640 39545 91463 79734 12797 49215 90767 98206 
16040 98174 66165 56798 30154 30476 24223 91010 22488 95387 36975 8627 52003 73689 33549 49898 31847 93747 36198 65270 
39654 43043 73757 24751 30289 55281 63589 12044 10211 66039 5487 36390 13472 68261 83958 91075 54162 53156 57321 28257 
41138 54955 47019 19457 82343 72055 76241 97912 59392 42511 75914 6862 43412 73216 35501 15978 12119 97084 55947 79095 
44298 73521 67342 71824 54208 93296 30659 77364 80703 28982 75532 71760 23239 31505 59499 69725 18749 24987 5128 50155 
91997 83108 2855 70902 74047 26901 97263 44701 72520 28174 3381 70764 21938 15574 73393 69928 76934 29452 34266 87951 
73650 50841 17243 24301 52623 6595 31208 79217 17632 88039 61298 21655 47839 84895 18636 48200 58075 76067 101 24621 
47988 32375 92729 56997 34676 67191 24192 42631 27947 4902 71373 77933 44865 81196 86761 70496 18732 86587 8753 46919 
64895 1410 86586 14096 96325 83943 33567 65033 34693 58334 50654 60514 41380 36182 3399 72019 42379 89580 68599 46513 
10718 19299 32026 5819 47192 35827 9497 8757 38972 44850 69327 74068 5916 23029 47545 40935 44563 98044 61554 82555 
58662 58413 77500 58009 79962 97123 37652 58785 20137 15915 72268 52669 17707 76003 28759 75606 28246 97238 11426 78411 
20427 11866 32804 42538 93462 30806 29928 41090 58160 88705 24741 26267 26922 84738 20391 80583 75734 8166 39437 4738 
50812 39186 27427 38521 86376 26833 78297 4025 89590 96647 99551 37382 2899 52588 25347 50102 84592 46477 45217 39683 
36536 65990 50272 74043 62651 66763 34730 943 97432 17107 5554 16061 34746 41525 94581 48734 13107 87384 57012 95809 
55401 76967 85339 59388 68268 59097 76514 22749 93340 63831 5061 21699 95599 56442 49824 98553 90453 87907 88474 72667 
12197 62006 34077 83245 31648 79558 36806 18519 40018 32268 91234 90190 57388 59572 28299 46494 20305 90077 70484 86490 
92392 60696 45593 33566 83210 8626 80405 81729 77244 60879 63408 44919 85002 72905 38122 58189 68329 32966 61632 28223 
50974 17872 56518 58473 56160 19004 73825 85506 76905 74283 76871 75788 35309 93590 35735 89823 23746 2182 14883 32326 
2099 16931 24515 62214 85579 86995 88634 49580 54254 98208 79859 31156 29647 98520 63069 81113 3188 10181 27272 92784 
59711 28222 38261 4083 87323 97847 16682 88585 57622 45815 88546 2467 45712 48355 66748 45082 93531 46144 92946 78488 
76449 45439 23260 77502 45883 10583 50132 64968 14881 30492 54910 67667 9647 94779 99517 33118 38842 94758 92781 42969 
50343 24879 71487 80342 3586 51420 19018 53170 94869 29613 80624 27902 64382 17994 965 71027 98472 47394 4362 29219 
60285 31776 99372 20842 62022 36490 18151 39569 19277 58119 50959 5216 83048 91808 6165 81882 34940 11700 87786 7509 
28023 44790 98118 52484 82886 38114 30815 62312 70147 91233 98030 77537 50033 42853 8491 11329 44913 87592 78642 58747 
64007 85171 34180 76789 61272 27878 65551 45551 84034 89832 20015 30429 34768 93540 99835 82252 32902 36523 58090 99125 
63320 33502 29461 41513 76752 82375 65168 34055 53229 95932 52597 85162 19489 51288 16477 54628 5198 50433 43849 99155 
37205 36183 92271 31167 47143 4839 96717 73013 45037 42180 60084 72878 64142 78947 5063 61668 81053 52647 71052 26917 
81261 26261 84600 14947 68909 58204 5050 1226 85093 40130 78685 81059 90164 43785 46123 38687 17106 69984 1234 39855 
78327 20225 91965 13972 95559 51531 47927 99274 31164 2044 26032 31044 68734 53400 13042 93839 15097 52500 87006 18248 
86916 13651 41067 95620 13154 30170 63184 74975 82192 33206 32498 99560 25307 43132 26732 94101 1299 70879 53226 85749 
90320 54924 4605 5767 7968 25030 5757 82665 10945 64588 35754 65696 47465 29914 48568 33878 77699 33128 43402 53805 
60419 82263