51444 10602 26410 78688 83984 47732 34565 83302 52106 78883 93786 81034 34931 13945 5744 92458 1190 21327 14278 4128 
39494 30262 68921 40174 79566 3123 47883 70952 97651 20176 65744 42924 90319 21480 28189 27618 63878 75218 58057 60368 
41305 71171 12699 13662 58205 36471 51740 62763 89082 46692 38995 58520 91193 73712 85973 7553 1430 90908 93986 89548 
3092 534 60888 52599 63839 1947 11743 97831 33880 44585 51749 89844 77391 43868 19229 67952 37092 72907 28707 23135 
26139 21490 4910 1983 48017 58263 29080 95202 52274 99624 61301 6837 83739 20179 39616 72363 50910 74819 47018 44446 
60910 89391 32037 4012 81622 48428 94324 3289 62621 83947 56197 78537 15970 42438 35837 66882 94423 21053 33670 52934 
74094 9691 231 44878 20543 81721 54443 95169 99323 82389 67965 88065 36887 81087 19671 61924 26111 90669 99135 42606 
75186 16350 9921 24201 36231 23590 34215 6895 79366 50886 76516 86154 80433 54452 60870 80871 62891 25605 37091 52090 
38850 73323 71421 98791 40636 50062 89553 17098 9012 43172 37161 93236 42465 46938 19993 96488 76267 51636 80229 91580 
823 49722 73317 66041 23805 11376 75899 63106 72482 38449 32407 71504 81423 63257 33161 29965 96493 78400 24511 58404 
82157 92650 28490 13555 72045 5629 30257 82511 56927 4793 8425 75322 33448 42306 51023 97590 83713 99010 80694 43443 
5289 22055 56326 38242 1624 75845 83066 83600 60721 52408 11993 60857 70050 9867 59849 32107 65919 27343 68522 43981 
31483 17690 25078 7009 19998 235 82951 84416 71136 43308 42180 22598 17029 78559 57218 86416 4267 8814 30059 41611 
42481 70780 4292 23073 95245 68017 22424 74657 61007 23384 15711 64604 50021 47679 65223 11480 3292 11558 74296 13584 
7545 49712 73601 71528 63666 67133 93022 38288 20987 15696 37926 12656 39106 79919 56900 79422 14192 67554 90262 57239 
73716 14278 85918 73859 10140 608 39132 38644 209 80899 48267 21121 79950 22886 60632 49112 54986 30734 6542 79435 
69569 50378 61752 23046 95069 117 86929 58398 64688 1218 97306 49290 30523 11677 56679 7825 57672 20204 21073 35691 
37946 48151 55657 31452 94802 86961 59939 12442 51904 32235 67834 17777 17938 40810 32625 31505 37434 65413 15300 53522 
72501 22925 6335 2780 67387 10404 7541 70726 84557 85608 557 8712 72752 24231 49814 39710 48383 7359 30823 77333 
3371 41898 55189 11509 48720 87722 83855 17585 83698 43432 7277 29591 15666 19001 36086 51435 47782 89131 60163 82216 
28054 37299 199 10009 81797 48001 85062 3179 69095 75312 20170 84904 53959 66414 14086 61767 25851 92478 95869 53487 
63929 55431 85883 3629 4505 48078 58539 75939 16959 50760 64521 14521 53631 32921 45212 63518 13169 57635 15727 75608 
76218 77850 88753 26654 88435 13189 38645 60718 88703 72119 82631 25185 42260 27634 14095 58579 76250 56376 27442 1423 
96570 31010 62312 39672 66130 23226 75173 78091 19870 47957 83401 28925 86238 73540 53011 43006 36157 58382 11917 50479 
75237 90074 99348 88275 50076 15813 66028 47780 45832 23811 66127 85277 80291 60181 31673 80064 2026 41835 4794 63681 
54548 53078 53499 53036 35637 99792 22101 15540 50278 28439 28251 91361 80916 76656 2567 94844 83327 36801 29051 56545 
9108 50286 35249 15492 56337 93115 36059 79970 14734 28605 40458 19295 72582 15001 77894 43027 13424 61544 96506 94886 
8941 42334 85352 13989 11433 89581 31567 46822 8934 221 43596 76249 48330 83672 8521 83261 41855 41043 16609 56056 
76215 93756 97060 77759 93295 4499 95969 13137 72306 65009 51040 84476 15639 10366 74520 94235 84687 10357 17773 93400 
37932 82369 73897 75949 33100 12309 57943 66099 60277 74239 37361 82312 74258 37345 8435 57472 47774 87509 7822 14238 
11769 19321 17254 11260 21560 91038 75785 25492 61765 61569 26356 52294 32042 38115 43385 75669 45306 64000 3965 76958 
14471 23939 917 2678 12574 12119 84194 44015 95691 8586 39829 13287 42421 96718 36748 27939 36226 42319 64703 59854 
16330 81767 66290 42500 74378 68459 98396 87630 61718 29069 91253 5174 29821 19853 41311 15922 28303 76926 14032 59626 
42208 82056 68847 24991 57445 47140 89532 99535 81861 41869 34925 76205 57359 83423 5614 444 65331 99139 63489 86101 
74042 30365 67200 52968 44392 62168 98182 88203 68861 9584 80642 81643 59106 48914 36191 83699 96189 71380 31130 10621 
65620 17726 97201 14598 28090 19806 28225 31968 4312 55329 25096 23472 80116 28191 32129 63782 39463 4784 32940 89202 
80971 80760 93140 13613 59904 17074 36336 2726 6613 37768 15600 19075 17278 83172 42851 75378 82694 59270 38901 88155 
99293 96093 66324 69719 85600 20868 83991 67904 8896 37839 50594 15492 10357 79033 18214 32319 941 94331 57558 36083 
59436 30451 16422 43951 55654 6407 8032 35889 90450 81926 66813 36545 21757 17955 59661 62870 52467 71981 83432 84718 
68858 16670 25730 77922 51431 18703 42673 95728 60807 88571 5560 30239 61128 79041 46785 86400 39193 35721 42903 4977 
28509 18954 6404 7511 40768 45199 94760 72004 9291 65846 99895 80064 90299 76585 45028 76226 83300 74458 60657 5125 
37456 27665 84264 33 83395 33323 23823 33410 88758 83805 51996 46381 53476 16917 35014 36005 91576 78407 91069 30815 
43554 67944 78077 91089 12213 21040 7845 83741 17945 14843 92257 90348 83257 73564 32629 21576 51077 81524 48349 97203 
72839 7997 17783 64260 48091 93396 38311 78475 82891 13636 32064 48481 44874 62251 50215 95346 15494 9098 65076 11097 
7763 43918 62018 35709 68579 88676 91669 24951 97837 75802 66358 86144 16283 93163 8914 71093 84562 55453 25932 62981 
16977 95502 8680 64150 68085 31374 90462 47384 74954 38027 91729 66522 5705 9096 46669 53390 61573 26022 67944 63469 
69395 87817 16446 49137 4048 60045 42065 42065 89959 95951 95384 25346 7966 70448 24776 81344 20284 13579 17687 56969 
12364 65622 86908 43822 33483 65864 12305 24464 60860 44715 13765 23164 78463 98489 64249 75878 38032 78889 95879 76167 
36505 3992 59191 67642 37338 17407 33536 5529 32503 51314 64742 37406 722 708 29252 58282 88897 57390 26447 49569 
93083 73560 3878 71011 85495 93483 95817 8415 13288 89827 51544 57261 50028 91045 17684 40524 88502 19089 87214 12928 
28397 8378 31345 71161 93880 46844 89353 72421 12520 2306 89118 40258 1202 2589 39724 16422 55475 25485 84527 84236 
82531 31132 82854 46215 16344 4230 24614 58786 99832 99777 42155 11618 91038 97704 8653 42950 99130 14208 68051 4863 
69182 73044 76630 46940 73315 44464 14964 24961 62268 87434 92607 14987 66976 1217 40311 10819 46250 6606 47098 54233 
72474 14635 4126 93431 2368 18220 68769 3622 56463 46858 80846 72139 23996 79713 99165 89700 30 12925 70760 34449 
87701 52543 84000 83259 41996 63703 19912 75906 46694 20262 2301 61774 88336 54211 77614 29453 91645 67123 4175 77165 
3838 93825 8626 8357 97991 71515 41060 12198 45422 71129 98837 20684 87331 68736 47505 77607 58249 61881 74681 57343 
77514 85099 93673 5014 53278 65237 4119 69810 83481 7299 96912 36307 8667 44277 2769 93472 91323 32822 71857 51954 
86970 10501 72117 54694 15737 79033 17778 56504 72829 24951 86538 56658 41321 42603 96955 28535 15281 35313 55741 73556 
90105 47989 56787 69975 34019 82174 32208 75513 75219 80693 77872 71525 28636 72518 47506 71758 83280 77638 93127 37058 
91546 37564 7867 39540 42852 84 67490 40550 83468 31725 6872 53726 92355 34525 18910 94966 38438 56284 87484 33997 
38027 94891 56266 16925 72072 1006 36668 7629 67157 67626 64644 39608 48185 9393 74296 23663 97565 92957 40347 40070 
43826 93279 58585 44242 27049 97381 10262 83836 80905 42749 99808 66901 37819 3252 37914 88279 60952 64333 95044 43911 
59156 94775 82581 67965 67941 45844 49339 1702 55775 27470 35651 19234 91882 22331 65472 65879 928 10303 35133 50492 
10714 23003 30586 40526 60415 21293 10579 75501 83441 32460 67988 61067 65089 4730 28829 72478 16517 10536 53742 22357 
16483 34976 8041 9711 72954 32474 69088 38437 59665 48194 80927 41110 75985 56851 73344 14239 54374 9339 49157 92758 
34313 72571 44286 62762 27446 16760 15769 59623 49502 21515 75377 20049 94568 30986 12200 17738 77166 47715 93418 21547 
72580 27109 56291 39731 65775 30465 17852 90288 90131 10852 92318 77954 48678 75232 26349 18711 64513 42566 45165 33109 
96097 28382 90794 89147 75054 23596 39471 41066 28569 68160 84770 47765 58940 44011 930 22212 84303 50845 10569 76299 
17813 43494 53159 28806 81874 88255 96914 78846 8363 48649 50350 48898 64852 36633 16031 95995 47707 88868 46193 25844 
80330 60256 51518 84288 54321 60822 22527 97912 34443 1718 4237 72866 73566 11830 89753 79623 25770 27162 78090 84263 
43227 90692 1086 34346 88993 50728 93418 22004 28706 33406 61390 89320 17507 91799 72620 38279 21149 39517 34899 61899 
17216 10691 90320 98172 60205 7980 7080 1174 92960 98594 97764 57743 31855 86273 18677 21270 91128 99598 58940 93223 
97858 86073 91397 85092 36321 53655 57287 42116 96708 8048 9796 34888 32312 13050 58419 88985 27677 85217 45821 54750 
2143 8568 99663 55840 31406 51337 86342 24001 22768 18708 21259 5759 76793 14718 25567 85480 11888 48003 11260 17462 
23145 90798 92114 89368 43299 64642 89837 49577 14386 16891 26888 80178 7066 72811 47297 62712 21665 50652 61600 99175 
28453 68467 80855 99871 82287 72047 90239 28184 26359 30686 13798 5774 90597 80715 28730 63441 54726 40539 24198 90492 
12655 6590 7146 75857 97074 63248 33737 7690 95832 6801 94780 53136 92940 90494 39076 65097 58375 90852 52458 31376 
23348 66151 66054 69392 75797 13809 22945 96077 56535 55821 3275 90876 46368 83605 31328 91015 97742 89168 63526 51562 
77119 90556 11708 84995 64303 5462 82543 58865 34903 84034 98937 48720 36246 12162 25819 42960 42489 50126 2539 17475 
77745 9970 20473 48061 7963 9188 41213 18230 89216 84566 10859 91355 38359 7611 29493 45101 11410 59659 8755 93961 
75740 69643 37803 17171 29343 57543 180 93266 86026 54454 26911 17793 96579 42518 87943 91146 99351 81625 56653 87328 
73318 87094 39042 28197 80022 99305 58211 96581 3393 72682 51402 74672 66894 11576 89054 20375 39793 60116 11059 80716 
18029 59171 7840 87067 84215 85341 95897 57475 64782 54682 29956 97347 87929 23196 60986 48458 370 93616 476 54461 
17838 52569 84704 53126 94316 60941 24779 44830 54126 78108 80834 91389 30458 40305 66713 33502 94110 64035 51716 90072 
43735 52264 80372 12058 16226 951 96203 70573 40131 7974 12575 14375 63141 17694 65276 85589 37236 88739 30676 24687 
63868 90889 58254 70748 99737 24424 83639 19045 57989 36386 86904 78850 88794 82981 42371 17919 56674 68650 93187 67316 
65368 13226 23034 45384 59162 77845 26080 44175 10756 5727 33433 68460 15266 32300 21380 52263 83763 46566 7378 54194 
38273 99029 68193 57981 3540 18302 91418 10344 14823 94562 13077 88984 11404 35906 28844 85842 58991 73374 86152 66360 
15724 565 49399 1321 40735 94192 20812 49864 96811 90307 92377 56170 92397 98609 89971 22703 85886 51929 10493 77630 
39779 12443 13925 15941 32339 62127 70865 30353 96841 92658 71973 24667 97422 24698 61302 59741 8756 53414 67342 34448 
88180 89738 23562 66336 39647 73305 19549 88811 99666 76672 71940 37551 22918 88229 23197 9455 44215 52818 13835 79331 
95741 15022 57241 31560 11534 9000 64942 55632 52885 28584 43811 36380 36560 51403 95219 82281 39894 20585 12899 58091 
2977 4713 33096 12045 65613 1155 73059 54081 14222 22733 5562 79639 63546 31973 36021 2335 88068 91952 19588 65869 
24440 14222 23558 91611 99459 321 72388 62621 1801 49249 56252 80370 69573 54075 22905 89782 33555 48692 21283 25285 
67899 57787 27244 6111 32651 53464 16895 80169 26893 76954 6178 66980 43416 93357 50899 19022 78333 86409 46794 81693 
89445 17256 29478 5413 15682 54123 31450 78127 17916 52414 26685 97316 53230 44847 74268 18057 66276 19418 50503 30042 
53416 76832 78348 95206 26998 14022 92987 87463 87482 23233 91391 43480 7105 67324 33174 82741 17287 17273 39151 29511 
20935 60724 69735 38484 63190 88547 25540 70119 81510 34123 51117 19164 5865 87481 29530 13901 78477 19877 64560 523 
25168 62837 1575 88479 85089 99624 24024 37814 62392 81048 35415 19371 59199 41656 65533 35831 50397 5342 45902 62915 
76746 54567 78571 93233 44887 24349 44618 6309 88980 82541 10610 51900 26763 70278 91583 41093 16756 77451 76054 47447 
77648 38060 3900 87625 69628 85999 73269 66757 75854 4591 90544 69760 40661 63820 25087 63535 70412 12412 40741 51332 
26558 12395 75403 4128 68812 39879 12745 90421 72233 21303 39296 5070 41292 1133 45936 42581 6192 49200 8901 91782 
25469 19911 88604 16644 11670 76630 65073 38587 12127 14636 79129 86843 13741 60243 15934 91819 65988 78611 37794 62855 
25501 35938 10865 6947 46086 69845 46204 79699 98892 90112 67807 40366 71518 41042 55716 3092 97189 13966 55893 80094 
11135 62627 44354 4692 65500 94818 55682 34794 56802 90721 20964 98518 71655 25830 27786 79560 97265 67400 38747 24952 
59993 51129 88481 6973 53197 95998 12702 35832 67718 85436 17705 41261 77827 63592 40737 11520 40008 22451 77542 13549 
60464 56475 8030 86910 6233 81436 23539 54891 11788 5892 53069 66082 85142 46026 37065 53685 77775 85011 92780 65511 
83781 91939 12970 29443 92251 49936 34400 29512 3741 58251 46204 30267 19877 49963 35637 79416 94707 26906 68543 73412 
1301 19293 9258 62375 1731 75722 97723 20444 27346 75640 92725 27979 11150 98388 78054 13314 88947 75589 85528 65582 
44587 77263 10156 16065 75358 34923 94035 47573 82317 89906 85208 32348 32047 27431 57984 12749 66054 16521 70352 68806 
72714 36202 53008 34700 33733 88836 8434 16533 24719 81924 88443 96150 21024 38868 41371 91194 81016 67033 79111 45128 
75362 35490 49546 39909 44143 92047 56037 18477 40320 60633 9365 8974 30694 95142 65793 29890 65596 64700 93388 80301 
44354 61728 4505 44689 40195 82928 57243 44509 97934 82469 67389 13260 30234 54701 78220 39154 34331 28188 97612 42027 
96727 40030 61556 46865 82464 14372 1020 37236 20210 92802 4268 52837 26659 79268 38042 58779 7251 34360 4553 76765 
54368 84688 47721 92207 13898 57650 77796 86509 22433 45509 8092 55316 25735 53891 4582 74015 16643 96825 22549 84206 
46252 29095 7928 31656 79756 12766 29441 60802 49692 3815 87855 52309 34043 87891 59855 13863 69516 96977 3787 13400 
8246 7074 93580 64970 95745 92873 60201 96220 25149 75360 35855 78108 17988 94838 9389 35387 3216 77315 31720 33367 
7316 99411 35536 14603 82777 23508 27518 84723 66990 55353 44077 42543 12138 31553 77268 37854 54806 77820 45940 37629 
72483 81965 74475 73227 67884 77130 54861 52723 26414 10632 1647 62284 81082 7575 72491 47968 78415 43799 74039 14547 
96476 79463 76911 87341 89996 99447 15910 1004 83732 57483 63695 10516 42136 76587 18019 62746 60316 95380 4445 18310 
62408 50144 87814 95132 82793 33675 16974 89676 19095 18457 21610 24527 60298 61926 50657 92464 23612 2686 40959 20085 
91240 47639 64593 84862 45565 91455 38059 77842 83151 67799 13898 95350 38037 70269 71086 92604 97615 90007 86682 88268 
53092 98355 70477 98563 43048 34484 51627 84496 9778 49583 20242 38778 22671 15731 12951 47953 32635 72878 72962 95466 
83056 3372 59102 58156 1734 78444 50700 55008 47415 30078 88577 87874 83928 94015 86114 27493 82697 60448 7132 74630 
70894 61847 1247 83213 99880 93439 88677 4241 75482 89829 8871 66786 24305 72129 23519 16660 83194 6573 9705 81972 
50836 41142 31418 20925 60122 45575 58078 58649 79446 46648 49642 33602 7334 37815 42351 27329 47725 48238 2243 24777 
42995 88697 49207 56925 99157 73931 50095 67825 68587 96409 36908 96446 11159 58661 49000 64705 37599 58783 50754 13987 
70388 57263 54006 45636 17416 50801 98702 88069 38263 58555 48107 61238 37848 52661 90293 13611 45644 36866 7442 53784 
76327 20814 65990 61468 65684 52508 67820 30625 13251 94660 1426 75723 41905 74119 76223 83322 23907 32780 31245 92366 
13289 58779 19392 63467 70222 7225 39431 74091 38660 38505 58305 92987 50991 12432 22436 47750 22461 21618 12422 68661 
95940 25191 48074 64898 18732 29283 87005 10189 41175 20156 64775 71348 8482 76980 36673 45506 21041 43857 47363 52249 
58472 43286 4471 7186 90397 12142 22858 10113 45059 49505 17345 15372 59524 67036 42317 76579 66428 62399 6875 95976 
86707 11818 47806 7221 55902 29034 38020 92966 68869 24996 83169 50523 51648 76240 82675 97096 33884 573 9079 25614 
16428 41276 52393 19255 46818 8224 54260 56678 83974 25972 63045 92176 11529 48842 17999 53452 66350 67611 96623 10638 
52384 71961 90955 38544 82902 26321 1709 49100 18971 54641 83300 27045 10362 94547 3201 25780 79900 72425 62487 84104 
47620 23646 9979 9429 94129 71269 66803 80658 60519 76700 24031 41431 99134 58573 70278 94388 30647 34783 92723 44550 
20944 79295 53698 11594 66408 59696 40794 10174 83539 3174 60299 10625 90940 26007 6954 19971 96321 31739 9639 14509 
82613 80571 36180 44249 3353 74188 78794 26039 11293 75321 46798 21850 93004 93856 70229 82717 99322 50523 46423 96865 
4104 23491 36238 16933 3515 92410 37588 59303 79999 26648 82274 69774 51891 52181 34606 16247 40483 68102 72122 93300 
95963 8391 22242 41134 32825 31404 16944 29336 98501 46869 49744 29269 52458 39805 95200 10321 38893 94692 59383 4247 
10196 43715 13151 87227 80589 57760 72181 98370 73809 52509 90282 7287 4621 62529 85256 66506 52275 27966 59296 86947 
13269 25895 11414 45373 80160 32134 51217 95096 41156 36033 19595 85422 70319 91857 40624 85416 18893 52139 58387 52212 
19528 8557 78735 32989 60043 54608 68987 61748 49202 65186 61441 832 87696 55756 67722 33228 55295 91191 52584 92865 
67287 58225 65914 92196 1519 33999 14400 23547 4126 23743 27374 66270 3945 15736 34258 45069 38303 23629 30764 3594 
17598 11054 45050 82066 83881 58375 57460 67881 58155 3914 65164 73373 28155 30608 96487 60763 65118 99582 28402 52263 
36984 12062 80769 25245 68222 8723 23259 57152 95203 52148 79022 8462 38094 92388 80288 54737 16947 96782 72998 98663 
65663 34616 71951 10877 17039 30030 80419 14250 18289 70003 80901 18596 61978 4351 55443 95254 76127 71037 57518 9584 
64873 3831 57947 3712 66395 3194 4827 55537 89370 66764 55789 96168 28688 54562 9081 26721 38059 51164 31109 15520 
74976 60280 85179 4890 85796 75244 55169 69487 58469 29184 36725 28065 66902 35186 15323 96284 91172 55653 15461 27185 
39616 15703 18672 63075 13768 67158 31573 6135 76071 80893 60906 31568 90926 51907 10080 73213 64669 59512 31574 18908 
33574 59274 5400 2922 80023 96454 3733 88458 76424 91324 85141 2020 63176 27891 20872 26396 75544 22016 12904 76896 
28647 67836 50783 24093 98749 190 84578 30245 16160 40782 64198 43836 15756 96736 54877 4046 19076 9283 13655 28824 
73294 37592 41752 76851 47895 72240 48056 96167 7076 8537 12152 75693 1243 7246 79607 13837 53625 87571 91778 35498 
99965 84254 32907 988 75469 28926 50523 76035 67677 20100 4706 32122 43310 35207 21001 67073 19516 70404 45090 29926 
93923 14016 88445 98085 69688 29313 76674 71102 53358 91843 5209 32618 23132 77132 70704 44908 22682 44770 66209 95943 
51980 54594 41815 1671 24122 21919 5388 89894 52855 73368 75589 98849 21746 36923 34279 65736 27582 81091 36441 93502 
82579 24726 11944 32263 38650 59141 49326 60927 44547 26848 60108 73429 70155 37032 91728 4585 31015 54610 53388 64647 
66199 85409 88076 89233 1162 78189 26584 61147 63198 63141 32200 45122 69116 47498 29304 69388 19755 25534 34378 7284 
77148 40949 63369 22 780 21569 75730 49582 27876 82300 74272 15237 94831 72172 81992 27375 19166 98527 64047 68801 
48258 41106 13666 36827 99725 70456 84054 28184 65426 82362 57168 51413 80246 3286 80155 29919 77814 88377 20545 6703 
33931 8957 17488 41012 85604 89173 42470 39807 48226 53765 8700 8158 67064 68517 81771 87091 64082 91620 58212 98381 
3345 71615 20848 80153 75668 83018 70966 72071 57966 40902 14137 53982 59509 61096 96818 51907 19334 70056 26279 50399 
3696 47522 84209 10879 57514 57571 58253 42690 42043 92302 35193 15292 15784 78214 85446 12384 34781 9376 22983 11191 
5952 92289 35336 55152 69306 2119 66908 85516 81204 62240 40874 50640 85860 24059 10594 3384 19429 72024 70268 1647 
83956 12356 28644 55569 36001 28595 49365 12560 53957 22355 79364 56155 83024 63803 74899 96899 96423 54084 58936 50607 
56357 95369 98959 93320 45939 51522 28265 93205 45639 81520 91973 6909 20749 68821 30738 65396 40596 8969 71955 30995 
70858 33242 55535 65992 77710 23724 57350 24562 97381 79676 55169 49938 38318 8005 3992 83729 58471 23625 71965 38923 
6888 38040 90261 23148 18389 2922 34910 47000 41963 2146 43855 47667 76977 88262 27932 14153 4633 27373 65118 37374 
9207 44639 60476 45627 38236 12361 333 48170 9395 49109 34016 96965 99942 40747 62684 89944 35156 83962 40222 74999 
9289 27930 47099 2344 97960 66413 69305 70815 32061 19338 39108 90407 7076 91743 91008 65985 15206 36395 65194 81301 
25723 73123 42286 41098 9085 69034 93017 36356 61101 92869 89732 8882 81395 93828 825 39081 45827 69551 83405 34305 
26215 25970 57231 96486 42271 43882 16773 38815 61346 20030 13930 13826 93958 24211 35690 31829 82117 44401 98989 98832 
25123 60016 82230 62292 43350 8894 72393 93578 12021 8831 37562 29273 75627 99218 24571 23955 53745 45678 50959 95740 
45771 88746 63228 56410 87496 79737 57028 58506 95389 47061 73322 84414 81612 34024 64078 79301 67958 83542 84980 51854 
83663 45583 29860 18776 45730 34627 68477 16147 73492 7254 90530 24740 10711 78678 29369 50466 4514 8212 70323 9579 
57690 61376 16946 12936 53835 93941 97009 5327 26243 5957 17542 89617 76284 52880 16365 83087 73062 67647 45288 6689 
2892 99992 17048 7197 26526 41701 11343 49075 25703 3126 90271 99492 27532 27321 87235 69311 29936 38506 54728 89387 
84544 15365 63428 34246 49327 34155 13392 85475 92316 33234 27639 72611 50277 30109 37922 54447 1475 88541 19913 99563 
87710 34103 3583 61539 31437 80345 43651 83491 42642 10531 71139 7929 19303 3196 54388 10083 29874 46431 95044 56015 
65166 76799 87309 42861 85539 99444 82633 15362 74735 25350 56308 47954 9034 86938 62008 37799 49552 62045 67985 69212 
63749 57926 17361 55250 83248 97618 21520 1120 3044 94060 65787 86708 52823 39318 74733 6790 93790 46666 33749 18665 
61557 87876 85562 31596 96418 20981 42890 18948 59218 94890 30682 66082 82315 5490 54717 6778 51437 40768 29855 99598 
99755 18832 66126 71592 79491 9888 31897 4998 73033 86559 45531 78007 70806 71696 19053 28881 65855 55835 70549 8100 
34994 62968 23512 43046 46331 14659 54341 86763 94358 95425 41620 85485 88974 28409 4620 79903 39545 63306 47967 93194 
66090 5388 86451 42648 77250 11364 48205 24096 6278 97123 91716 72356 36213 94618 8764 26938 1579 40545 92763 44058 
28274 84819 26194 64915 40385 88521 96039 76836 30843 13782 40049 91029 76976 92165 44950 94811 74485 63874 95650 42848 
9170 91577 33516 29248 32280 91516 61724 54581 69617 25612 27585 48399 19585 99704 60900 4279 31983 91320 25858 77353 
85664 31953 11902 63513 67619 74684 69989 11340 33924 81464 52766 89137 24747 88604 58572 34376 80291 43557 18832 41716 
47292 93262 22179 16504 79914 60318 54157 45012 38933 33575 61341 93681 73853 99757 37776 63044 79467 42774 50484 55944 
71374 64405 91213 88227 89308 98972 37856 55240 67356 17151 78672 83750 94090 26755 39607 99108 74761 75162 70326 16657 
40422 62766 97210 10201 6234 66437 13333 6638 73260 62839 56486 60086 92714 24858 17785 95942 25231 89555 80231 5823 
89153 15836 49079 11134 81445 34558 47734 43912 87687 750 6492 54961 99505 54761 63986 8992 34553 20672 18226 73339 
53251 6558 41000 61422 84997 46807 54570 78542 63444 99548 22790 18687 9271 52128 17511 30501 2916 65809 42265 97719 
35880 11669 27889 31730 58335 86349 19635 98406 38206 72090 80967 36818 36557 16981 92664 93058 48823 67930 40690 67292 
706 17078 86142 56078 90002 5168 72762 15196 70689 71771 45754 97971 811 49864 57865 49275 55089 1521 63426 70564 
83171 27169 85017 58607 96091 18337 62548 3392 65269 68410 54127 21430 79375 90775 52659 64179 3919 480 98635 22007 
24234 95679 35405 36072 2020 3351 88679 11411 48008 72622 89624 70151 19013 85404 61086 62584 94693 36280 39217 67225 
52779 35608 33392 81917 28943 12595 77083 71613 68216 40306 65031 70779 955 81606 71195 39688 32072 93750 73783 10346 
31573 17412 20353 8214 21144 40710 34134 48373 33302 21421 38333 62656 82962 19580 81451 30977 13958 11264 52690 6739 
70698 2132 9715 34115 16376 36064 31047 75519 23782 17564 62679 98380 38059 84044 29606 73774 8980 8326 83531 34689 
52485 64164 51392 66214 99831 15759 31675 28943 32858 92633 85458 29623 21138 66059 98783 43902 84581 59946 54593 44093 
67734 93683 17257 67232 66432 97177 35543 50010 22824 13906 4004 90278 96701 96735 71190 86823 11428 51967 58215 35154 
12312 66286 88588 98895 16033 61670 7371 29642 45589 84498 96590 11130 83807 56378 278 23057 61418 42428 19148 44354 
63181 10709 20190 35256 45409 35218 89882 80154 20109 51285 48401 27892 1179 54296 33723 39805 93499 697 65611 576 
32973 61541 64574 90480 7783 11459 40122 42133 55126 25449 13809 23144 77923 34647 26312 51771 69086 49221 60300 93579 
14329 61423 8699 35331 70831 99706 22518 9345 63742 47882 97849 10915 2342 22516 25741 14938 18484 18818 94628 38306 
72325 20636 80800 57587 47102 46985 55116 81153 65555 71537 81177 34967 61288 11256 92255 27700 17709 8453 63596 62556 
27067 48059 54060 25813 57001 5247 673 45160 69112 97673 42513 59827 49575 54039 44811 25583 91265 6641 69326 76476 
7754 19357 69962 52966 85406 58209 49129 31324 20944 64076 10303 67207 10501 18404 58907 64807 37099 9099 74984 93411 
80862 69087 22584 33147 15404 18942 42367 13988 90895 38400 98445 19871 20516 22876 83902 14167 61139 625 87248 19971 
64379 2810 1230 30538 86731 23865 15139 29904 95089 20460 11280 96275 56838 37268 49200 52198 73474 44770 62873 98479 
5015 8986 33286 30457 71380 49345 42184 2 78154 81000 77781 98510 40608 72348 88498 50032 788 36867 38118 59837 
94228 90965 27760 13079 93439 29886 53813 12023 60268 87808 18644 88637 60472 34265 90208 26167 76955 96704 82869 46201 
72143 89398 98201 93434 16817 75319 41847 38399 92540 74564 44700 22867 82523 96916 66239 78494 12054 93252 24492 25711 
3154 91327 69747 26291 29515 83446 11334 14015 85478 87880 34368 21090 14519 49481 57585 19617 71768 88185 53971 72613 
51257 28626 70616 33165 27552 78400 37683 37796 90851 30425 60646 12649 4283 86646 39981 70812 5020 919 18388 42509 
99274 40310 83880 70808 54268 39950 94819 5238 18929 46162 97309 30636 28169 10393 82656 30076 99767 35254 32833 52401 
62938 83334 14871 80940 507 31005 87694 91586 23562 87280 91647 76866 38196 76564 36025 84238 59131 71617 12964 6408 
756 33109 68596 52183 43278 91174 57175 7914 5794 24468 61633 23277 92893 33445 82607 5490 49138 35067 40755 6998 
48315 62763 91641 68974 40357 26289 3654 6145 68493 53817 94778 53020 58245 99636 98360 60231 14926 41824 75135 95181 
83716 17042 79484 73759 92711 81684 59776 13737 38416 48958 40292 81904 91540 49433 38578 50157 41660 37070 77992 72654 
96914 89503 19180 86903 17716 83550 83392 82211 67549 32258 99571 97771 7898 56281 96227 74580 91765 62997 56497 80527 
10343 5341 83810 9434 91669 11441 77562 21301 33067 6177 20072 8405 49362 8357 72364 52940 58105 85491 86763 96736 
40434 43715 4790 64655 82759 24245 69335 90495 84013 24051 16619 3676 51281 31895 12262 37815 83916 78805 98923 90122 
56232 34718 91093 19094 49272 93379 43743 9449 79385 9079 98652 53046 72063 49211 50184 93212 21738 60937 79830 82593 
91393 385 47226 64340 539 80388 1752 81513 98505 40140 93029 16668 76856 59 79699 21337 67428 7664 70479 67178 
62360 56244 48626 2515 88065 74149 21862 35277 12595 2513 70688 80887 42293 67557 55 19353 5017 41243 58741 53049 
1120 16305 14148 5968 72073 12822 70796 57060 47579 12046 39877 71906 23955 24897 19170 29836 37797 22500 89318 61986 
46181 23536 49246 63911 14900 18692 49411 89267 80955 36879 92917 68281 66217 8204 11375 11519 22517 81293 19560 4774 
35503 74673 64709 88713 31689 86130 61974 71915 96713 69668 56885 83246 66733 11739 95162 57286 60408 26910 51559 78349 
92157 11409 47503 67116 11650 85077 60354 34616 2322 11699 7402 88848 42619 31006 19019 70280 91908 50284 10240 82524 
57780 12659 5879 63820 10009 6382 32372 90592 50666 96319 35824 65925 40578 36935 42436 88580 93142 33470 21640 31908 
14241 24164 3141 1761 99574 60110 44244 13384 21552 90803 74642 14243 34795 19547 7180 91443 41213 58258 39208 97563 
59614 13977 36738 18831 19441 91861 88459 58696 87023 73646 64632 10545 20090 58447 54821 30005 20026 65273 15816 10298 
82819 78691 19190 43547 32993 25374 94923 19801 78122 42425 766 98934 77402 47382 942 96930 78713 55793 62780 81422 
43673 98849 29013 66763 56755 30565 62380 11657 89623 3519 20514 66631 36560 1720 96416 75342 28940 29950 29344 9634 
76202 89971 64228 17742 60908 45522 19043 79744 58358 38643 31305 7176 40110 6355 51765 12055 96204 68350 67503 57164 
81261 59902 40395 35828 45112 5109 75939 31095 69044 88188 80289 85135 63707 72510 44694 88149 79125 63736 94399 67027 
1751 64143 45910 28773 19363 51392 58646 42790 88459 22215 64751 63989 92934 84162 63543 33587 12554 6072 81046 24682 
42115 67105 35096 64126 87452 70496 33959 72363 57108 86906 1642 16968 52962 11896 12631 54949 39872 68474 5153 35240 
91628 90089 75958 59234 63169 18240 60974 9362 90912 78551 83444 37897 65333 71022 56706 49616 81621 18607 40686 84576 
14799 65586 93010 1377 98987 51679 59250 22153 46872 53443 11525 73180 41835 60598 10692 71345 71216 64436 79492 79089 
66844 63112 76438 45858 98180 41682 87890 49053 38979 70172 25676 58202 90929 90912 32222 98509 14973 87590 98137 24386 
94253 10325 31123 84817 64134 51713 41293 43279 63529 44407 695 9351 76439 71374 49353 88172 94117 45272 57001 90166 
89045 89969 35944 22746 26574 39384 27484 62428 59615 16171 4582 54330 64056 74966 12860 77073 72015 21575 96569 23445 
5433 71865 78108 33205 35722 88649 99932 81727 66761 18274 92024 91467 67789 44331 71712 83544 82502 61667 89426 81315 
60068 72648 74302 355 96004 76530 50937 17015 80937 23458 75297 52019 5173 5239 2632 55257 88393 38501 58844 17070 
45106 73249 36151 2386 32119 76575 84810 65034 2680 89953 63806 25802 93107 28967 58586 17002 28144 37951 61211 97176 
50885 32932 2738 57640 17055 49253 32658 42327 17969 78128 6090 42503 16281 68687 9471 73713 1112 44520 66525 40822 
38535 11069 67436 86242 61029 74732 32559 64803 98840 3389 85319 48007 29484 70455 77370 14267 27841 66040 6401 22490 
79782 44792 72566 10016 35620 22701 96545 48976 82468 83772 75119 65105 30236 87735 20587 21741 74681 68636 24989 23589 
46392 77664 7958 23361 24130 17905 52390 59723 33109 29942 27154 74921 19101 46552 20029 19822 32530 90772 80081 70044 
36573 3519 77134 31316 50 67282 6976 41181 28601 45834 56842 86008 7829 81830 39734 17018 36845 84464 20910 20477 
61649 32299 19904 49856 73908 28390 19709 2369 37579 62996 89641 71062 1446 97239 95764 29526 51406 65491 95017 66429 
85904 31032 92716 75821 64033 31609 13181 81807 39037 77296 6354 3340 38515 67736 23032 79355 50307 20471 60638 50262 
2778 14531 69486 83990 66161 12860 67797 6713 31328 24416 24467 41022 68767 10116 87531 46423 10980 96740 6514 25851 
62885 18976 34809 1659 85244 81314 64862 96450 20418 97007 16165 85061 80910 72911 85789 67697 7751 73063 96748 87963 
22942 69665 76091 10166 42555 18376 46090 41962 39504 56221 18381 76201 81321 74943 50410 81895 7437 59345 37460 42476 
92919 8996 4996 49626 76305 27698 69089 29537 25307 79372 3701 76195 50035 44285 84976 94908 45998 14231 77914 25196 
14202 34479 94701 81767 12909 87248 47886 87317 43843 83695 3985 69318 92557 11487 86065 62310 73805 43540 55674 89595 
86232 82485 60866 12817 27780 26003 23379 13267 39346 80405 40582 5794 25656 84738 71273 70143 96187 53546 99451 54687 
40630 40609 54587 18960 52783 40356 56168 7554 68731 53369 2024 40029 34474 82478 33692 41254 71599 75005 51589 92941 
9442 72778 64880 97533 66148 77652 76743 57230 24111 79795 74509 53276 51950 3894 44554 49267 49946 24052 24509 12691 
37216 92840 98188 98401 73109 22193 94854 31394 79147 11137 76128 36186 84531 10185 81929 51585 65199 74974 67424 72914 
21027 99916 64570 58608 38738 64373 97106 34456 17994 1816 49559 25930 29283 28396 29873 77818 44098 86175 73741 20401 
32606 10789 13805 46697 25090 49705 80808 70033 62091 57178 60296 63886 33644 44819 65767 86365 29006 66284 45372 73963 
77795 82078 39328 77934 31851 48307 15124 67168 47181 27984 72593 76621 87591 35807 63114 97808 2674 2882 32964 17191 
76038 49596 81782 39487 48444 16224 26140 12323 57251 6065 92942 67757 95651 18196 78764 47195 62742 63419 62754 49900 
18128 30034 34237 66362 17562 52509 43642 499 19567 10505 44479 283 99855 78161 55132 5556 98761 9833 1836 25498 
84493 11112 13602 70474 7732 59601 31417 6389 37233 81745 18835 22023 8299 78317 3425 81601 9649 47535 5007 47966 
49039 9614 75138 99248 91284 85844 27926 14343 90026 81138 56336 7745 37851 70047 67032 63300 87198 36359 95190 86013 
27785 41474 10609 62139 10068 83131 34552 21872 89026 22917 17287 65191 56865 48191 14923 14583 39119 89559 38200 45477 
44676 57958 12063 81796 19890 53842 94119 31634 25920 92187 91925 83775 20652 71726 40626 60246 86184 63402 9061 23603 
83803 71893 30967 92037 67785 27302 70779 75193 51335 62546 20679 11258 21764 63015 50254 96613 94451 39756 63448 6589 
69758 61762 51500 13015 41329 82156 13511 52506 4551 28301 23585 67972 18504 23079 53602 60491 51052 53089 26894 56008 
28883 5924 75978 79519 15790 29323 60590 86405 23129 36986 73079 79670 35848 63866 40643 34696 74269 96400 4710 23025 
90426 8980 74285 11871 58915 5824 36435 8021 88755 56661 4385 1704 12797 45716 93402 50384 16749 25607 66047 13043 
99979 66447 30435 40833 40379 9258 72769 55387 94485 98275 97079 89872 73164 49779 38891 48703 36808 40865 77726 31169 
36262 45560 64935 35837 19584 56864 23222 34508 78982 28459 84041 30833 50331 93568 47054 62786 24487 45 40799 70994 
63850 75740 70311 58104 85598 38677 14505 51832 50406 68262 82123 15703 92409 12263 16426 92167 58170 88386 16041 47385 
70359 85823 11472 39903 3501 99122 24926 38233 77146 46384 28396 25171 1459 64136 85176 89638 9281 83750 7013 12664 
33850 24980 66316 93526 23969 25570 27334 12703 48612 39858 73797 83401 8533 45915 10855 94562 89172 67868 71175 36398 
42695 9886 44181 4 34782 8912 71904 10139 10175 91031 22344 99206 61960 35407 69418 24825 99875 25099 58 73154 
49337 12077 92208 65515 15352 23556 55559 89401 99402 66523 53020 85534 65822 2202 10009 75290 22257 68078 86411 3175 
17594 50552 98482 44456 26615 200 7027 9606 90588 14768 82578 85974 96997 76459 66168 25999 7031 83252 16577 2976 
71707 36937 83690 15149 53762 72470 61372 79651 18856 9790 81547 65746 9693 50762 28441 20085 34952 60258 83935 97500 
17659 8073 1226 17325 68338 51203 73094 49320 40320 59672 67973 38365 99936 40769 81227 35098 67703 76897 85764 96765 
15706 36187 99 29332 53072 74149 45747 12969 79178 85970 10058 26951 79310 10180 53524 57297 41214 9683 67923 10864 
70073 81408 60794 26510 93175 73294 74329 50023 93593 48085 13609 93001 44407 13230 55863 88419 97619 34723 41301 76140 
52549 52457 2004 27475 99227 76168 62566 55344 1945 87354 34327 86065 11511 34743 64380 12976 73323 99127 70215 35019 
1694 33005 71505 81472 82375 78090 22984 48436 65913 83237 15797 20436 88274 29238 36535 59545 43142 19549 15814 6371 
67928 77814 34095 47117 65206 76775 76126 18356 20689 35348 39955 84479 63825 33320 23235 12711 12008 79503 2497 54224 
57420 29902 52669 40122 82401 53252 27491 9288 56009 7818 65453 91169 64830 78710 72292 54435 46728 66820 63426 82085 
47392 67422 54965 73458 18896 87408 40505 12630 99999 55235 97149 99 12042 23983 99610 19638 47891 5456 30278 7345 
29132 97419 13133 18793 94708 5051 87551 19614 27731 47172 71464 6864 91827 74670 19224 89614 98748 92557 94040 68846 
24835 93825 98621 20424 61490 34802 84113 74330 22690 22081 80672 24265 1375 7028 4991 7225 50438 74108 98581 92701 
81707 26043 1007 10851 54410 15516 23084 91143 2292 6684 77020 82987 8347 19947 23476 13099 15670 30046 88893 45346 
90272 44674 88148 19629 14670 87218 75835 19876 78028 33364 84054 94009 57245 63791 3358 77829 54400 57494 19763 62253 
51681 65886 59753 79622 19793 15362 23688 30077 39510 4192 96532 66340 92008 4799 39180 27285 30563 9308 52288 86447 
50027 60058 80886 56769 12931 10011 31820 20375 65811 56153 99089 43322 61560 5848 79285 43346 37910 14798 91961 62966 
97393 42052 20976 11305 81589 12315 87674 45607 22800 99297 29468 33579 13768 55092 83302 89971 58007 30435 85989 35793 
47445 3081 8264 18158 17324 9962 33296 15098 28969 32195 22518 22620 41945 83744 19124 724 41699 27000 22757 26041 
20074 88362 33566 35049 34632 95032 6365 79000 43801 11659 61237 26335 92465 9344 32065 43347 88186 63920 81979 51850 
52812 42747 12770 22074 19142 70872 27080 24076 45343 6797 99363 91026 51777 35400 31008 71765 78913 65014 36820 66030 
17878 15243 80164 3943 20772 60656 68747 45554 62709 61346 35063 34663 41838 92707 20435 58687 66452 23694 41298 12395 
14651 55499 3114 1499 89999 3974 74827 49132 53886 25388 2310 57342 47654 25717 91419 2744 1796 80997 32782 20493 
19185 40266 90313 64458 72757 203 39816 97016 5552 48192 32638 48928 89124 20090 83237 26832 34954 11280 59775 37695 
87483 86221 25303 86054 14986 96665 85687 29984 60519 92327 23743 15934 94108 32788 86733 92677 35637 64686 3955 61775 
49843 95875 83586 92015 77867 74055 92806 29119 83197 28922 63362 82028 13851 75103 57564 85676 45024 12451 70806 373 
49139 47518 70700 16370 61144 83438 57930 28791 71379 62168 84211 47606 57821 20874 71860 27806 83443 52947 59188 74252 
77073 47457 22577 70716 87666 1953 1939 24313 16888 15410 47955 30598 15442 32424 85819 71294 5596 45494 97595 82700 
82136 62580 91367 74155 76901 49333 9775 67819 23196 86803 37485 68223 85665 52294 34369 39374 79970 17121 36440 9250 
22098 21735 60446 19858 12464 79010 53034 14266 85017 67724 79035 57010 80579 35519 44581 20128 19635 83917 21759 41102 
57407 71329 94166 71499 93931 25540 37890 94323 62323 15177 39102 63046 80489 75856 57070 39269 15728 36725 36800 76895 
39225 45625 11188 25524 57786 99861 71460 91795 92547 71924 77610 31246 6657 76370 73695 52126 47672 37481 63550 31469 
37288 96791 55584 23936 14719 23096 14568 72074 81779 28004 52856 28818 56907 43948 83901 75086 44305 26539 301 94812 
8651 68079 23462 94529 84290 14896 81879 89934 55412 34421 72091 54112 57200 35859 37980 52955 95777 77773 99005 70967 
54725 61999 59081 39571 53794 16337 87499 68839 95066 71715 5198 27009 14788 14842 95478 87675 31556 76222 27857 70774 
10867 7901 11770 34644 37975 45163 28977 27541 71402 76958 88872 82330 35809 97220 8372 15137 12648 96241 62087 13291 
16156 87464 35066 25818 51328 90447 82527 60676 70468 95394 71944 94040 69726 19851 54715 72575 12518 20313 68530 79687 
16825 51432 72317 87578 52309 84152 45938 80727 16118 49725 18508 68525 75018 51971 68569 36646 77982 23136 55512 37483 
81071 84209 29502 18913 11805 22591 73095 74706 27850 33519 16316 47533 17116 57947 54794 33143 13792 97212 30806 78696 
70977 23917 26861 13517 95553 63787 1654 46767 45489 24451 48298 10450 47730 1008 56323 2150 81866 23899 97093 80318 
46626 78706 50624 93241 47485 31291 8232 69327 19020 95382 77395 72242 36098 6034 90171 95051 44896 93397 87954 67124 
79469 15665 18752 9179 5497 55137 79171 82858 2318 6493 37049 46352 27591 31236 20845 74747 47394 5922 25408 61687 
98898 58696 10422 77718 52681 91519 58638 88672 56421 23207 49623 66154 39731 19347 83145 85718 55476 25841 67387 50547 
64589 68226 87385 64113 59111 83314 35963 81188 68256 97839 56271 62603 47898 80366 61631 78382 42995 598 93842 83687 
30920 20502 76248 75884 64794 84528 81944 95901 2011 80613 17071 95400 32820 81489 19053 747 39049 67046 20127 73506 
63638 18192 49474 20169 18494 45630 31141 77629 11378 3944 97867 58476 76634 23154 21164 14829 64895 25666 83768 61829 
1933 54051 57609 39192 10137 59843 91605 18336 5100 93629 69006 53516 90890 95840 11069 93335 12315 55370 4106 98450 
24625 83277 54549 85472 62667 9617 10177 56205 67608 95241 18128 43971 43872 39657 11210 29311 92899 41246 29422 85156 
71027 28868 8441 32932 20049 45105 46681 93508 12579 85148 69825 33229 8100 1060 84348 18214 35603 30372 23361 75117 
31080 59258 8484 64828 53104 33887 28721 48649 14473 81125 79748 48457 5111 47014 40403 84763 89397 55966 66918 21551 
13250 51177 93536 64124 59071 32125 38294 21546 27776 99298 62291 54531 77274 28122 98885 9620 15612 60949 70611 96831 
63529 75516 21400 99425 38846 45276 45162 32502 16978 51187 68008 28618 75995 38683 41982 74226 114 39574 43387 29964 
50461 46499 55134 45898 28032 44353 91791 89413 49409 30747 93799 92558 2705 15792 44419 77905 90882 39248 79017 81249 
37036 95441 86543 61506 8203 34585 26444 26680 87574 63925 60111 78687 92213 41932 71539 75061 47681 85210 92962 16460 
62466 26256 48437 85111 13106 38240 66914 53232 96869 16421 55202 75751 78942 3990 51182 31867 44467 25167 45619 21111 
8770 5243 80537 71126 53430 96570 48408 2819 28892 97826 2736 71577 39203 7953 75325 6080 3967 5221 85012 33954 
68037 84082 33828 27339 19718 32918 75859 42972 51734 8949 24232 9758 12542 83286 73752 83864 96931 56103 55047 17301 
20291 554 68296 29805 18817 28553 2394 24620 18569 54236 35679 53654 93497 50938 43693 389 16891 66315 60816 42933 
70522 61066 86721 74820 25925 1499 87971 83696 48229 85668 63971 7945 97330 27690 66230 78100 50855 35240 57930 89019 
59239 94649 6106 23502 82139 76185 99653 35072 52771 95873 21663 35491 6767 28937 40120 78983 90673 37737 35182 17379 
98352 47102 50220 22609 64036 53882 59565 45237 2191 57846 91111 58294 68169 18398 77701 58284 10435 17080 78819 16144 
61658 78321 88440 38993 37997 39005 43327 39342 64189 92739 56834 40409 94181 80701 12426 63220 46723 48444 25536 7652 
95170 62792 71459 63176 54271 9694 8395 36565 50275 92655 92314 48467 63261 28738 59654 43375 78394 21286 7303 50159 
37690 35752 23354 5030 20464 28208 92816 56306 42925 98490 14766 45320 8010 1239 841 575 75858 57813 33471 4755 
62263 83755 51067 97264 57308 69967 75026 1848 71659 98903 22099 4652 32259 61855 90360 750 4570 60308 70267 13381 
40550 10655 72936 24864 44215 49951 99143 35699 55877 55397 93828 4444 20358 87046 67615 8144 75670 55733 81032 9729 
56257 92827 63504 14329 87773 19441 23923 64951 50735 34466 27961 74450 24865 19478 18206 19248 37279 22025 64678 88968 
15143 24217 34068 57118 39809 29705 11493 64919 66115 36385 77324 15366 82797 2462 39999 51704 40598 60279 71653 21659 
99670 92505 69743 6165 9620 36530 29830 5991 64829 19032 89141 38828 27257 88605 11952 58659 47285 236 41078 27162 
956 22696 93782 80371 17273 31014 68034 79670 69816 89314 16318 79552 25908 39828 84103 58759 66871 68388 68165 75000 
84599 42147 42078 63292 15870 27645 31576 93412 81263 53460 62058 59500 76911 5752 86258 39351 82973 70605 87601 4274 
45686 83114 97020 55500 63136 26550 32538 1961 94415 53620 19354 28414 66355 4256 9893 46058 8853 99399 9643 58025 
7668 7276 24527 86723 77668 26213 73838 28069 61277 7827 70920 62841 46641 21543 91160 59968 56388 61585 12490 68396 
30622 39035 20105 27894 21295 65847 44815 83536 2201 19531 30270 31819 6193 86646 87154 91925 92453 97055 73042 13723 
12007 40359 30986 62441 260 63737 37016 67504 50476 1675 42039 89446 69060 88437 93659 47398 89589 60994 79268 94284 
13450 98490 32871 54324 69260 72821 66043 16131 43389 37846 19630 44941 33958 11388 74530 75459 84519 61640 54937 51703 
70086 35560 57007 3368 36592 71064 6289 95138 90166 79739 50201 53685 85270 70923 10303 636 58182 99798 39813 73982 
33639 92091 52142 63474 34118 71204 17012 1596 15178 17855 11736 91787 87398 21344 56785 1978 66058 55595 59347 30153 
36905 32307 13170 58009 27256 21464 7510 50476 63725 56020 28500 97864 55643 64346 96508 62561 90985 53982 68998 97836 
88245 8016 78510 92337 30068 65096 49084 38700 86340 32519 23559 26339 19689 94068 17686 35441 32251 89285 27796 19853 
32108 8944 39539 98112 93183 64760 34132 44807 83519 57391 44119 23533 78569 93542 85553 52918 49794 79589 78612 88672 
80047 6861 87150 63685 40980 67544 85787 26927 84781 20311 36992 21637 98020 7914 11917 75993 7898 65140 11498 37616 
30288 61730 76246 31747 12627 39360 8531 96942 9483 49073 70787 32399 9902 30143 21862 18272 63351 76475 60136 524 
38795 36048 93959 64390 45252 36848 40900 25800 8743 8501 44095 21607 29466 78857 74337 73071 84 22020 73492 90849 
79710 93314 8057 26659 61438 16172 8884 6455 15147 41705 84926 59903 14483 60928 11580 80111 9560 45233 76561 81479 
19388 94943 75352 78761 35973 89347 43450 7880 90817 91457 71379 84710 15949 91562 69957 63757 5693 71727 23117 76479 
93630 73043 91508 75483 67007 28428 95405 65895 49585 64152 13760 11923 50294 7530 29904 67027 15122 82461 73005 33702 
85495 36623 2277 40532 82928 32764 81415 82809 64746 70627 28649 16460 15372 94256 16826 44949 58215 72695 88419 16669 
70857 78876 69417 47332 20033 38847 32723 49878 79509 13937 77717 56203 66007 15653 66972 84595 84094 33960 89593 75018 
21595 58795 78659 9810 61533 73149 53559 65522 75930 36749 4353 7064 7003 21712 2518 45962 46076 60157 846 68422 
67168 12668 89698 88787 74193 92494 50407 98803 65156 98395 8536 21866 73313 81 91306 58321 83867 68708 41289 97782 
83172 63587 7547 93937 13600 45759 5345 13688 95685 37326 33569 65840 19077 69980 21938 82325 50863 48940 28132 93013 
20153 6600 54520 13806 74633 42225 5706 25731 70377 12894 70276 41260 39305 79519 78732 65405 8356 35004 77865 37006 
65838 67626 66992 89597 41399 13015 53374 72635 58353 3140 2455 72907 22875 58072 27487 74914 65241 23573 62586 270 
55638 17743 21040 63742 10685 63009 65207 83585 26553 79249 73338 11883 66314 63283 40502 2514 45330 49858 47512 6782 
52481 3499 58976 97098 12128 8071 18380 19356 49680 59495 2853 53333 55535 57571 81316 17997 7141 40980 92590 27758 
55420 23194 51454 7787 15706 39825 46730 42046 98650 87883 84387 87132 51531 42538 44578 67608 24089 17211 86923 13806 
96170 61304 53011 90167 95362 25177 12304 98747 94480 57127 98774 90798 24205 34271 75708 51916 64957 5094 9539 37097 
63129 94279 72157 21177 718 94836 49701 25667 18944 98775 30077 71682 52830 70083 4147 72343 51476 49661 27515 521 
5867 8135 91638 2984 97533 88109 58746 62083 25553 63917 48096 2629 59736 83729 47684 73039 63250 12767 63386 75667 
78958 542 93997 15503 44985 98676 29080 21386 97183 4345 34384 40124 94027 87134 15493 33429 37923 15789 51959 75448 
57854 99098 52889 75717 41430 48238 8060 61165 66426 35448 8241 30517 73867 73505 14470 71072 89879 99452 1319 29391 
51299 84556 1950 79973 55336 8518 30404 29752 58132 17439 42597 36786 53212 16771 34344 18514 47677 22397 31116 19883 
87822 15031 34713 9513 51630 26372 90002 67598 41161 80665 43935 64273 3990 2467 15667 42999 59540 40019 73289 62336 
15691 34998 35584 47379 78828 43719 61653 87029 39589 33833 75571 18023 96513 83183 95276 6300 42578 75232 56426 93994 
88614 70328 28944 33321 83121 27471 55660 61049 60 2652 96682 20299 64657 31755 91532 46484 38149 78176 36370 66800 
692 48655 94512 68343 96541 34900 53572 60643 64576 84226 18497 12424 3734 31293 55286 38772 477 54459 42988 57871 
98599 29225 37971 33791 57829 79760 87286 29079 7470 14351 53620 50042 88337 50792 6777 67074 1088 52513 11309 38127 
19848 85285 99115 52368 21861 61677 79935 80815 98082 82428 41962 828 95134 28559 66296 99313 57474 43139 81377 58362 
88080 60871 49368 66207 7677 70231 41239 51222 33241 57894 43141 24542 14551 2364 80727 72806 99729 54738 73680 90442 
50017 42729 54809 35903 92218 29984 22090 9608 34343 91016 42424 14525 34609 19442 48786 67494 36299 91240 76806 10341 
95277 31806 38432 17314 70011 68217 99594 7524 71730 11504 59617 82781 15652 15907 39791 80535 19862 25309 47769 5735 
37383 71118 55493 40899 88064 6150 682 29957 25329 49921 33591 26925 75411 61468 51022 4659 8013 56521 48317 65080 
3349 85895 49346 42873 83601 9044 81236 99768 30392 64101 73236 87593 65205 26479 40103 83310 82444 97761 61719 96072 
35104 46970 3277 49538 90477 52644 7171 82243 41236 82217 31228 22733 72876 6928 21441 18461 7509 70397 56057 64579 
67806 70788 54698 22296 5637 45862 48800 69866 93863 31510 53212 59858 60803 1067 49349 78476 85178 86030 54102 54934 
35128 30673 87606 91143 96365 9091 27200 18264 92147 56277 43935 17851 10562 42028 68316 32752 93137 43793 26061 43524 
65886 5569 21641 66519 68290 30954 57382 11118 32053 11219 96303 89546 12749 41575 32535 32591 45662 91095