31374 38935 91668 97752 62715 79215 79272 30970 53815 86030 55838 62031 12668 67501 36447 58777 86542 59960 78513 6891 
28184 49158 5558 62767 54108 29881 94488 40854 64760 22310 78370 16688 34346 79908 53857 66981 49422 97143 81062 51706 
2282 76605 3779 97530 63352 281 39826 76618 18895 92699 23304 10049 19328 482 74792 59823 83088 67912 47363 6713 
39209 26798 5111 39745 12166 99895 45503 98601 95331 19781 66189 60029 65574 80351 58542 2275 28634 89749 97510 55550 
80919 4155 44374 65436 94643 31397 7522 58731 30999 53319 40783 77032 66066 19017 58064 72786 15253 66185 90972 10611 
60556 93717 93912 80175 48385 1276 61010 47350 41177 56230 95889 25997 77234 71343 86563 42473 76079 97482 83686 17716 
80670 41914 56957 87763 83452 87991 74676 5298 4417 69352 87504 88309 39433 96411 99116 34027 32130 86267 72403 3257 
18931 57045 65570 73592 54766 75192 64574 57451 76216 82940 41 89586 56721 37516 48308 50718 57985 50074 32568 75254 
29305 55302 8871 26930 69011 63779 99737 36903 33891 16002 22997 13900 52053 75443 22596 36765 11820 4780 72803 85332 
34717 87745 95340 47853 51754 26110 38336 98857 57998 76785 62702 61364 38705 68158 38058 3442 26240 98152 45464 28757 
43486 73182 41357 3988 19540 26838 67626 54925 26297 67516 27562 68854 92936 42012 4031 62530 4469 79824 82409 92714 
95059 78501 72566 64510 75542 99847 76146 62468 47984 17695 38821 63629 51047 30003 87311 48362 88412 10787 44174 11777 
1548 17649 45825 93842 32523 19121 1827 51000 39042 43085 57004 54298 78363 26418 53537 90303 14613 15321 77609 17885 
26225 7963 46218 45381 41845 50793 11515 85616 20870 26351 65682 4887 4413 15098 99418 56596 81761 38231 90677 5527 
80769 50778 11501 99966 29178 52114 27836 45150 11972 19702 64428 28123 26102 55333 92240 21681 92488 13885 72686 7125 
12704 97981 25997 48213 45242 5204 19212 95 21106 68160 48617 90616 19509 71640 56659 87270 43368 74504 77033 19978 
70086 65832 55753 3217 19582 31263 46534 64710 47851 62128 78795 28194 77500 91749 29989 25213 87924 53154 7374 90973 
45596 31536 59500 19611 16787 13629 80443 98622 87015 55707 10153 14427 92915 28097 82013 58612 39348 20628 42614 7502 
37208 21332 75076 83294 75568 99058 4958 99292 53210 85851 2210 78788 75158 21168 56276 41609 41977 46286 538 38921 
45344 6041 75514 62171 16323 3182 46769 713 34843 52168 89269 42673 30647 71697 91214 92567 48248 26775 61753 26114 
89871 88451 2386 9550 70470 70603 30671 78019 54777 98551 82035 45661 37347 44884 39109 18449 39280 14927 70406 61809 
2449 21702 89545 76767 88609 51971 51419 14589 13013 95296 82765 61087 71743 21834 30268 67619 77613 45169 45559 96393 
19364 81822 40490 37339 35017 24141 93248 48727 49097 83934 54592 61504 88253 17473 63189 46996 38239 89614 41088 56921 
74826 48665 59633 3924 81321 43424 52013 1427 32600 27644 51553 9578 59619 18044 23647 23037 13060 42804 42614 84785 
55700 90408 69034 84934 18852 65206 41460 31434 53721 28494 71559 10732 84811 26553 73912 27506 54448 13735 28530 50625 
62102 10919 28024 47337 75610 52601 40709 42064 49314 75416 61017 38888 93000 47839 83334 74007 39989 10508 51925 8108 
87771 28662 9286 56713 28652 37422 49187 57315 60252 79309 20584 81387 81874 47469 20091 93725 85040 72235 32429 59529 
47379 91619 60770 74526 45369 23831 69841 70634 45371 96652 99959 72341 36684 41926 81798 43741 13631 77451 46158 8191 
17829 41376 62594 60973 64415 32776 10896 69989 42056 48208 40071 18939 93858 13968 70593 10870 79056 6982 51608 62132 
78113 93157 78059 24723 2632 97332 15467 52312 58416 15435 80465 9500 61650 63081 4043 29585 55648 78162 62894 34527 
16236 44056 63885 91179 26957 55961 1799 45987 33912 58743 86123 16430 33244 17158 34048 82122 76024 84174 12247 79434 
81485 72149 59147 14580 19368 27223 6126 8860 71689 74107 83563 1404 35456 10759 44785 88752 90992 95705 74307 89419 
57888 86983 42837 19458 57175 97320 69688 97145 69035 98838 31249 10877 30149 3496 26360 82503 22266 81243 43812 72449 
33762 51223 24917 65060 67189 86938 342 3370 10507 81121 14838 24380 1841 4524 89518 37542 99531 52253 6447 84548 
42251 48728 74080 50125 48634 5091 25106 60208 44187 19256 87501 26266 69746 56073 15693 5756 98920 83849 46150 8817 
17706 97746 17566 92817 97547 9396 50660 73735 24121 35847 22113 36978 6817 71335 10229 7700 81535 42365 73464 47827 
83971 26982 54888 15622 42984 92033 16459 63385 19154 88903 55405 73658 10360 51968 76948 47893 66461 85265 85581 19587 
47942 51009 16735 18091 57533 96912 71010 3735 18946 53393 78550 26543 52040 25892 88495 77236 45108 80645 10034 5490 
48842 91799 57785 66196 98236 81655 69515 29351 38630 77491 87283 41279 87989 76401 98106 82825 81452 53240 70063 87867 
41756 79880 64987 83125 38299 45041 19497 93774 80931 82379 23067 50178 59930 53519 52198 17968 44795 82211 59167 54982 
42804 24602 92729 99021 60457 75069 47872 53311 62210 24885 41109 72363 16861 3454 92411 45685 57243 27328 57229 58069 
66027 8298 47714 69760 95624 22302 15774 52531 35238 70899 48808 61936 87985 27551 33019 60388 3850 18679 31546 30211 
5943 54531 67054 60855 19505 26218 22696 5258 63498 74314 73236 10289 16394 15493 94480 588 39960 95082 83256 2346 
50685 55718 33747 12840 59235 12207 203 49531 62725 39732 26956 62291 89896 74459 75030 1163 19033 5300 92316 97287 
58054 55034 40567 52179 77759 12118 20811 36236 48646 85462 6542 50526 20004 42549 98837 38270 40130 94440 51378 52482 
97954 64157 34435 13589 83919 42286 84972 20243 2614 45137 69621 68920 62329 50759 54151 80337 93040 76186 50413 83819 
83123 50647 84638 47201 77783 33380 19980 60122 11646 46672 91591 93564 44150 9724 16313 51015 54216 82492 13251 10189 
13699 68115 3797 33201 96384 36790 3788 61355 39034 37884 70924 44107 30252 89685 62878 77700 97333 62790 68942 97418 
29003 45300 83171 59640 69266 24396 69448 5177 80436 67423 27246 55921 39319 15972 10032 44262 89771 54123 82150 25989 
22990 89135 35802 81726 22613 33268 13427 81007 59409 76827 36006 42154 72322 43937 82559 79370 81345 33542 16202 24686 
65863 58005 95393 5667 1235 21313 73316 83763 93917 91181 67122 53886 61892 27091 66304 51756 22678 96599 36371 55250 
55522 85356 58549 31053 66988 14022 54859 63786 72662 46217 50194 92829 9647 5667 61223 42704 58116 31615 58889 84427 
51480 93249 90470 15166 35094 43594 46803 21652 42823 10325 52933 89116 37829 97241 13546 60398 37390 62581 51115 1877 
27121 97265 51783 51184 26069 27451 64195 72915 22430 78994 95246 86559 56385 92848 32155 78223 54894 81163 95856 46937 
67041 1070 21910 31596 8853 15514 5119 72431 16883 28210 3746 55321 75900 88925 96174 20832 85386 80164 81881 70152 
28803 40299 88122 96443 97786 46060 60522 36541 13072 10595 54952 15258 21964 63502 21269 36369 90374 74945 29498 73964 
18086 18992 19918 97351 65039 38685 69080 81814 88236 18572 59402 18706 76654 56443 90946 61625 65129 25027 62932 15220 
18394 29033 53017 73799 87429 68520 39477 57980 21278 55685 59377 75243 10711 50385 93072 83385 98247 42739 74994 74519 
15560 44402 60215 64887 89076 15098 641 15489 15419 65084 84446 31731 85744 36567 50773 46781 67200 815 96785 71349 
23724 63657 78716 96247 19290 78948 90657 33172 15998 56553 63900 34990 58142 34140 63703 43975 94699 54804 53355 22608 
50280 35458 81284 49847 67526 49413 36493 11974 23595 46021 592 18744 44339 11376 90863 47150 90599 46909 30456 55579 
87672 1898 39710 27802 72974 98085 38043 192 87964 86360 72497 6880 55206 97219 82350 90433 9737 78145 25979 29470 
64015 69411 92939 93552 68954 89853 98856 574 10564 82143 60062 71415 50836 20578 49329 34590 84045 56031 54650 57703 
1512 19538 57144 93916 75580 22612 65526 30172 74655 80322 89574 32080 23965 92878 7720 38027 20634 92236 59035 35384 
85631 62891 51909 5841 14902 25037 15612 69735 31670 79408 96604 11585 30031 31426 68839 71419 14438 6868 44643 62392 
28628 40353 21217 51901 4607 63470 17431 88725 44722 90717 60771 23580 570 75728 47544 14058 76700 60455 26599 86897 
28421 77019 30383 67225 30994 31834 47883 79924 93962 47038 66007 43199 58669 10267 7601 46333 44624 60639 30067 27643 
41960 13860 36432 40053 5552 22187 33540 27861 95191 63724 79520 23582 31002 33749 6800 88811 12076 27285 3683 54116 
73926 67227 93845 10583 62395 42509 66307 14185 19650 68087 64684 89307 34709 55466 13578 1937 63542 69919 77512 48959 
56379 82602 21500 39172 51323 95493 92641 34079 33292 87290 83277 61911 25625 73026 7940 18416 58516 32343 8383 57311 
51678 68238 82762 76172 21689 54282 97380 68663 2629 68614 20127 60560 86491 80887 28961 15328 45690 26166 28886 9026 
74070 30940 89573 29329 46666 1027 71481 65136 46331 966 7762 32333 48636 9134 92580 16498 3633 45690 6135 6819 
31299 29580 54183 50493 77081 90278 24156 12032 86248 67471 6174 98009 71995 29270 15594 87484 69054 62340 64999 23856 
94019 15192 57263 50516 62198 75270 82441 41406 70516 35554 37022 31813 69481 61825 81398 76946 82754 48267 54733 48180 
29664 16828 93791 49011 18244 27932 52779 43181 21635 27257 66192 83251 2898 99147 93610 16413 54033 6487 86468 71792 
21860 92110 11888 851 77775 58314 85856 70093 98226 7060 7836 51286 32846 45886 48068 88241 73379 72160 39640 85116 
61482 9150 68877 87250 78755 52975 9053 1186 53320 99085 46645 81391 13406 461 77640 66630 56366 49603 6895 51985 
54060 6795 41157 42609 41555 15465 23028 73783 77647 30315 24912 2819 70503 84298 34335 47691 49552 66157 45470 81661 
60540 90196 77859 10128 99033 21652 46223 1049 90810 48086 90815 54503 91756 52392 35029 18351 12571 50202 73893 16408 
30345 27979 68450 22489 83169 64848 11368 71865 65875 40456 75071 35779 58619 35246 31800 15790 72082 38672 18772 12246 
40545 19174 82480 69060 8822 70786 21037 14970 46588 52674 38498 4241 90658 45403 67479 87757 57727 94251 21348 19966 
88196 77906 23150 33374 334 22617 1689 75991 1936 47478 71094 7295 39068 70053 3987 5226 83192 33976 72123 8393 
16824 12444 35930 5433 34058 49859 50171 65597 24612 93197 63280 69190 78595 67549 44843 18548 59608 16574 98909 14970 
86092 5396 50267 2145 85525 51892 16284 32412 54145 22012 31356 10814 21849 27627 16091 12530 3239 67002 67616 34999 
67487 68469 24303 69905 19753 39850 27823 46934 69932 72636 21754 56347 94870 2791 81284 20706 37096 79627 62629 54824 
96061 67887 88746 98794 82820 26595 56075 27014 19831 24955 26149 79042 94947 23619 56284 30202 73616 52440 24670 19779 
13195 75559 96103 27663 29005 54286 71319 22035 65848 16506 84127 93819 48670 28893 85830 79375 2749 96985 2231 47721 
9763 48281 31565 16684 7035 65144 46975 84268 16015 59637 86833 8139 95649 79753 70370 36958 12945 61950 15779 51896 
67670 62733 19726 68320 88831 26400 27876 98369 59336 28320 75145 50730 43339 38143 14118 81009 36332 26576 95099 24353 
91839 88956 52595 22583 74269 88408 44554 65928 60565 25001 96779 33277 22210 81897 62204 55678 47940 74274 64306 86658 
19372 91517 58126 35303 37646 2364 24976 45436 64724 25919 42173 54379 89640 47459 87959 24308 59385 97214 29232 10757 
73984 43199 99462 21733 4896 23265 12074 50584 43907 27017 63231 75622 89327 37629 56867 9998 46719 9500 99979 61174 
36486 62720 46078 18018 77218 75561 78912 57428 78591 65938 804 26072 33521 82852 7281 48370 28210 3593 14461 42259 
61378 67866 65101 58849 36204 63063 72185 33956 19264 54978 21805 93951 95744 2397 35719 2333 7957 68473 30528 47009 
68208 38495 24521 3071 91159 23032 12523 51999 54176 98263 66933 54479 57385 87032 22194 28183 82407 42727 30449 47059 
38912 37777 38590 42411 36329 97612 69609 51089 9865 31639 63537 4811 9945 4360 73767 15567 30802 37451 24470 36768 
27854 91949 21158 36484 53078 91639 87659 39966 70872 5285 48836 93087 83333 76128 27016 96227 97759 86010 51182 13199 
10150 76855 6856 76422 76003 212 90152 11082 32063 45668 74121 8093 6385 793 74238 32809 99572 30165 66041 79970 
28551 62892 25654 58708 92848 44625 38822 16314 62736 98062 37179 19546 66862 6275 63255 47396 65429 34218 55965 69844 
89953 37787 43509 31454 95564 43230 83844 17477 32487 83786 29455 39394 51480 83012 25068 89377 82248 63836 29612 36065 
52081 92570 37973 41011 87358 85827 95312 77326 21980 28822 80476 97969 86798 68497 80700 58613 8924 4047 26955 77551 
11479 61352 54815 43891 50363 14723 73413 85845 21662 11323 46736 25121 29443 40102 59649 99234 37753 90400 22344 79424 
37590 23992 22930 10288 20076 97623 50265 14538 42603 1039 71530 66263 97151 74759 75391 98887 4263 84080 41645 91063 
76732 58208 96855 38943 95178 96272 54130 85531 68767 57148 72844 28033 94279 61142 91588 1276 44637 26994 58562 447 
2298 66614 29 13760 80344 28808 7338 74441 36987 16975 58511 3778 55663 5402 86060 90492 883 47282 97572 32557 
54277 5354 53094 52106 78204 38389 19875 78654 84327 59474 98394 57533 8165 7637 35017 47876 30128 53634 50132 44234 
79834 79773 90731 25576 72527 18434 55770 69872 77448 83154 87673 80636 21937 67011 90440 91807 75202 59964 91634 33799 
20166 13864 22408 35960 22247 20695 19216 59022 96771 54247 37614 74966 3124 25710 37806 29383 11802 48457 85948 50875 
48532 56686 69250 59002 23458 46132 33161 51959 46717 59560 54346 1791 72288 88929 8905 86724 21235 31657 95028 85981 
73834 86536 38596 83349 23231 7743 93845 88382 6549 54462 21070 56354 3649 43148 94822 50862 56504 99661 89784 96880 
25052 12618 21893 33907 9729 34601 32037 80488 78283 79787 73727 24092 10040 53000 18957 19176 40549 21529 50962 29002 
90868 22547 76885 10495 10610 12663 8238 8568 77565 38846 30651 28582 53800 38643 89642 32799 51370 69706 74 16709 
25374 1820 60653 76063 96362 24953 69372 78153 4291 39189 42749 90398 30770 86386 32094 14713 60588 65495 79403 93053 
17757 95685 74583 3748 7145 81587 12097 24470 24300 82505 95452 57118 51691 47104 2669 89961 89381 57489 64972 89499 
70384 37992 94099 59309 78039 82581 49530 56510 52558 77412 86391 74243 458 90711 19092 1468 56969 37205 44204 71193 
8105 29066 47665 73825 44714 92704 78144 2002 34234 44391 55425 22444 7922 92868 70660 49233 67278 45039 47029 82411 
99492 37529 73011 53122 10564 76716 20485 13664 16205 12413 34329 56446 14851 87504 7946 10932 67327 89565 950 77404 
12965 17125 417 67499 14833 28619 61610 68473 19858 20760 95193 28209 71308 80141 29408 63482 95156 29906 20119 34963 
70443 82911 78295 10789 17156 88304 81141 9452 77652 73443 40016 82969 27654 70289 70781 34003 95559 57703 37705 67693 
44980 62469 78331 37629 10886 22494 58987 14437 48388 49161 77498 80493 96646 91061 62910 23239 74135 46601 21526 72698 
71402 90784 63768 6439 60281 42007 59795 89844 80553 29013 2214 41144 69357 69615 33586 13953 320 58743 8802 77419 
30403 21861 27793 49197 43156 69007 73170 66621 16302 46198 61501 54533 93931 2854 40567 83248 80846 85582 33184 50065 
75211 27018 95395 18270 39675 65787 1945 97892 11095 62453 21496 40888 32637 49121 35333 39426 26395 66815 48516 24512 
55308 17269 42030 28544 61322 31791 47941 45663 18728 96075 64949 96767 10157 41469 2718 8973 31936 24489 95256 27118 
55815 53527 50700 42134 1495 78029 31075 50485 48396 65429 64933 16077 41756 22773 86834 15275 24209 33575 67381 76747 
17531 76846 1003 12688 34452 38754 78815 28399 28355 23078 99471 73347 72548 38490 87110 47665 59735 1549 8223 98627 
93224 94644 82198 98143 42634 78980 67464 3873 56732 75118 71840 40610 82731 47548 68226 43468 23635 52531 88640 24070 
17231 15489 45209 85421 62023 4313 58897 18944 45766 68041 17922 27262 19863 25025 52185 5597 9886 84700 74289 83098 
61266 62611 98803 39217 34539 45986 449 60103 52423 16438 64364 20375 46891 8776 1072 34296 6147 93850 94102 2368 
80245 58438 69177 99016 9657 13541 27539 52951 76845 33334 40560 88472 22623 38772 69975 83319 29245 93172 47681 66185 
49643 75646 28186 89744 78260 85407 96433 28820 28502 26566 6054 55894 96660 21746 55805 81994 72393 50098 98792 25517 
10581 22752 34540 99248 5006 17876 53483 30365 37052 38767 2264 16199 63900 78315 68684 54656 64552 53704 18296 6439 
9195 22611 2945 24263 50511 40369 1096 26146 31260 30837 77935 7406 43443 83208 18199 13678 9283 24894 26622 20469 
85790 12773 19146 89465 49307 10674 61356 40697 18713 30578 37641 81234 30831 50447 98703 39998 68144 7666 89069 36469 
42142 43190 99575 47844 93100 19167 98323 9315 73018 26348 5461 68465 63743 63246 80033 64272 2388 71579 99657 11736 
59294 65878 7203 82965 41015 37386 7566 5607 22868 30127 78214 49770 53935 82931 6361 15601 42643 15269 68533 84236 
19967 24816 85855 91858 37037 16348 76010 47665 40781 93286 24135 15725 52325 23375 67019 37356 32485 17158 88667 68951 
39865 6554 64015 56969 41018 4713 87213 29576 41822 45321 8506 69806 87531 82995 78278 81383 63977 35915 82735 67596 
84413 74763 86419 66532 61200 89901 7921 26531 53265 16045 90399 79822 52716 45343 72641 4618 38949 1998 67218 37049 
84404 34560 33665 24376 68464 89670 27111 83107 86104 64916 56713 34188 16308 99035 59988 95957 89947 70671 78018 66325 
58788 62567 31318 47940 23950 7464 30387 77167 52291 1344 93803 22009 17543 46690 29025 22867 3580 12194 2009 60972 
54040 31210 59360 60779 70215 52192 74931 3959 10156 56245 25385 74626 21003 49201 53864 60427 71122 38850 26452 74543 
65672 32160 28492 20711 13803 78097 95692 40755 77851 6973 57629 19569 67884 97379 15618 56676 11341 61666 48187 57331 
19131 5242 8088 70069 25534 4194 90268 14173 67775 50221 24504 81343 78282 35180 24060 5138 39959 47272 68034 33956 
91840 29922 41085 58666 38900 85710 76029 4035 54781 87458 51248 21791 92555 47381 13459 86108 41910 4529 3900 67251 
22979 78058 43240 42205 63336 312 53377 27607 37162 31848 32636 99626 33927 88851 70402 50128 41421 98571 72900 55155 
52697 94806 59866 29055 8820 26629 58180 66749 6197 96369 78013 43043 14021 28225 64002 31409 4894 2777 74930 76746 
97873 27807 4448 84170 46564 74083 44578 8782 23870 27418 47346 40839 83981 79823 68177 66453 78749 29455 48936 88520 
11919 45789 52964 31676 32877 62920 15634 53000 32689 17302 63530 48542 54158 75423 29062 96512 50274 4046 40740 85665 
72164 92404 78671 23538 96587 65694 30919 1519 95662 47974 10384 91067 53813 72649 40404 65918 61495 35057 99881 46003 
69521 46704 39868 93544 591 36941 93495 41610 12989 86917 2489 30858 56591 73225 22438 72418 27982 35747 37460 29142 
79973 36025 84568 7027 4221 1266 45516 56543 36514 12053 20982 71482 19711 77231 65251 46941 90686 78826 25266 88814 
66258 86366 4450 89597 31067 92315 42651 10159 56548 26227 73483 40190 57615 67963 51560 62708 64060 56402 79689 18257 
4961 38804 4508 31635 54043 96972 83890 29171 43574 51830 24334 20019 2014 87284 18885 70561 80648 16237 71733 33009 
52823 20723 63170 12712 92545 6474 29811 56293 89463 51705 67762 76827 42438 87439 82566 65512 8787 41025 81658 15915 
10754 91714 58976 10053 18823 70819 23304 58306 56636 49850 56348 97322 99529 15171 66448 13738 55702 10928 62508 28601 
1267 61285 7888 91106 2704 84099 30405 19826 72964 2362 30245 35564 66563 42134 56702 81226 59557 21988 96650 8759 
22122 16497 4086 84582 62744 19716 51505 10180 34560 76494 59290 49200 21484 56803 42052 61501 91941 35972 20719 80290 
76211 42480 72124 30446 69568 84715 59112 71390 71585 35755 80831 18412 36420 74019 91633 5959 42726 33765 637 39021 
27828 19010 21371 35499 30416 43769 25283 96809 47447 46223 67164 29349 24452 78610 77422 5074 88141 15625 47441 65311 
63626 44800 93008 9182 49941 92444 73790 9692 40669 33562 26574 51395 96835 71926 62452 33291 75131 47265 67709 45737 
41012 45259 45132 77931 76614 300 82057 11196 18677 94123 42916 79988 17711 56622 54521 89593 37963 98 78352 30618 
15973 68156 24750 64648 48145 9862 48247 19403 87708 86014 29215 38120 64996 29026 42184 83141 31295 8632 19513 25097 
57131 24131 42579 97181 24766 74516 59718 7264 55696 7495 77468 75123 21629 81368 71278 88287 24168 30330 58773 54924 
14387 58043 84337 50376 2630 5382 61395 56070 78860 46981 71696 80819 14501 94301 40801 49893 64444 41353 18363 75120 
45737 37463 20517 15647 67933 17819 70327 47045 51955 75555 66632 57932 81476 66003 26272 69790 67563 98805 24776 52938 
87817 46150 67353 11723 31716 40235 48428 9988 3347 67246 5340 53679 7249 6089 92173 69304 39977 79299 60703 23920 
21718 1574 78498 15933 47787 64949 5914 7384 57191 20126 59185 69829 7917 44972 94357 10157 68042 24765 62398 177 
56207 66524 8303 55765 36658 9916 69787 7783 94778 65181 93559 54240 63988 9195 3464 28663 80370 60635 96532 23098 
7834 75480 55364 45105 69739 73966 75628 44142 24099 7782 30396 71933 660 67733 17813 82962 97466 66559 68159 70075 
58250 49716 85395 1877 29525 38308 8935 55391 41116 73336 4323 23898 90664 24184 22932 92374 25311 95341 94148 5648 
35797 42377 41617 83422 52382 68169 18045 97946 34626 83302 34915 87775 66612 83812 4378 21711 5699 59267 6007 54755 
96655 9121 34209 22888 74248 75834 80681 76352 98715 87357 46397 15901 97229 36190 39528 40763 34249 88380 93024 25962 
18040 81738 33277 91468 58949 31061 53666 17707 49104 65468 6284 75182 41740 61447 9736 87457 98290 38946 40221 81450 
88600 25462 17915 24435 35780 41680 82478 41907 43680 71203 84728 43496 6260 61261 72838 29709 87236 14790 28499 62910 
78982 810 24283 56549 43308 95853 34743 94485 92246 19676 78843 77173 83272 45623 11641 27358 67507 71169 66746 8184 
49228 91651 53258 85205 50184 56408 30318 55589 53178 91107 8129 52867 73406 26186 10838 90678 46735 75837 52198 88089 
91649 58617 67900 8849 38575 15290 27947 92848 82994 54274 59607 67183 36656 62629 64506 73256 95220 46549 80522 1549 
342 92508 81068 69673 53238 83024 59045 30895 45796 47502 15219 98334 61498 93306 12149 49957 79216 75696 30046 92369 
8253 82298 65263 36758 84262 75846 55555 2768 45188 94641 41618 70489 43959 8373 83437 3781 31012 20206 65557 87397 
71786 16675 93097 92467 82133 61443 71566 6732 3306 40478 61102 52609 63501 84144 46459 11693 25511 89869 62796 76616 
38158 78752 79306 55548 82990 27763 81516 64704 20625 69359 75290 69054 59825 20016 67756 19317 50423 38066 45422 54817 
34707 16942 38457 61830 18714 13524 22433 35389 40925 26411 92551 55880 59680 63544 17054 22268 25510 78647 43036 46872 
87626 94363 48874 2769 74752 15558 97834 70116 83893 78220 74061 68616 2937 56696 59120 48235 36198 27257 36032 3779 
96833 51588 40939 48807 92303 26678 13488 35521 55919 53797 50057 84377 25080 54036 19153 80583 11596 15936 64936 94656 
15803 93587 67714 34004 57401 55867 31063 37108 72097 28783 99769 13839 80777 5841 31909 66734 78140 830 45836 46205 
66778 512