97746 92029 65370 11767 48803 3480 79398 97771 74539 10505 49038 72314 72312 11194 48352 57964 14839 39705 96587 24857 
85327 84213 89950 48908 91348 83548 71123 74163 44636 92081 31632 73030 40203 52700 11379 35519 85299 25865 40314 71801 
56401 58737 33919 94393 57881 48935 75955 12926 3743 8976 48078 37461 47258 23016 77692 5840 30447 83309 20635 60182 
96063 91717 51238 91553 4201 76982 18953 76131 17485 44639 42235 23907 51012 48901 98811 82648 75510 43508 99081 60712 
86015 14575 71964 12827 82617 53875 78308 17017 94880 50977 38211 49892 42942 67736 55412 30060 75025 9299 72560 75264 
8158 88027 25327 3320 26652 83613 17064 3897 5049 57651 50189 14554 45380 95144 39787 72440 41557 46971 94275 37313 
54960 25618 48853 15628 94930 2760 39484 67845 74567 65271 17792 25022 96251 55035 34076 68921 37382 52614 24411 14227 
5865 85443 14793 34222 55201 82166 56297 39284 26026 21302 35881 13311 59391 94306 16131 70087 55859 7441 89482 84296 
89029 73566 93128 23007 1974 27073 24020 47385 38109 46120 46158 13129 28409 90136 60008 65515 65860 38481 76049 67237 
83758 34355 10135 11428 55990 42086 53015 90204 27070 46744 89025 96380 86600 1878 50669 29042 34206 64329 9066 43829 
78942 97006 43540 36196 79923 34064 74298 44818 72021 13842 34099 26795 72678 32934 59270 26244 73736 61119 87819 45138 
59995 39946 35552 21081 94025 3326 91738 89844 90750 23602 7445 76477 50772 15530 77700 33548 21012 99107 98180 40226 
6932 8176 35367 86481 70242 4487 57775 13622 91605 77455 29411 89003 51244 16732 72204 45597 87497 63046 45372 32752 
60837 23071 90419 58608 42727 52911 28028 51607 81152 55751 95691 19901 40947 595 25469 1870 61430 43508 86000 90562 
41770 99170 63212 68567 415 33517 15546 95529 20703 35640 10374 86980 82689 6789 67455 55826 39988 43951 63356 84499 
40267 90534 16824 19164 80123 99582 31097 317 39083 91468 8365 62440 37415 84744 92519 11810 96930 32388 23312 40402 
15895 71968 15909 22603 92438 15664 25469 20177 60441 29819 61860 82733 4900 73827 8969 86137 9485 34573 41439 35471 
42440 51391 19884 38733 10565 30182 15841 90998 69592 62891 84938 56754 27323 1559 45654 57522 49846 33829 28875 80898 
93868 97717 13804 42373 36975 99474 35417 26115 47237 55256 37391 2258 45859 19016 67721 13952 85397 89870 44361 42254 
27344 70777 98188 52877 70300 26114 53541 82150 20177 17141 98041 76787 26046 98079 64748 86699 79757 83904 42876 35352 
67975 72246 61823 16460 99216 34671 32809 28794 64176 16156 47125 48811 89714 71332 11643 15930 60472 33406 59144 35988 
46342 21431 72908 20864 94965 81276 79414 57933 33804 31446 46918 84892 52945 43302 61984 84310 4997 51738 59545 15635 
70420 32680 33755 26823 30181 67934 85869 45052 78264 57488 94219 18024 61096 12869 68504 57956 56293 98374 67759 9707 
43587 94337 42080 31629 41903 49637 59475 98854 22738 28449 7710 78164 20766 26428 16213 93557 74027 30839 9580 42048 
46152 24096 66708 97701 5613 67216 42564 654 27047 10524 9961 12217 9755 20663 67729 14637 76814 33837 30191 48085 
72320 22786 90307 66216 13633 87005 32407 81626 84761 42936 99276 28529 93286 4513 89391 59716 36812 10758 38958 36468 
81569 8494 92319 20279 85115 13093 60759 94815 74098 11794 87489 17224 88956 32452 84916 60404 46591 24199 73209 89515 
64581 8339 86468 82788 81626 65508 15123 25038 65380 1430 70189 37687 47422 81266 66401 89295 61036 75537 1871 52841 
72631 46244 88787 59722 4004 43165 28363 51949 66604 97558 49589 15980 59512 27948 93610 76172 70738 65556 93668 40980 
82573 16403 75693 15486 2304 83907 70414 70213 86265 19292 10865 3489 37258 72583 80628 29820 26162 43759 49692 80998 
95082 13374 33574 1156 307 35241 57172 18328 68455 87584 53826 25741 20319 1601 67909 92835 449 87114 98183 25431 
27476 19297 97681 84341 220 70206 94119 81206 59346 73963 10790 86243 99265 55429 66288 70256 74990 77292 63774 88465 
71499 77546 91062 17224 70523 3336 18929 43374 8295 17776 30329 72398 59612 29858 62454 33903 58106 26549 14047 89407 
37054 30716 34021 32142 51913 7485 91126 43528 23678 29062 36068 26783 75872 92569 56089 41117 91599 13170 45795 76066 
34431 29899 37420 50758 49273 66587 78288 81946 95845 68396 63169 42893 52975 39781 77940 66150 37316 14764 54006 84031 
16352 15099 42551 60635 6792 11457 38077 29314 98537 19253 98542 58850 93154 15240 72280 41552 46157 29102 96071 4901 
36653 88498 97987 79648 59377 12838 59582 61797 94309 7612 74839 65580 90738 67113 94954 4314 53601 73899 70549 35877 
24125 33054 22537 66329 97521 95622 7295 58655 48846 57343 18530 66525 48595 90770 65798 95062 37404 21190 76144 43091 
19086 64129 77820 51540 67905 24169 18244 17930 72913 46804 10176 3342 82402 60398 37063 74728 4716 6253 23071 92256 
8213 15160 36780 88392 1441 87743 78443 68336 32543 90164 59747 46080 29367 75440 92934 7292 73640 79645 10842 64264 
50659 19348 86953 61769 60202 47891 36867 72624 58733 82466 58175 27203 67357 67087 95658 92196 77531 83991 6890 73690 
26771 61420 9871 96941 1844 60795 86716 96572 94492 76010 88290 89481 27146 36026 51611 42919 51386 73658 96491 40679 
77103 2247 80643 10774 60879 36309 24164 34043 35546 49644 41218 85728 13711 89452 53644 16360 70975 34007 45106 62788 
39587 78974 17142 99224 10575 36659 56593 51540 81337 37816 13658 60626 72776 7837 85374 95308 42440 80151 19055 24025 
63501 25952 25343 31784 21335 65546 75530 51321 74101 8842 69462 21178 28862 50777 32326 99002 40104 69640 50358 62636 
47168 86384 39338 95879 14827 4857 37632 57218 31225 44150 53084 10840 734 85730 16718 35821 13321 2888 85766 49266 
60526 31409 24660 19849 57495 18926 96013 382 96930 12122 13494 78449 26474 45800 9055 58326 45622 94425 7221 39578 
37983 47141 52485 29952 57374 1494 82943 63212 62313 62620 20355 92262 57786 86713 27334 25138 51542 11892 99515 83228 
43172 25628 21652 97961 37007 53052 3915 51991 91150 66705 57016 8895 96506 85356 36944 76355 43246 92839 77260 30126 
4434 76245 44598 512 26224 34816 34873 78462 72809 46792 60628 99384 81829 32077 39411 56965 64889 99029 18528 62430 
68250 43538 434 8505 39460 51432 74892 40881 42945 19321 32271 89458 63110 35948 82953 49785 11199 18565 36738 61404 
68850 43584 85731 51536 47139 76541 14009 69794 57238 64861 61252 87776 25454 55554 51104 80077 25743 61591 79540 73728 
75999 12153 99921 67857 78481 54317 33314 63827 56631 65691 35685 97073 93942 29076 78625 94407 13404 69972 40449 68578 
7672 84977 39605 12918 51139 79217 49709 16945 28284 46406 82420 84564 65382 56632 9713 28020 70899 81086 56319 12439 
27063 97703 28671 59695 99514 80935 89795 59800 96393 94324 72539 76753 19706 3138 97120 76632 28780 10974 39569 96433 
35542 90179 20710 7680 77630 35089 19273 62954 72211 13649 32970 22378 31488 35765 4638 17873 73837 34535 23274 87896 
37986 90253 94453 58376 73894 17366 13627 57490 99957 76999 62869 60075 59531 55643 18143 52426 73918 7125 61406 96782 
53285 64591 24252 77805 42211 62059 31117 2163 72900 18955 73064 63279 7764 91115 65183 39510 48520 69156 59602 63598 
9667 39580 97362 45888 589 95104 87973 72589 92305 4276 83498 31022 54536 12108 15152 14448 2004 88998 76824 17189 
3146 80150 65848 27642 36513 42162 20892 91938 8822 43314 19569 30244 8096 76946 75899 17231 2592 62991 32121 53675 
81381 32374 56464 75664 28793 40067 93287 84624 39771 24361 17432 78075 44105 84583 8917 10697 66677 52549 63643 75467 
82359 41659 12640 83546 50777 75820 68168 59799 16207 98766 24564 97404 48984 28799 89512 60925 35860 17473 25394 42904 
12331 92986 61253 2284 85047 93942 82220 2554 75178 19067 8029 31692 94657 26901 44268 60698 1288 19150 74829 83471 
1290 59926 90905 48427 64934 89601 65752 82517 98107 38005 33232 56574 41240 54360 6781 66213 1539 63361 97785 28213 
10560 98774 52008 36357 77526 26908 14695 9706 10616 10916 43414 32720 2111 68417 58685 4809 54490 13662 56683 5839 
59058 12445 64733 44996 51371 25486 49720 41532 97335 5509 51973 66135 13369 10300 54327 14031 24176 63067 47766 59205 
47742 98715 96638 77540 34756 15405 93035 22026 43212 65449 33157 1080 16503 85954 67158 92447 53238 40076 92302 44992 
86146 42966 61196 31104 42603 62320 63112 76179 92648 47293 89896 2953 42105 33434 58114 59012 9535 3789 51756 87238 
6029 19583 30881 50727 55982 92153 52912 95093 29688 10396 91217 92308 98332 2111 85224 87684 34095 51135 37573 81100 
80391 67910 2455 81403 58180 72785 41790 69304 43840 3008 50074 62745 56839 10507 61097 25792 58793 83360 5183 3170 
77194 1115 34804 5950 67898 81838 25721 90135 48869 66723 31734 71188 98472 33322 75614 2274 38868 27137 49658 35007 
80420 25483 23101 48414 53180 74859 64925 83170 53432 24588 54502 83827 62401 32748 42752 75722 20064 63765 74544 55553 
20834 70501 49549 40305 3448 61496 86901 82552 5345 95307 57530 7940 74383 80145 6223 78060 41442 52848 99405 34302 
33711 50218 41208 43950 49352 81009 73328 8433 60885 21622 72461 60846 91829 22001 10733 81095 4515 8117 76010 56452 
33583 93947 98226 75395 47793 44988 91463 83500 54977 52768 91548 43234 49888 68342 86667 35830 77185 46211 12678 22126 
18735 36932 31139 48576 46011 85523 85373 38060 39195 51425 20847 26544 65986 41672 32811 26530 10370 19318 74797 79085 
14906 14952 75400 63378 42117 70830 28657 84991 8506 5087 12101 61993 52640 24714 41199 94487 82908 36982 68817 142 
26909 23970 89383 59107 40148 31576 30136 97777 39534 32853 6421 3033 72982 38865 97107 87571 55175 50640 62896 60404 
3900 19180 80426 66063 85511 52020 67866 83885 665 39888 47081 63856 64136 33242 65786 95679 44483 1517 23545 3956 
10461 18424 91533 41416 16691 20507 51686 12503 87254 62664 73081 85587 91446 28260 62185 98679 52919 55614 46194 74049 
82759 32380 26889 73737 21790 99649 30633 60152 20943 38889 225 7973 61142 95452 96656 95462 32506 4256 25631 19049 
44364 16165 31855 24682 13681 84229 84390 71551 41558 90322 26046 92462 54454 45563 61444 68576 24636 45528 39747 30755 
99850 34458 5575 14059 72230 90061 6500 44999 15300 55895 36006 50867 50557 99898 38988 85068 56112 48318 10821 48702 
91941 87383 14036 42801 94036 46383 22129 69745 43788 90658 54486 69750 81812 35483 53235 64354 3625 14667 32443 93040 
25025 90505 59278 60217 17658 25318 79166 21916 39657 53109 21453 9425 17744 94777 81320 87189 40753 25282 92905 61826 
19932 74443 86771 9760 49136 80494 4056 67313 24125 75947 41545 79541 16517 18947 21429 27706 57352 26845 46574 94495 
21621 25242 42864 22078 11124 38431 54868 84894 79264 30129 88902 64035 50947 95467 44249 27814 24333 25094 48138 83362 
95189 64006 29359 41098 87006 509 15634 87065 50164 44985 8208 64854 47119 99907 55091 13718 29459 5827 36764 31646 
9921 85363 92478 47856 85898 77727 49753 94709 12031 98134 4472 28898 85591 18635 29368 1985 26306 652 16427 34725 
35051 50414 36596 56515 84678 22981 41212 50587 43721 85717 17849 33667 71223 33070 67396 91562 32125 67710 3955 36443 
96240 97577 39760 72759 67162 68506 17516 8513 19935 54936 10569 95738 80251 67026 35160 47284 23159 80165 8147 76600 
90010 54569 59830 77081 96793 91881 39160 80938 20008 33808 68391 17061 34495 68064 50927 29290 14452 82667 75102 48660 
41438 40650 37883 61008 85592 8967 49500 19458 4160 11147 90628 62680 74461 46099 20424 85964 86695 18665 39982 62988 
16040 56124 29512 87468 72159 69469 58535 79109 23301 30194 38518 74576 75889 25054 97488 94350 41722 54473 65677 44158 
91404 69477 88555 24974 89568 91871 33505 62296 53723 71965 22535 18889 71846 21243 72241 66525 88792 24534 85641 13418 
71166 6061 64299 37320 92177 75239 74863 86519 47762 33686 43114 63489 48627 13544 84918 7831 13449 69320 21395 90213 
92277 5183 84409 49472 18894 45219 7582 63791 26864 95334 23203 79063 23319 89515 72753 21859 59942 68945 12577 62959 
21081 53276 45360 52911 81433 29788 2326 33041 53137 47823 10862 19525 62649 34545 15266 9541 74808 12386 61062 58863 
66028 3592 94417 33646 13391 41696 69080 96909 53121 2221 50543 30281 65508 24177 5471 8397 36329 89632 10527 360 
86900 63916 94752 16171 73560 12481 27761 3412 46676 66739 53036 84549 82320 77234 16452 44451 85889 22309 16122 40694 
84661 11515 58630 25155 45136 96553 54044 13804 63732 805 10363 43444 12757 83691 21654 5412 12697 78378 73308 64488 
81175 46091 64177 93605 96414 5553 25919 54367 64359 88572 98074 51982 41326 33041 90108 50615 67872 40926 79251 33020 
51635 3277 84811 12695 93422 21295 82526 14547 7688 85196 68584 36501 25176 44465 3700 88847 12015 55849 88258 15963 
89782 7988 24944 90946 985 22665 40931 90436 58489 96111 76488 44509 61067 10871 34708 24403 47866 17664 84903 75798 
92030 43882 28620 87497 60118 52468 78858 77293 94621 12148 68228 86934 704 53415 74087 56607 58233 64372 78545 24403 
6209 49811 78721 633 29609 59662 22012 98972 12361 10560 26674 39550 14927 81480 51055 11991 44250 50240 26731 98520 
21709 26698 13912 61496 94473 17161 26381 64544 86417 14905 73919 8180 15266 39956 14265 29362 41481 26416 8606 43691 
12931 70070 33111 47786 96535 65734 69158 92829 52992 56669 22948 63586 89393 66602 37024 65783 92368 13031 26005 12482 
32351 36986 46156 16238 78693 45644 34402 98594 65692 80762 40458 70696 29001 9320 77360 66562 48829 54243 66881 51221 
56741 93340 41833 8610 68763 62339 79769 91792 99329 64803 56599 37897 82645 17396 45545 76331 90306 4041 76680 47206 
85101 66961 40815 72936 33254 22821 18106 5622 17547 91004 38329 40394 91560 61697 28683 31941 99993 48829 7585 14452 
43240 55683 21892 96093 40976 24954 8743 88783 47312 89947 3272 67859 93545 97689 83967 13601 36164 2647 18093 97084 
41062 95314 98395 70458 94271 42792 74807 32524 76579 10984 58870 28136 81824 64195 75329 68127 12205 91177 30674 15585 
50670 80856 96776 91733 8224 36962 31960 68338 28471 93105 55467 82972 54666 89798 59548 47324 43928 80661 91185 58799 
94287 97464 98843 25834 26943 88014 81111 43136 10914 90390 70726 2997 82596 65578 82342 76326 14945 46395 60127 83529 
55284 85412 80758 67055 36141 34289 51532 31976 43331 26110 36210 96635 36327 98480 3433 97780 63463 24655 62069 76573 
25464 72110 11 84814 84440 46607 18132 57370 12518 34073 96889 52146 88134 50873 61462 97273 10215 93609 53298 40739 
28652 39802 66405 3006 12367 67449 85150 48404 96387 20991 89815 98508 95631 76772 58587 59587 98220 10385 63421 3790 
81763 39794 30624 89587 42134 41019 39664 23323 43001 16405 19148 36342 32597 55733 79028 67833 36383 33664 75913 32719 
16906 12216 13037 24800 21399 55032 88936 35039 19402 83075 28480 88102 13233 12077 87772 40550 88477 85797 39430 52242 
84455 58782 6256 27368 91759 17496 88538 83744 4424 58807 11435 35392 23672 70090 41546 29201 7069 32602 19862 81631 
40294 38126 50826 95061 21724 70207 94081 48076 38990 99177 33317 63052 87331 81154 93780 80235 40112 72325 97553 68347 
11228 54911 23879 20551 49510 27140 65853 80500 39148 29955 50991 69415 42501 2833 77581 97055 46447 33716 82754 18414 
88214 55842 36930 68095 11991 62918 43788 15223 620 2708 50360 83556 34143 2699 73883 48625 43355 34496 59464 29727 
61708 62780 98542 11447 15230 54515 12025 16445 62341 12559 7474 58912 14054 86162 417 38663 69884 95595 37695 66330 
84719 2305 67450 18288 88497 15270 66515 99134 6320 84813 16703 48932 47710 10783 68675 66122 25257 26545 55410 32917 
52712 89058 67103 84783 740 85305 38870 99044 15041 50723 81463 87350 16861 2908 51722 19535 88103 13035 3989 90082 
47776 66207 70641 44365 5634 94207 40801 73019 47946 33584 12942 99511 76901 71408 48753 14981 42093 11058 59678 44422 
25559 91018 51095 56996 42604 94406 62242 97657 55483 73576 577 87213 95561 10867 76115 59045 30750 2598 78462 31601 
1261 1439 3295 54966 91039 17233 66426 47829 45363 57962 42260 45912 19619 58888 52984 19379 45664 33615 35323 55710 
58956 38828 93825 98997 85762 55967 56772 76708 43004 33903 1485 78202 40815 16117 99691 31274 63824 77391 20651 74435 
26255 22764 76918 38993 99315 89512 62378 88310 29379 59595 10984 44311 64232 86325 7119 47998 84895 66643 55034 12522 
45212 10162 47883 68025 95734 71866 61020 71016 91463 7201 18467 12313 53202 8361 18252 45163 15539 95640 92790 70876 
64105 8700 41947 27045 48085 33411 59860 27984 2520 95632 10857 43008 40895 41356 94408 68930 38610 54924 91929 53392 
48087 89685 95699 74177 85446 54277 48998 98320 87640 33891 27431 68315 50315 25242 34968 95758 53486 54224 37229 26535 
36263 88879 65160 63167 99388 38900 82946 81958 85404 55822 33383 65254 48800 23611 15674 70410 84717 32582 55813 34334 
17172 21053 70726 33985 39377 34066 39495 34221 31176 16149 74969 82097 7257 57371 94652 77588 15802 79890 54268 65385 
80723 17401 93062 69956 32110 74856 48503 46721 31583 46003 42443 98841 69906 69696 24022 97776 75687 81781 49959 45168 
84858 45150 87664 30882 54965 81470 71334 48339 7398 83178 74131 82913 34804 8762 57532 69901 33262 27788 8083 93291 
42356 51046 68325 47796 65401 57694 5731 44996 1691 18164 22784 50035 78483 45778 76825 77343 68500 51892 88612 76832 
18284 95759 80213 79721 97180 88857 79476 80390 25651 2571 96638 89112 39364 85910 70642 61019 94402 33165 22615 61701 
70796 43613 7032 76428 33688 23093 93331 27531 69065 37553 25562 37250 95743 44903 21411 98759 22461 79913 87130 72821 
77476 34682 98712 4339 83953 47758 79214 2418 84246 39833 7249 74942 7067 72415 49327 56127 40622 13203 55335 86477 
88458 11781 4772 24822 88366 49297 17969 57497 5435 43984 41822 53536 3433 93368 1838 13483 65471 12618 74415 39294 
2947 64321 22717 19008 15872 75554 39376 37764 31965 26552 34008 40188 36518 27141 37020 42188 77991 68971 38304 81011 
48709 58468 42071 71573 42528 27113 69268 53135 50364 15508 24425 86585 62607 79529 6523 47906 877 1506 67600 31777 
48610 10715 29954 15134 67260 42983 19095 33203 84748 27708 58844 95526 99655 5612 16206 42950 55261 83269 15015 44453 
25081 24476 81616 10182 10189 61248 68258 11652 18492 11781 47692 59179 14611 90731 20083 633 4359 72025 99335 73546 
54599 14689 18837 75674 92965 98818 96785 49940 49551 57287 55327 54965 50399 64022 80002 76941 79801 36067 66919 51841 
52166 48379 100000 83893 6407 91090 68197 67838 32745 41838 91079 81805 95651 18173 90767 79184 2928 85101 83520 5558 
61249 64822 11150 76421 44773 40684 56608 79834 34950 40352 15028 25820 51088 75542 64607 8475 93490 46156 43844 43372 
9088 15800 18626 46921 32168 49277 86170 97447 50022 97837 63651 98278 39032 16474 89649 71547 19542 96257 46953 82850 
31864 75295 11093 36654 48286 53439 75245 80368 97691 81363 31869 66082 577 64175 62408 16560 36934 13896 52723 31343 
14606 47830 45191 58899 97379 7147 51915 42488 29681 38847 4433 92349 86269 70423 77141 91704 94453 2223 22463 37169 
23912 45009 96302 36270 56074 94648 20579 90967 40864 12541 4125 31647 58850 13367 98906 61570 9135 5437 97572 84243 
60316 85458 72100 83357 12531 56669 97620 42634 33337 30629 18068 97680 47308 48675 26673 58911 32506 59952 10267 72521 
69677 20914 68194 29464 17946 33372 75345 44347 30943 68496 38177 11096 23143 98502 24417 17121 25834 37018 63387 2741 
44166 44073 73170 18900 71903 31260 11739 68475 37553 35826 9573 12532 60418 3636 29937 90818 69973 10421 41488 53035 
68269 73024 95769 3253 7739 6891 88370 51425 70621 50637 17064 45714 36503 82081 88360 23163 7837 20787 30824 47742 
78876 62570 39246 38072 29389 68270 92843 12572 31578 16856 68075 28924 70672 82605 6313 26477 31899 58877 96726 39547 
71634 99358 16953 8653 36485 83915 11422 15566 47011 71128 15628 76916 80946 73026 58139 49088 44282 65967 21659 20772 
78397 86406 77001 81968 55808 93338 70025 85402 49478 97294 69341 11117 73407 43295 88838 38719 28102 56567 26290 22828 
65605 93879 62263 28030 19279 54597 52262 35997 61196 83731 54701 53783 39980 8918 34171 10478 90645 77992 98330 49854 
27696 66551 42716 79449 42780 45356 96349 3591 34554 60082 52598 95516 78925 16476 89392 76180 11416 51600 59352 51468 
76724 91549 46340 15246 49034 48412 56335 63213 98783 21933 91610 25714 87173 42037 73671 55098 57263 9202 12702 72509 
41177 95248 73851 9929 9636 35453 87055 7347 47023 12520 62684 18776 82750 48535 81634 98367 49069 99463 1210 77541 
62816 71053 13602 52710 92706 15609 4753 23742 94242 55258 46205 88093 47560 11230 24895 92941 81369 44628 22448 53927 
79976 50653 33896 67383 14584 36997 80698 28690 56370 69523 42015 11310 90644 93208 12657 17165 49844 41323 30723 5937 
32993 25384 21052 68303 9945 83388 61926 8657 41801 61053 33782 78141 92170 79208 45038 5088 47888 42021 37394 67361 
20810 99566 6161 7757 76800 78616 23564 43002 904 88559 37643 16391 92764 52545 95810 74835 88462 81047 75698 8467 
32849 36757 97195 69681 84085 68060 40506 93074 88937 96808 26028 19387 76194 59365 44442 70189 41220 80725 29716 24649 
10666 28427 67387 56445 45825 96977 50653 62952 84646 2833 52057 78145 41641 92599 43900 42548 99264 77573 29519 81849 
29763 76150 91049 2377 13806 5450 40039 83190 87384 55601 30191 24725 94586 3222 81713 70845 82682 20386 87958 8632 
83794 48064 35242 99628 98596 51393 47793 94808 13363 49289 38464 63569 4896 1732 77801 95950 96784 64988 74973 27526 
48743 28305 7608 37980 7103 66982 62622 59453 60518 53618 63820 68448 63249 63513 54601 7244 56292 93145 3726 91894 
19294 14124 21616 71793 91245 22533 97596 75950 35520 9309 58114 57655 43673 87362 98290 30867 37261 9093 50115 91083 
30753 99728 32913 89805 27270 69717 78416 74712 91087 33906 49278 28914 63457 16990 4775 35423 58271 96187 47302 91523 
28245 48146 88901 21617 32187 27955 87543 14784 88766 62488 91883 61405 1142 95312 24292 70012 50872 27442 77230 7446 
96397 53700 90676 86943 80674 85889 76401 42261 47825 91522 11952 16120 24813 5235 55659 54417 54208 47561 20726 3193 
42994 16620 30384 90800 98717 34215 54871 87432 45023 8030 43854 89988 12208 69797 34388 46569 39787 55252 76452 8056 
6892 32503 35356 90058 31309 52483 31801 40737 45259 68568 42058 78064 68643 79809 26226 88015 7711 30776 809 81475 
46919 6524 47222 76571 84078 86026 22861 68480 1419 42010 76195 66039 96072 63355 60232 99184 62217 71564 71415 88967 
71542 83770 95279 91499 25176 11163 29786 69873 81379 12854 3963 82935 42467 80408 15964 12458 44873 76566 38111 20435 
75547 8097 12252 99764 80537 3768 12021 82916 46886 52345 75769 85439 42434 9721 52056 1038 15525 47944 32179 33288 
80087 54392 25370 87938 24720 68946 18005 60598 52975 54024 98582 19958 2092 94798 84650 61228 18481 87475 14379 5361 
7904 43106 21384 97795 53232 44262 93997 53617 19115 64681 45784 67251 96783 72977 33807 945 76271 2930 85974 96863 
12779 88092 59079 85605 55677 32662 30843 64914 7682 55686 34872 1876 55947 75391 48156 47703 21415 10162 6306 24936 
60662 19478 53231 24959 17003 42595 90071 29622 22796 68067 36016 97139 78612 70659 66144 20032 365 12409 68973 58828 
80852 44764 16271 66977 94352 75886 95559 67914 12715 5563 11575 61411 10599 67287 77695 28073 20168 9199 93291 97454 
7967 10064 29822 68654 16599 91070 21720 82947 3766 66601 25350 22787 7819 15284 32824 55520 40172 93360 61072 17799 
85050 83998 44781 12744 21277 9055 2957 71564 53238 48435 71664 26925 69066 4249 58 10969 47345 36091 94438 63249 
17227 1431 47263 49344 70833 2284 34747 20003 44095 74807 95835 21062 524 8600 14499 18385 67834 45679 68677 63292 
5223 96614 10866 21759 44839 80346 48998 7741 24826 75690 82223 65397 85811 74521 83917 70652 73652 44732 68983 68981 
72915 16212 57724 45830 77043 84607 67514 71127 89620 70436 39785 96786 29715 53404 75584 84490 67979 49618 13176 37279 
79994 30469 9060 5846 64808 90207 17487 92328 23768 95741 9928 18539 69130 78611 28620 87798 48420 66029 69195 34595 
98477 39264 24129 12664 84351 55173 44378 46576 59830 11521 41686 73426 16697 5777 59599 61527 41682 22135 24482 57158 
32316 76791 31209 2719 10932 38330 37795 28367 61484 78447 19883 75704 74082 66050 4677 66308 13075 20032 2450 20382 
77551 539 97443 72639 69699 18360 72246 4050 10629 31629 11553 45374 92341 26175 63073 55268 33231 42971 87316 22783 
95171 40334 523 88823 26147 22708 6495 59814 23614 3975 7306 1509 3948 26017 63824 8350 90655 62724 59252 75089 
57800 40300 95108 37371 96491 51019 88226 9884 78621 36779 59217 1090 16603 62662 94740 34918 94995 88627 51325 4558 
69905 61331 98836 28217 16711 11733 74302 56295 60986 10465 98762 17915 45213 31046 66232 18227 81761 473 12412 9636 
68965 5235 11214 47794 48298 98345 61895 21092 67679 53595 11714 99347 16265 8040 11861 82941 95100 55433 31338 43223 
27484 33238 24267 41851 80991 57214 39851 28564 18882 66835 11269 86171 31262 51215 5496 83467 31910 32145 75 22061 
94658 10533 52755 1337 82174 127 54855 86111 86907 52880 88719 52224 7851 88257 29102 29406 77413 91007 97459 81564 
47888 83493 14099 34612 84572 14704 12561 60268 78767 31281 87017 15069 274 99099 84242 85608 93128 63678 53272 56416 
96792 87961 98804 58819 54208 73503 52235 49360 19637 55716 43656 7200 50073 12975 12597 33918 92083 13231 59022 75511 
95206 1280 5722 45875 26394 63438 13910 24436 39079 56113 10369 25541 34882 87298 82777 72381 83904 21136 41266 52977 
8767 83721 40166 3485 39161 94001 95653 11603 98586 88013 42186 45221 2949 26880 42397 70351 10286 52557 73278 30892 
22858 62874 70482 35445 89354 32661 68425 46127 87009 76698 26319 73553 77756 47436 4964 60596 99744 2958 46912 80890 
22240 6041 48166 22695 47768 66875 77318 38012 71319 43092 95864 19526 45739 1051 48452 60531 43195 59634 99608 78974 
20230 97811 90240 98220 59918 64728 2363 13740 63627 39200 41467 57436 4765 8323 85471 14887 43618 47485 10188 53783 
53629 18188 41055 96151 29075 85396 37185 77153 31038 38409 51086 61616 4470 81725 52306 67438 76365 63798 22563 28475 
87785 97800 56607 75453 29411 38398 13853 68136 88975 85331 5399 30379 45004 44424 83835 89075 48737 87782 5707 47148 
24086 5635 77210 76628 97939 23225 88690 22396 89528 38622 63020 33471 37617 3929 81695 83397 86490 14410 96907 89548 
32125 33261 33946 91970 84344 93970 87976 9420 83879 69923 40126 43471 9019 89257 17283 94121 70286 23125 47716 4444 
16037 9945 50588 69625 85299 10382 42112 36441 66249 73190 14706 24242 49089 80150 21764 98028 72291 86539 7274 1591 
11112 36509 10311 46390 78907 22229 7812 70089 54928 94513 17975 88959 13955 79447 5920 97488 21688 67572 84494 22436 
88434 41806 75840 81732 51794 73546 32555 64540 97402 14396 56772 25442 42581 99410 28178 76563 7237 51849 2746 51196 
24103 68280 18190 98192 56313 62488 29936 99319 99411 97101 13871 55083 83537 70266 73399 93819 27589 61060 70513 56718 
87217 65422 63318 63803 68998 97514 99075 39116 85252 57070 38430 87475 33871 18142 99489 24212 5962 3170 24292 1618 
86901 97388 65130 5816 99874 5146 45586 32487 6397 3318 28392 16882 26183 26618 23946 99531 70935 78953 21736 66764 
26307 66663 3934 70573 62277 1027 55961 14746 47169 92336 9572 51850 31877 41995 80302 24638 97563 83951 50711 97150 
83555 89558 44633 36899 87607 85678 92297 58369 64653 28085 73081 71329 944 47539 85666 58200 95723 65651 88061 33878 
72429 67859 37049 56072 95335 9996 68870 10529 19626 59531 73753 51012 45938 43475 78851 33189 92018 88643 72841 16099 
35292 14420 52439 10395 58104 2167 25611 48456 8500 52117 22977 61313 50379 55711 11637 32948 94982 82102 82160 374 
12180 47829 60798 99838 91607 29126 36822 23228 93045 19973 32285 63242 20705 75449 59320 11057 82268 79207 80829 53836 
74440 46222 87862 53020 84144 28540 97551 77355 59622 47090 38134 29211 83916 38305 44610 33313 4046 93159 11240 93759 
67968 65676 67476 44923 96131 59230 95395 57484 47625 63662 96563 46859 76947 24785 40016 78268 29036 10241 46019 40357 
14714 71374 35935 22465 41624 30294 76332 70977 28169 14911 96291 10933 92731 96211 52656 44814 17757 36099 10893 62549 
43376 82870 29302 59293 83754 44815 12112 4554 84615 30643 67890 83582 68026 92359 53434 59512 48925 7686 97017 70758 
54844 98513 47582 30428 62067 45945 56704 98146 45398 86234 26510 76319 49970 16350 48254 1687 36159 96740 41340 85891 
100000 1840 17412 85166 88619 74935 37132 93569 77132 26079 26159 17730 69356 13279 72845 52084 83225 88054 64060 81404 
24056 67195 10601 5554 94745 83666 21967 33900 89493 39309 83995 34191 13114 71599 45257 20102 61589 78286 39862 7705 
38880 24758 54843 61993 57082 89584 46244 12357 74361 5948 79132 58058 17641 54722 58846 70082 12418 87445 48161 23325 
41110 87682 57069 7497 78843 22760 73587 43470 47015 88436 10398 35431 78674 40284 18057 74592 59629 9110 91295 43036 
12184 46673 69589 90104 66362 79595 77891 78425 20194 56159 90439 196 12231 56235 87003 83934 44577 49713 5146 72409 
3776 58506 55215 33499 8379 96225 20328 90402 28611 17980 71296 97330 35583 33014 47060 65197 7132 99917 95813 34667 
97716 71630 98644 76247 28176 30205 23268 71595 1218 91729 92233 8796 79766 90359 30419 94938 97012 27078 91821 69046 
40774 69480 15761 63960 9364 22357 94973 67870 79837 42512 79173 72832 8596 18018 73925 73920 79392 43358 72595 47236 
95040 70332 85762 85029 40010 48305 65393 84727 97223 70105 22107 29289 35089 38344 76108 86449 70935 59470 85102 88077 
99218 55399 98619 95527 48541 39903 63533 70251 40453 81888 8888 3928 74553 45702 98138 74846 77276 16805 67916 45278 
72162 53509 62234 28438 38164 2474 92996 59551 10135 89514 57354 25116 34348 18501 41521 96646 13293 51404 67720 59543 
96807 83458 30766 24903 41314 25806 21871 43347 57968 63274 98824 35418 99477 49923 4445 26080 33359 25789 17267 55223 
7672 27151 69556 55856 56353 655 32725 69622 41878 49173 60273 84641 5133 13795 43460 85073 92661 34998 94601 32484 
26172 69231 76842 87877 86548 42336 16732 79342 9953 51967 20808 98774 82358 37199 40049 57887 91095 63991 42766 78010 
90539 16865 10289 11346 58863 60162 39655 60024 8828 57087 49434 99232 5160 42204 42083 65061 49392 90532 30696 38588 
15593 39768 44916 14997 45629 93100 46807 72634 42720 38945 66377 84661 84575 57834 55416 93160 52073 67144 64254 14006 
94183 37877 60390 56616 70522 71631 60597 82029 94547 20843 86845 96372 26602 60555 62926 48834 91850 63031 30233 74708 
46520 33180 83236 8000 63051 81469 87193 46562 10719 27165 56337 24958 35861 53910 59675 35252 69448 16824 1055 89926 
21557 83819 65797 88127 97240 72600 9931 2090 6752 98194 92916 67724 3518 75919 10322 85613 74449 31239 1331 27503 
46604 48535 99407 69827 8288 35460 63546 50350 25122 71533 52490 53570 82379 5623 3895 70466 88986 84557 35015 76874 
11660 8285 86967 37678 33504 82697 55636 37954 16497 63779 35771 40146 78666 42983 21856 63011 27683 96173 70008 5305 
62922 27962 51993 49073 10070 72144 10813 26866 54425 30933 47520 29866 63678 79593 935 54518 71971 66407 50041 82425 
64764 61404 73657 87267 90496 90750 70515 92934 30721 54782 65085 22522 43456 3920 88690 82562 4400 31176 52852 2272 
25520 25860 23671 95475 42968 55932 72138 33885 9840 95719 10049 66698 31958 79596 7127 42047 90383 22550 20939 95640 
65361 98683 73986 83833 9160 91150 33759 28936 11092 65137 92173 35513 80814 4505 66794 35923 44697 83933 95936 11843 
66229 61957 13939 41539 5115 41387 41701 21068 48028 43863 47294 18269 3202 66538 74753 14256 86417 34184 81944 53909 
47116 81870 43011 25860 68326 15838 57454 19782 68920 85958 63053 85410 39212 55541 95339 55490 24369 55850 64066 40894 
58133 89589 93771 30425 80114 21449 16356 99706 85153 27779 43453 80415 81797 73346 40779 70443 31746 40861 3277 78734 
31241 97373 29054 60439 3114 88700 50140 99911 26122 5220 85683 16269 15868 4938 40811 36280 31422 70101 37119 96708 
59176 55741 87797 51792 61346 73356 9027 8842 30129 26973 29994 54963 44444 17963 52298 24868 48580 62960 14797 73284 
57376 34388 98502 39312 32708 34950 37652 37196 79727 7694 25397 51746 74860 2237 21918 25851 5312 53510 98851 92468 
98714 83021 36954 88953 69596 41188 85787 78008 1766 88148 14904 49785 49232 44241 22563 75973 42397 51107 2710 57249 
19883 22342 94077 50435 126 26246 60698 17021 81668 42583 50515 7180 62816 76993 39946 11377 54215 8443 40105 25635 
53727 78753 87771 53633 88517 52160 49631 8259 55539 62237 52477 27525 53996 63057 70366 38487 55703 21970 80450 93729 
80767 260 30123 47671 60234 86160 29785 24107 23813 81601 86776 4168 90643 77460 77892 86413 13363 91584 81329 2003 
42155 38170 846 41165 61419 91569 88538 34682 97537 31515 51307 96900 27504 73780 61550 96391 51947 33756 45180 60952 
73992 122 5741 21957 85555 96492 49873 22344 15163 78713 87639 9513 78947 90712 60005 97157 7882 49033 97968 66950 
47998 16575 55217 18912 57137 35952 33423 38131 38713 2452 47880 37518 80689 7755 65013 89209 66596 83497 6451 96960 
42755 45259 46436 51689 70609 67377 11761 68799 76161 17433 71502 97832 47397 68910 55862 47149 91475 16932 90494 57435 
82047 50473 9480 94299 8369 63798 90523 18952 95415 5249 56563 23293 99487 501 41212 91972 14119 56356 80419 98755 
98036 58056 96538 51318 54265 20258 40712 35391 78728 68671 97445 58180 31106 64054 92273 1894 60720 48296 46410 3158 
59929 82863 39805 14956 66874 8076 15483 78888 45330 88159 27410 40485 69971 47259 36840 2115 76823 15393 31092 75030 
58085 85300 14054 52496 75688 39508 25644 72964 83197 40942 89423 57288 39448 55671 27924 88037 34611 2947 23212 69567 
20277 21518 58337 80209 59217 86717 52736 52802 66705 82009 99603 31950 50110 91415 18444 23178 59043 99026 79144 98477 
16339 29124 98528 66944 73248 45320 90937 91606 19346 41810 46785 84022 27498 82510 65247 64801 80150 78 45965 89511 
95161 42001 52937 34528 74483 15851 76897 41950 76382 38684 17613 41988 65721 78803 78650 16445 25868 2455 83333 95324 
76328 37147 13618 13438 70261 82709 19151 37168 85387 66279 33332 9401 51082 16975 27271 62524 77472 30749 50891 99041 
71008 34543 63854 44759 22660 96712 39616 6023 53253 64474 89690 54353 88955 89511 50742 34890 9390 52729 70814 26268 
40609 98831 58494 2317 86296 77765 59933 51869 75879 49163 61577 39928 56584 29650 8145 37576 12445 17568 11389 86139 
81699 41960 92975 82664 13372 68227 81068 96154 46433 84380 28740 58078 25037 18290 35161 6851 20497 85552 19713 97740 
99855 66210 18425 86435 20941 30427 947 28201 58099 82600 7566 47839 36339 21408 15745 74074 87483 60765 55020 26060 
18712 96449 45441 94249 7356 89836 12349 4490 28678 28315 18678 51787 11736 20947 18796 89333 69494 83971 14198 82056 
44700 80908 41250 38484 44618 58806 43597 12574 57181 100 21240 55401 37351 60418 29587 7802 79893 29665 73649 52958 
15145 24532 17853 77221 75072 61346 82112 57048 77161 89087 50575 78519 88378 19972 37870 9158 75816 59934 24115 41248 
69621 58131 75706 90320 58906 63285 42097 8249 43893 92601 96374 81994 56548 8721 63086 62825 88802 83908 95385 48482 
39449 63883 83522 46986 54551 45525 35610 3552 96001 56742 21119 66548 43262 54907 96002 17994 26935 41182 93757 41576 
6979 25902 15157 66148 44997 84246 93055 67876 55518 11602 95967 44532 21182 95796 45243 43339 5199 90550 36688 11129 
32074 92184 71376 26403 94079 33920 91836 40462 95875 25746 13304 42258 39956 52986 64134 22183 11040 44478 74842 39475 
93167 8614 22599 45914 80037 99475 21123 92676 97979 87134 67983 88719 48633 76779 45292 53248 76381 66687 54182 5515 
24836 74781 79224 19714 86236 25948 45297 94368 73690 52967 87306 60769 91686 46888 44123 74026 36424 70587 51666 94199 
38721 45284 5993 35533 3936 80597 96596 14346 63706 34249 58502 25308 42858 40008 11118 85918 52347 21489 61967 69594 
56842 73263 69844 9428 26561 9486 21277 49420 18177 82698 32602 48898 7519 5445 272 33991 10843 94349 32090 47045 
846 2770 77456 43330 8422 92153 62636 28306 29327 419 56701 48206 57080 49490 5471 47007 90370 21407 40927 46357 
51586 4402 44257 44156 78622 33650 20767 70930 3824 25904 54311 44374 52903 49073 74647 26925 51287 61384 6570 88643 
43899 40117 73872 12057 15699 74404 58433 78115 46016 14585 61657 89759 92019 51292 6049 74635 40884 28187 6228 11143 
78341 6358 99900 89474 52433 91152 80907 94701 35545 83779 40214 49350 2691 54940 2344 86090 69084 29930 46123 21356 
60139 22974 58746 25618 84796 4248 46761 47042 6796 6734 47403 37826 17588 4557 2189 75598 5794 25152 40736 72083 
67181 11846 55943 9704 4082 76094 80642 67583 76332 17804 25098 7034 6899 73988 75275 98609 6107 13882 99944 56395 
38166 29356 84784 61437 32049 48567 73859 47983 35412 97315 3470 14370 20226 20197 67246 12542 5258 81629 84831 67627 
98283 73554 27494 27048 65415 45234 13071 27492 31551 71295 77268 73121 22548 88480 3297 3726 10759 74306 89445 9551 
94722 98481 57632 87512 88304 37448 64785 69093 70366 12861 73667 1557 59019 73197 8924 35907 22801 33703 18912 74237 
49505 64985 56144 36868 77197 13013 65908 77142 61032 38068 23139 35008 54251 69211 1756 27239 36063 11105 76596 85630 
60414 76130 19068 83366 4845 20673 49394 28297 51725 63278 32288 75738 2124 79736 31805 63774 44201 23337 44159 39392 
84249 45336 51235 48769 11677 62687 28839 4624 40782 9543 98750 15205 42082 68801 82985 6887 7916 90159 63078 19050 
12694 77752 93230 15316 68563 79028 18870 57817 34882 51756 28069 56873 2275 70454 47677 22150 73036 58654 36373 48254 
98662 70446 62766 43801 461 31054 14814 63578 45610 89560 36771 48373 6512 26085 98203 48568 78423 96841 46952 38250 
92335 40773 79043 2811 46906 27800 79474 37000 95714 56894 39159 94560 67349 99817 89565 58098 8526 92351 84341 65767 
97594 14098 41995 65131 29732 81860 2590 42033 53952 32088 3126 6333 14084 77257 62135 4714 83840 71647 70883 17291 
64782 10863 56389 70434 51435 79632 55842 66786 76190 59755 56955 39099 53839 21078 21847 73210 91140 52355 73858 52739 
20302 82031 54963 79438 71175 47487 88741 50880 91435 47518 70049 51492 55458 54341 25846 30940 59390 99107 17397 6097 
80435 73994 71802 60901 32085 46053 67605 42463 42110 24447 2166 23168 44527 13522 33904 64469 46913 98513 57747 19252 
95725 61365 19640 34214 28900 3462 68048 2363 16948 21548 12290 63676 48075 58679 46104 67721 92770 26689 5284 96211 
81474 51427 61676 38842 53514 24543 88336 47346 20748 47354 85381 67948 73691 48944 78636 47329 41094 30022 77483 80354 
89761 50488 31814 30130 86992 23771 58083 68368 9482 92380 85436 87671 52511 22722 15809 79591 21091 92270 70042 86583 
14862 85645 71346 34658 64109 11694 37232 62973 58115 42768 1633 60357 62498 53131 95646 38938 40416 24399 45177 66558 
42117 64167 45064 90771 33587 1503 38005 30827 44936 11417 66015 58143 42835 78208 37563 22062 6206 79780 9872 94279 
84483 69531 84917 96199 38090 61353 81333 80117 3179 76521 78244 75578 25107 42151 10614 42068 37009 9969 38589 91122 
79180 21744 12333 93535 47982 59675 8426 92112 39820 17290 18772 46254 11363 33871 97789 53116 58196 54357 98394 75280 
50140 98367 53686 80390 96188 30167 35258 72694 14996 52961 42355 23684 45949 9725 56012 80035 95078 62869 9736 73293 
30745 51989 4264 14396 77878 29953 46872 15904 92508 29748 89807 31694 50919 38309 96757 53916 67191 72288 28542 29242 
33435 29682 85751 82421 2600 88531 71960 43295 86965 18275 46987 36318 6278 22869 79567 18661 934 8015 43284 78032 
87114 83223 40267 41620 45509 25890 71930 7294 43637 77908 66432 68586 4058 35051 5200 6232 50063 89994 27910 92076 
37154 87884 80591 23239 32050 17053 47572 25609 45141 41979 89807 85868 81693 25377 14458 85007 19674 84933 66633 96923 
78096 69521 85456 22516 22230 57424 15472 98767 32092 72709 7072 80572 26880 43157 88705 80192 9917 11013 48588 89813 
96453 99414 88436 12579 34458 44952 72519 93560 92531 45459 6373 62860 58855 5599 32894 20221 76641 6388 43957 27712 
29553 77343 73528 11136 31624 26074 53966 81400 65831 60693 48363 23884 2847 39706 4605 51924 94205 84847 45093 15551 
63469 90740 81064 99673 43250 4428 20195 29272 48508 74746 44129 9546 56473 38504 574 51982 72530 21690 13471 21593 
61385 12053 16622 25584 5276 3718 65262 79530 15318 88925 82962 28528 36053 67938 78397 72115 64108 16081 37664 8376 
36610 3605 73180 89485 61997 68175 14857 46588 7714 70717 19195 45767 17074 9204 70239 30944 73454 31660 73176 4508 
30753 23755 66259 93190 1266 82565 39282 63258 69983 8839 96718 13849 82695 8642 64916 28604 98902 17442 89966 62426 
51089 9723 99476 25617 99670 22965 98654 75772 69750 48097 71198 93784 46236 22456 66540 90388 70753 70021 47290 53966 
38527 87652 82111 4372 9238 33795 29008 29236 22348 1529 31469 31399 93248 41 55274 73320 83472 28310 37853 96653 
28798 99520 47100 35433 78963 76509 25375 26254 58560 23986 64505 7868 83195 94437 93907 88603 98021 14829 18545 86645 
41727 89652 24904 32208 12030 84296 71004 61552 97425 10509 26578 51204 29985 56438 96613 85626 66213 38811 39719 80009 
88522 42339 25739 68559 11349 64781 12882 84553 27126 45995 13070 70721 91866 93380 99539 59210 22992 7285 97944 32151 
51332 25370 75884 53470 34352 24564 70100 78913 45419 50358 25976 35990 85355 27303 41322 32708 86584 74724 31352 5720 
89209 59157 18616 7010 30363 60274 41615 49285 19543 75366 63090 89294 94009 99042 80500 42057 14375 63998 88299 51688 
77192 37719 53017 17921 94018 40956 47385 84109 4600 84383 93932 50744 30349 89936 72358 87746 81270 39070 36851 8690 
1684 44969 26250 13909 50536 79315 21792 98621 48159 44449 25603 37257 15445 23266 64758 20887 42325 17578 26895 8852 
275 12104 90245 41540 81049 94140 2088 47006 53563 87948 13717 19647 97029 11785 400 3049 7549 66913 85576 39531 
57817 48906 18945 74073 71806 33174 98650 72500 72283 15265 37747 17522 79150 24574 46706 40608 21291 29475 74218 36307 
57284 92187 75537 73875 43460 13001 71589 54841 48058 60465 58048 93111 85303 59429 63337 88199 75794 91205 69384 30 
63366 27005 54653 86345 42265 97896 45893 57276 26872 84938 74868 18237 29687 14040 84676 61518 88429 97596 79492 89270 
36899 67977 39182 12212 50260 80511 59977 75449 53641 69821 94589 5001 97551 28390 75040 18832 73272 59413 4567 65702 
71537 62005 92965 36180 48182 60251 49025 46567 28137 82734 10997 92799 44869 80687 7286 74988 34450 44571 53629 6458 
67678 45796 15315 81561 8044 76556 54839 2048 21482 19622 44054 90081 99516 92632 69027 96850 42418 73521 22752 13783 
71633 26909 5741 9695 42607 42989 76672 94047 34718 30664 30812 44910 47380 72707 69377 77539 4982 91824 43491 32044 
79793 41361 57111 1613 18653 60363 26831 71973 39242 52499 58036 12971 23043 16147 72072 43715 27511 92993 6488 89443 
91240 51850 9880 2162 18823 93144 46006 88419 95685 14919 75812 20446 12489 69512 78018 69203 58709 55634 92514 23648 
71591 6590 84551 61279 37420 39994 55387 68650 4314 74811 2670 18753 86906 4463 40613 26774 25796 8237 55534 80508 
33185 65609 87415 72828 2250 11461 24805 84076 55479 9842 69584 32758 33729 31021 15588 31977 56900 96659 3433 65353 
47391 10604 46702 84463 57212 39967 84819 35660 623 73424 82998 47022 99770 69060 60032 96922 44426 56351 20366 51616 
97475 90568 6592 45420 97818 11506 17143 49961 9600 58372 57020 89338 70638 30892 52705 63230 9112 82619 92974 37084 
37514 2837 67638 95991 27030 88855 19968 20448 14435 26360 10044 43655 9294 35113 4637 79432 79432 78747 68420 87220 
86223 92860 26819 64866 38651 64603 53962 82884 15153 45360 86226 87032 53451 35150 52851 79316 88763 762 85578 11818 
79830 96371 20281 31437 40598 20863 68814 86586 75279 38603 60957 40662 6351 34158 84717 98745 98954 73916 42107 37395 
76148 94150 47898 96979 2912 21518 75508 31930 46468 73173 97443 26550 85470 96959 51574 92524 10896 52224 72550 28905 
74217 6023 35257 20795 289 44763 810 69290 4209 89292 22272 60443 34768 80932 6897 39826 39687 50636 14849 49492 
27256 77412 84087 53945 10321 18368 1608 6638 11253 30455 92845 94645 56564 36381 72121 71444 53620 40601 32790 86332 
9414 48842 34382 99130 60303 16801 19742 31584 48622 82409 40329 92269 16533 50801 21276 89478 94774 24789 20109 92844 
91374 53567 34046 3863 99303 11867 59319 5548 80798 45155 39224 12880 16020 37895 1266 48914 30410 24672 93189 95123 
73157 70044 70324 11471 72223 70488 40319 96583 4340 72201 56030 33038 84900 12595 71225 67259 72200 14438 59048 28959 
50587 79464 91311 44369 82777 11160 21196 34757 48818 18656 18969 45336 10174 1623 43276 90903 40283 74782 5611 42839 
26065 96104 66024 74623 60530 4452 92948 58909 28942 48581 4638 96390 13578 59531 84191 89998 94375 99007 84620 69590 
22195 14258 46499 72886 16730 5757 97093 86716 43073 84397 65529 1214 85220 16291 72217 32963 11345 92468 4103 55750 
10930 82820 33263 90589 92418 89172 62817 9025 83332 34156 21837 94208 72973 51801 45973 41100 8449 65842 77066 17696 
79886 98168 10391 36569 13409 98026 59526 21712 7793 94371 65937 50534 59566 49305 50516 9322 3682 49403 42158 49185 
1421 16413 28801 32301 86990 77626 9426 57110 18495 44479 87267 56271 62484 48224 90293 73313 83054 57215 46614 20763 
51040 31436 4394 85439 54675 72996 14894 16018 77686 45451 95880 42647 74336 30417 7765 40412 94468 11554 26091 40046 
72546 32606 94802 18733 27611 56599 53483 32229 79785 8512 7265 9877 87376 67263 85263 56537 37077 12857 18929 17330 
82970 98982 12399 39316 51552 14899 61704 97361 64086 72141 36162 55218 64789 84423 28861 56190 19707 37822 20271 86284 
57333 6120 19325 15606 52563 69872 6293 52403 16855 81337 28063 58291 37861 14049 57248 8552 9861 1060 44025 2073 
41250 26004 58855 29255 85138 9642 70442 44728 15390 40766 12688 39508 14220 54463 34470 34751 50268 52570 53518 63588 
54905 62373 27033 33526 91496 45219 29758 21277 799 62020 56827 70460 37284 46256 23216 9511 23115 81107 23388 51964 
91181 36483 46643 43999 93385 73746 53818 98076 71315 73359 52819 12732 57134 21179 75300 24298 75818 44630 34322 57443 
81311 4414 71848 43284 87163 57186 21924 1808 22958 48420 13939 51494 57332 20941 17648 56087 27966 84072 59586 70121 
60489 26586 85682 82524 63691 99058 56520 65091 54010 22095 37719 96509 47867 24996 97345 20052 71651 9770 8284 52439 
1914 53467 47244 27211 13189 50282 84264 57564 56094 33581 17370 43185 26787 82267 97596 99503 64309 37828 64012 52128 
26413 43709 76220 71103 91657 33721 43320 47374 94505 97365 89248 11131 84547 16733 3242 76831 52543 53141 72071 73050 
38375 93847 7510 64801 47296 39381 59766 91353 35647 54079 64171 89681 70703 73061 86593 63254 81572 14880 70505 27676 
88862 64394 48149 73481 35435 47253 40829 89193 93126 26797 99703 92846 66118 99278 2731 8065 3644 15992 23481 2677 
39961 26924 74157 43089 15213 72687 38197 69031 57396 30381 72901 66315 24767 90430 41734 4348 72682 50304 79212 61208 
18289 96915 1068 56708 45289 18576 26183 42869 25566 4628 3434 30321 7939 11244 55341 78276 70867 50752 99843 24878 
88618 98884 11480 1211 86350 42927 72986 29851 39372 47878 11890 26409 78026 74582 56144 64854 73831 54111 90963 82582 
40081 51011 88920 44137 61136 80529 91461 7967 9720 65342 69897 31926 89527 6228 51870 11313 12284 94480 16505 83364 
31488 5143 84358 44878 91308 63466 80134 49880 94704 89432 33516 58588 54745 46744 10942 2966 2479 65627 1247 64854 
61687 73999 92488 77211 5163 13455 42330 29331 68088 70910 68388 95773 75526 99255 31377 83042 21254 26446 48164 2878 
4456 24261 42006 8111 8683 83170 88513 53444 97687 87886 68347 27527 49620 32605 88244 52879 13108 60899 95716 60249 
43876 61259 72998 80171 95167 40243 26677 41378 51609 29312 13554 46978 86237 95456 89423 52070 17269 21807 1277 2275 
24742 63847 70507 62495