96450 72225 60017 31567 37338 35842 10644 43761 53524 98135 41423 77944 91225 24932 41816 75189 86760 22576 39451 45857 
63156 52081 59874 23807 14028 58795 63349 1280 2356 22285 11169 97352 76523 47476 49399 22133 11779 18696 59876 45402 
74937 76414 4686 20971 99913 29887 14042 89 89726 4537 20134 88734 54744 31305 62007 45132 21445 24517 29938 17837 
80467 98986 12363 28194 69141 55017 22299 88047 14505 55114 47996 4747 20440 37250 89629 47237 89397 46968 74592 48277 
47875 34988 90253 53928 71223 47405 50057 38835 13565 45382 87718 63331 18721 59455 91126 28252 65884 47162 68109 26548 
97088 66692 7681 61501 52145 61671 94172 18377 74451 68798 19093 73071 78673 26929 64928 50181 71687 82007 4090 65098 
65892 66731 44826 66267 89937 38689 82060 52920 11371 31358 14174 58984 24392 50027 1316 77376 74639 82546 87869 81534 
73765 31471 56177 87853 23002 84528 52388 29973 31391 69388 9733 18122 66113 96752 6672 83700 26726 51107 15485 69623 
76099 94222 40639 47570 50101 100 20764 71479 20496 39813 20303 6671 12251 69475 20728 88815 99308 58365 77427 8744 
14434 50681 7522 72153 84591 33656 35948 4568 13779 6149 79807 3478 4440 29043 71148 25486 9979 46778 47537 88018 
58720 98892 74847 75224 67139 92131 11411 91505 49745 64472 51897 820 62333 11952 36012 11900 76355 43311 44861 64685 
49013 2694 81940 21846 33679 84340 43528 44448 58746 11141 61395 57422 65029 85096 84962 5492 8050 12661 40468 85298 
17695 70846 47271 51823 91750 94181 21030 51486 18756 45385 94140 39664 15567 25541 15147 40182 36895 40229 5024 38204 
95131 12759 55429 30232 55512 2981 98468 72851 80865 47477 42999 74708 22492 61219 41194 60822 37687 27966 31749 83871 
56289 63449 64698 52127 76603 42439 73614 7235 36886 21945 52306 52213 8798 83310 64364 77447 17346 98656 12619 44964 
96431 54590 63317 62967 38565 25879 36527 90722 43660 34506 45078 83588 43238 18787 33453 32497 40500 67972 85302 33267 
95245 73768 44705 35324 66761 93318 64118 25806 78543 58315 24547 52248 65675 7041 98158 35933 20492 94529 59620 14474 
81245 37813 41639 64299 4369 90781 8328 64497 11028 3644 31993 62406 58995 34891 48765 67651 29915 60900 17187 48660 
99085 60619 60750 81603 77397 67639 30449 15221 10719 58362 66272 829 67904 37979 45302 65325 47356 94048 59153 86851 
59226 4385 22814 50202 44557 51349 82969 45222 11680 24922 5394 89176 28067 51816 73266 91910 92872 96083 46899 33392 
77121 58531 99979 49386 78985 79172 56461 55158 25854 35624 2518 82301 18084 86034 30610 58352 30576 62927 42469 820 
31548 84084 32793 55208 17445 39484 68817 58021 12724 49145 81347 91848 35813 1659 98296 38225 55380 46488 69310 36995 
94754 26740 74285 20218 23280 72721 46581 8543 12430 28742 99664 84228 67677 78666 26801 81732 39591 57725 96792 33904 
22781 97166 79768 67750 14695 17397 180 85638 81001 22332 80258 38652 91730 23325 42559 59562 63230 69151 92543 23902 
14288 63023 9106 89502 58325 62566 12116 75799 12792 50966 88903 66012 9577 33579 28870 63198 91373 53884 14947 59636 
7238 12091 42501 61445 84011 34583 67887 83707 39990 51036 5375 69991 14161 47379 88272 17330 40144 4514 55894 82979 
68364 42697 57683 68859 43981 30334 6336 30392 44833 66566 40868 66352 44616 99753 90017 78240 41447 22478 6519 57789 
61208 66955 43876 21239 91287 4584 67434 95280 94883 93052 61358 47192 60926 9338 79266 10385 58811 81136 45968 87750 
70662 44923 31927 21432 41862 99788 78129 17424 1758 44943 25693 28785 59005 69229 35616 48668 5625 86679 23663 73552 
35555 43728 81371 51581 33777 39043 2392 8221 59366 28385 8383 76793 72169 70372 68137 89454 43055 28111 9590 31276 
72941 38686 81102 61590 64266 34487 89251 432 42751 70649 62197 76037 87545 88337 58703 95841 3072 19975 39098 65309 
25330 7524 20534 45203 25922 47290 9214 30680 80871 53210 39421 36753 27860 97029 11600 80006 16111 48468 71191 11919 
63881 98021 19749 26863 47001 52888 59297 38475 72773 29609 8578 97720 32112 58991 31645 32822 1462 67836 11386 53669 
26170 6783 38288 18956 62967 11691 31324 32857 7653 67028 20757 8659 56522 70707 61290 10513 82856 39341 67454 62046 
3589 48297 22299 20537 17476 44084 24497 48604 1501 74237 57121 75219 22395 50214 72477 66585 57441 9611 87725 11101 
26501 95303 70138 44026 95483 88163 66150 53518 43103 74360 14445 43786 26195 52105 24906 34189 2828 93240 70082 61376 
34574 17035 10170 97028 49325 8804 31537 59178 1688 53704 8775 81813 80233 75678 48914 11040 37097 46024 29329 91020 
29039 75288 20355 97897 35389 67750 52015 6668 21957 71693 48469 32872 56865 35167 5266 67970 60787 15752 34689 48532 
23666 76481 24343 59670 70546 85662 95998 91570 88609 32990 79103 44056 22462 67068 77610 47552 88075 66373 89893 10121 
28784 23627 40019 99772 8654 69807 52264 36117 27383 72601 71429 16256 57583 1965 65860 79245 98452 79776 31788 30948 
83796 29643 82856 16910 83442 43339 88162 95552 95691 73320 92459 72456 28664 49805 4529 49322 19949 89190 50586 97242 
15330 95070 83067 38974 26522 89599 64515 47830 82933 90047 48617 9543 25507 81155 44878 56507 84962 67601 4552 59898 
96099 38502 51484 12880 59108 74553 33333 70939 24212 58068 31601 73506 81200 86225 5422 78360 53976 63818 6007 69503 
97170 75737 23576 66713 80532 69318 94997 18381 96390 64650 73312 8012 71226 74071 32359 27676 96687 70578 65000 47452 
41267 18133 33041 50815 91895 22007 49842 43612 37983 16943 40766 90167 93875 12970 38767 97355 3533 61084 77423 8175 
90349 30340 71367 71977 76773 52662 16983 49036 26828 89224 33543 603 65695 88741 66123 81560 74004 12776 10157 38315 
54175 24697 4655 38169 72551 74043 86117 73886 29417 29460 57404 43200 60584 18137 31319 57183 22902 48618 23089 65007 
61527 67685 58493 87065 40507 27281 52547 35157 96659 63731 7964 6699 48395 18931 95142 21128 11507 73580 14816 16471 
92160 15703 3729 35584 87580 6173 97549 85930 15678 88473 17205 50319 9083 46887 51386 48694 47164 74646 27241 27469 
26805 27456 23413 26470 69087 37775 79684 58754 3973 74813 79429 26512 74233 9949 2529 49425 53001 16745 9014 96601 
9056 20060 82329 9629 18719 39362 42382 2454 5216 71207 75767 57564 26240 66199 42574 38849 2736 57343 26979 96235 
45488 78792 65824 44028 33798 40539 17355 41694 66664 51532 99406 23869 71538 53064 87481 42517 98949 56482 47655 81956 
1785 95719 23985 25986 10203 76697 14662 36063 59955 38689 16519 77970 28006 84580 31268 54825 38154 79172 34473 36700 
1899 46649 23983 77539 98591 18190 14586 34373 99959 26132 54287 83443 30657 99075 35429 36011 74675 32585 98890 50828 
53738 18486 71003 26210 7005 83702 19735 83730 34509 76483 5740 62584 81269 38197 68563 24141 15387 62570 87247 69043 
45412 29300 24204 12103 72078 87951 14860 46839 42191 84125 85945 76314 66203 77135 20966 31346 15756 74255 20927 88916 
91796 96948 47128 94401 59805 12438 82581 42827 38789 72035 56819 78229 63459 16240 64319 70649 36092 38520 79083 77173 
57244 13325 57810 88114 4884 1899 62710 9280 63462 95803 26262 15335 31120 14191 23952 97065 82953 17768 94287 8355 
89211 94408 25619 90913 83261 41549 77875 86039 17005 73524 47428 47251 97576 332 60024 50611 25775 51822 75398 46107 
4893 13503 4224 27511 35499 56931 70029 26192 90734 83055 52639 61863 64335 40979 5689 54752 76820 65338 95486 54133 
62694 45079 37322 30839 97240 88658 77064 6639 43311 15046 58415 20739 58701 79961 48335 71861 26505 93599 15261 39665 
85731 51686 48725 46556 38372 62033 87725 30536 79792 62452 36065 82050 71138 67356 52560 48269 36861 56030 39311 5469 
9718 35323 36148 77006 70250 48935 79694 23600 33679 89318 95846 42749 9482 30240 1697 79871 7074 76217 45581 39492 
11517 70828 9632 88888 96567 30639 92765 58584 80877 16712 512 14083 3031 28316 9987 27634 23128 80243 27371 33625 
1272 90704 64663 43939 20523 68966 51192 66213 12206 98303 40053 64952 6648 74853 3919 79810 71968 76145 77274 25329 
98066 42898 73802 15466 11439 15771 56012 78117 59976 31740 44667 49083 92986 45190 81667 30871 40380 43389 87315 21823 
84817 96447 17810 85132 83813 25249 7628 62394 19476 43948 3705 59710 88621 58017 30378 65843 15437 76457 64681 9427 
87196 69454 68000 74373 42295 72517 28811 97405 92980 2957 49278 13261 30143 36975 25696 35922 79799 96580 68808 1139 
61025 25140 96595 50883 18863 95212 51087 49801 50201 77138 15332 18448 75500 13484 65588 49307 65558 46411 31927 88158 
98523 99076 64217 48442 20447 4751 55383 40007 18158 81271 19435 89891 79054 5806 66361 33168 92060 68149 27199 86100 
54917 95973 33127 3762 98263 39884 47883 62056 34184 28416 18012 5075 82498 53207 14217 78698 51215 89331 27752 3825 
16372 80825 16429 11098 17925 36964 80092 67357 97317 4398 97987 1795 15806 47676 13410 98303 49624 31792 81270 49677 
6974 74097 6427 98866 17442 69171 57000 91206 10513 95384 72418 32159 43536 49637 13642 50845 32781 20668 45259 45464 
94582 42453 53589 8358 82621 68508 33733 82561 65168 21757 30920 60391 59352 4869 70722 82006 79829 18089 26132 52885 
44314 94582 82175 48396 65289 57734 52901 76351 6058 13816 70043 36524 31627 56092 61208 35240 78839 49110 65900 33802 
57578 48095 77343 79101 24070 87421 10007 50977 12742 72766 71407 15086 99769 39557 40866 67631 25783 84389 56455 42274 
22323 5086 17877 64102 94545 50654 43097 51951 47509 16292 53935 80182 81828 78101 62081 36382 93599 81363 80109 5730 
17176 63407 65269 72364 2258 3238 96604 15881 81698 65870 78909 62127 24244 87823 30360 67891 38906 75778 91374 34110 
4264 62681 92087 4339 15339 91363 96249 96816 39623 18827 31649 29667 76058 28851 62898 95520 7799 61144 48845 48223 
57187 36238 36220 94988 51220 6059 95682 67447 57045 74838 48097 69312 50339 63132 76989 602 2899 32553 60381 92961 
12926 87513 48335 91210 77333 45675 28330 91767 18791 82951 7782 29131 66965 49235 91569 8202 34810 45190 31496 74808 
74711 10413 43902 55652 92752 74218 92061 6007 94806 13454 42775 84754 95611 86097 89582 41103 48044 23235 27715 39178 
83363 91382 11053 11742 46854 55398 69592 20170 38989 84907 2458 9248 35135 64276 66695 29219 24493 98764 85176 1017 
84984 44011 17843 69774 33689 45293 71158 47393 14426 90071 99489 61716 9387 32959 31477 63230 74196 33303 3149 19115 
95030 31995 79151 33949 72039 53853 91506 84228 87535 19956 29873 30145 80163 63939 87308 16318 35499 94299 14955 99177 
92121 46231 16016 92036 37737 13483 4278 80845 76612 89520 57149 21504 43387 18009 15581 35247 97018 17975 21704 81684 
82356 22245 31161 43581 82505 89871 1832 96042 61357 44199 71994 48034 7621 6974 24770 96608 68034 10158 40114 37978 
76697 15298 74026 46886 43245 74205 57219 96851 2811 86514 83119 4617 60301 24871 14837 10025 51975 90018 5069 17664 
54682 78941 90204 56048 22894 39350 91849 53397 67985 72782 49334 61330 49420 44574 7164 8043 32123 73947 45853 92271 
64874 30155 5164 61405 89407 10435 85768 47918 20005 60895 71619 33296 2197 14556 93268 43694 39913 11879 62845 43162 
70432 61152 3347 86787 93719 46972 305 25802 47915 63250 36285 45267 23609 80587 38790 24783 24797 93063 67070 6136 
47678 4596 56537 32343 49068 76838 15111 19958 86640 26256 50416 52876 83560 52416 15482 70762 38533 35608 46654 50909 
63164 83147 63775 62434 111 6488 77527 56788 17335 5945 51289 60479 43457 24232 36143 34984 2684 95947 61551 50159 
80301 62149 66151 68425 24029 17234 61563 55895 41307 93793 2218 97089 49167 82788 23307 69008 33029 84263 37081 4601 
26840 52830 92057 97443 3711 55124 73856 48890 83128 49045 49303 16860 9943 79675 882 44207 74132 3705 82149 5682 
4825 43495 41023 54207 36224 46114 48309 3333 97615 2845 54131 47101 35739 43672 5128 89440 99296 76336 52981 9422 
94881 41604 10003 56318 58457 45839 51905 72881 2314 81873 48843 4352 75660 97500 18485 1743 65893 87528 39021 3688 
8068 58030 54530 61017 78144 15969 1633 8616 47105 84929 58873 85686 47832 23246 36359 14976 22138 32127 98634 29398 
67289 52920 87916 1315 25734 10263 98377 40198 66338 58512 3790 40290 64256 34792 270 51268 71982 5046 55072 67319 
16818 61412 41537 21354 77795 31404 39390 30186 40158 73892 11698 58241 39420 21567 81470 34330 37233 17692 1446 84987 
68390 74566 98717 53133 19530 52165 73266 908 53070 51322 97897 21516 68695 22269 630 25279 46307 58642 77388 17508 
10688 25235 10473 18849 13963 97951 23320 18997 8455 62144 93285 2609 44698 39607 18043 72840 57720 23074 10920 58292 
23108 26960 65324 54787 56130 4117 64400 61647 45165 69526 55508 57872 81736 75693 40558 60773 44189 95288 28061 22180 
14316 76774 42520 9312 3063 17645 96383 6902 99487 87595 13734 84286 40060 53425 9178 71338 7966 7978 42313 65561 
55901 5949 72750 80463 50359 38058 53623 73108 28529 10958 10937 10013 87802 87293 18277 12020 27222 12789 96901 87203 
20440 72030 34278 9743 57658 24929 42859 58723 97286 61714 58149 55583 73552 90697 1730 18508 25727 22357 53280 98869 
90654 52065 53510 55489 4751 67840 22755 76550 33978 83055 65256 69443 12121 50990 84267 1722 45131 47143 94180 86561 
57364 18213 92003 12121 85367 19463 15851 98617 76215 43143 29836 72341 5311 17435 4912 85419 54393 41231 98264 35480 
53440 40758 15576 31683 76470 70503 74326 83007 20840 57449 5413 94066 5839 36540 70139 87998 16421 78073 51873 54313 
75550 15545 79788 75289 74056 91521 6727 8708 72764 19844 45040 71999 74301 32802 20018 84350 3592 33681 9674 3850 
50042 22625 35993 70108 67349 71872 34193 36167 54528 7708 52478 94870 46486 17248 95481 37872 51949 27328 2137 48788 
51003 4350 59 48630 28314 23640 22105 46747 69550 1348 18498 7463 70044 55904 15020 19478 28726 97082 23007 31786 
1593 35790 35994 27910 6135 30964 90825 82774 8067 68203 9149 70849 44379 36571 29217 44538 34592 68988 48433 32431 
66127 68702 36254 61192 33399 35806 99054 56900 30490 22262 71635 60141 82554 90068 81319 96859 6211 39354 75436 19258 
88294 34315 35041 97125 42695 94089 15727 51196 85702 16576 71105 98469 28891 13870 71335 16658 59798 95661 12298 16808 
4381 97184 44720 77170 67276 16193 15651 34341 72315 86970 35262 86074 49726 21020 73570 68296 54906 92893 61896 17062 
34033 97639 95493 22269 81144 14266 53644 388 35563 12276 19035 36964 68918 46914 92274 33245 12195 91994 6565 95219 
94677 8121 53390 36046 59555 40196 27327 9039 17300 91349 76236 21060 39084 96753 82645 12730 65287 10489 88879 68607 
94885 81407 43245 22620 38399 90377 61549 18245 52773 58688 2968 78612 64015 32631 59054 45163 27733 57362 75031 10110 
40227 42647 60487 48980 68933 63723 37449 73295 90092 97565 82222 19469 24316 27565 42196 71041 98189 81198 93494 23800 
77834 94903 20835 29556 18405 22297 30311 9421 41935 98733 66556 28059 2738 8115 6316 85194 86980 36417 93623 53244 
78852 77234 43420 93831 11174 87164 27230 922 96047 55836 37475 75518 92569 23710 91321 43132 67460 71769 586 68795 
74136 40577 73789 28445 39707 70337 29750 29045 17215 59559 86183 48299 6485 2356 50391 6473 77383 79922 68092 6948 
34965 28356 42322 90642 25591 24647 13195 99529 97942 2301 56694 94606 38173 95469 55742 81890 9441 58433 42253 31770 
46073 38827 74676 75966 99699 66277 40295 57625 84173 86189 63567 92300 71183 30310 60424 62227 24642 51796 81144 72007 
43208 19927 51593 4020 45889 91704 68603 44070 56402 94880 19092 79815 62363 66566 91706 16286 80006 59949 13067 34494 
30486 28644 60452 88453 78486 72906 55097 3952 9853 8147 45347 95380 98883 4327 22113 21858 25130 98317 65723 21153 
78762 32761 69136 36529 87710 80179 12645 11241 2419 41422 48920 3963 65286 8594 79282 55558 85510 54298 47969 54056 
39981 1682 30835 93904 15822 24292 34894 9960 49790 83690 64259 24396 28886 87599 23676 19385 18118 43449 66748 18691 
77441 3091 73532 24874 77474 8821 83151 91847 24983 24367 15720 85571 47082 68604 4218 4898 98887 59542 59009 8660 
93897 68461 17848 83226 32142 48740 69734 57294 91247 38810 7264 62795 50885 18688 39812 35373 10589 40165 69392 12732 
88583 97243 80748 8285 86771 29594 11043 88743 96476 11307 96395 16238 84263 12027 66814 44872 22536 20546 97159 23898 
32214 39484 33830 25487 91358 88042 57352 11160 11639 14220 66517 14606 31549 96964 72934 1353 43425 99736 47063 72426 
85003 5788 22873 31795 4127 4204 56560 86403 88430 70105 17180 88795 46848 57358 73848 96609 22084 69837 35845 98793 
10355 62370 51411 57024 99013 96965 12289 78064 37514 82776 51438 3821 17183 51158 38267 879 81899 6587 33514 37655 
32455 66892 83883 55582 93466 73345 29630 5531 829 93025 40973 57729 59544 5288 50046 43055 34677 22270 14006 92128 
52649 5561 9487 88206 40899 22662 40608 59757 79570 96440 74036 13957 68484 39850 19724 90893 15572 89564 71064 95347 
17221 40130 39918 50454 59776 93130 58448 4552 13826 91598 46999 51782 86486 85523 26082 75939 95370 1262 68987 20267 
44504 60300 74781 11054 5838 91192 38353 45473 28756 28781 83145 54200 62492 47039 56727 43966 64293 85307 55446 61235 
96522 24783 44405 86275 61800 30068 57282 54133 13107 5163 10937 91134 69149 65755 2994 12435 32712 27615 4058 50148 
65873 80034 45574 53976 30118 36861 82086 8039 22182 22704 65240 84689 91629 52282 5420 84953 23586 39451 42168 67740 
26142 61399 40644 53348 5861 58593 83910 4943 27289 69994 26348 28196 41223 53669 78093 81341 26704 59405 90337 24844 
50444 4261 84789 36184 54529 76520 81695 99596 18054 55039 1193 66362 15853 81171 32536 20707 49231 24643 58944 33755 
65451 58722 18118 60857 86503 20405 69168 27446 27235 89068 40479 70997 30860 58593 36680 9410 30871 59663 8960 32840 
62885 89310 96901 7443 64463 50902 43546 65284 97856 1334 45789 27806 45317 37552 13303 66645 13983 97638 10868 94339 
73179 90519 17008 97492 14021 76949 86813 33545 36611 3678 12380 27673 69806 9507 90715 74319 66221 16178 97706 57623 
26661 94391 77549 2417 81419 30474 96805 9452 81059 19749 87520 46536 71494 67144 81702 82055 32054 81633 22771 8202 
84103 29850 27541 2565 61042 67816 70371 7587 24168 81394 88098 93609 30847 90318 11171 56718 29175 37514 83032 6976 
79398 42207 84027 6289 58221 15106 92203 30691 31995 55765 50945 33929 41859 23630 70820 41611 24603 23012 86895 70048 
9199 24026 16375 98230 23424 38815 87972 61739 68146 20972 31079 84021 25459 80957 50586 69657 36007 87128 1974 76005 
31341 84161 51716 15019 42979 46347 30626 41167 63453 68205 51350 46701 91223 27237 17011 42973 90891 30983 36482 92004 
37315 51020 70675 34381 40409 96470 22279 74505 67972 72756 32288 49049 94247 79895 15563 41785 283 82667 51486 98009 
34810 93099 62871 53961 32625 78387 27387 50986 99899 9622 5671 61273 45245 25638 16083 78919 66611 77882 57237 43263 
18546 61396 71651 85784 92070 19374 15514 47753 59249 81880 55093 5309 5071 20158 50379 46104 91654 94147 93921 29343 
78146 75335 13517 39604 29653 28181 88160 83512 35685 6997 94461 39764 61518 83 36401 7061 57611 30492 30927 46327 
19830 72767 92018 90125 10968 94012 80808 55276 36801 41093 26625 51257 43646 86886 63788 9784 54021 45806 26974 59721 
37933 49336 65434 73882 99835 34035 96584 98002 64131 97541 10240 39758 96071 96633 38654 83050 98503 79957 5348 69182 
73719 80284 22334 78874 21704 95194 78168 58996 31904 98569 12588 63161 16378 60266 25392 71561 90435 63661 36013 17850 
60242 97481 36355 23669 17649 51745 19177 15901 89857 88757 36995 77543 42694 69497 38954 19918 85923 58106 72245 55936 
72176 69816 60304 61103 75634 45142 30123 92646 78239 24803 55901 52276 26962 26005 52722 99106 34000 80294 91855 67669 
55046 50972 1324 42752 93445 16395 89690 54500 11263 29237 46857 90130 3277 95948 67126 86918 91055 10173 24591 14100 
62117 71958 10046 69186 55432 41474 5545 42317 22540 42408 87333 84566 27635 79753 83357 14955 16989 62413 99172 82281 
24173 49332 82836 34519 7541 43993 40939 23311 78797 64695 33626 9717 45667 46889 7941 3507 84616 76921 87119 71192 
75127 94858 406 61833 55184 56219 45044 11774 79192 6691 79554 99375 94347 25165 18528 81122 56245 99860 80913 77622 
22678 14160 26604 97839 41712 39361 27708 58963 32713 29483 3539 7252 23829 94653 31160 64430 12463 41113 27973 77660 
38335 22907 68514 46912 93972 24447 65926 40398 70838 20049 94528 42865 56745 58455 92451 96427 53349 30655 32158 38816 
53333 82694 83996 56036 7112 45145 55234 82512 60268 62971 40170 67453 99584 75718 49387 67592 63408 69137 31299 59766 
6631 67093 36259 91277 42446 40507 53421 94840 43930 18335 8169 31436 82770 90102 63126 23477 56209 15718 46076 98844 
2216 76031 63336 14801 53480 10974 60177 55649 95645 9545 93150 70620 76142 84105 61159 91424 31088 73242 16160 97746 
70122 61619 68746 97865 39005 96978 29291 50675 14063 17475 34584 20569 3231 99879 82013 84345 80894 78154 33388 25668 
97621 7712 30749 67966 10985 28698 97468 17383 77860 22065 48066 47917 93019 56698 70136 54656 49626 93784 24193 33355 
41871 52498 98988 58127 41231 77539 60135 46579 23303 88728 35599 42205 99908 74612 9991 78134 6902 97346 36746 11055 
68084 60468 61354 69856 90171 21797 15983 31749 80178 59026 41003 35370 44699 81279 40818 3735 20494 63980 26040 63453 
46497 87636 40474 14350 29761 84033 8968 75192 36895 41681 78247 44803 21998 59425 16789 43600 7835 23046 84793 1270 
77945 74319 3404 73416 57746 77221 77638 48780 93893 33076 40071 4896 85690 66333 25856 40221 67755 99854 11731 44990 
34023 80487 79944 26358 9159 87739 32498 85886 73704 47914 49646 67886 56603 61427 27065 60570 43439 96679 37951 60320 
84626 79769 62382 29995 41003 53731 15177 16401 70393 66501 55239 22272 17963 27966 88143 93179 30501 92254 72017 99322 
92907 70769 80807 94873 82827 31953 2453 18436 19584 38685 81134 47805 41161 65026 25079 47806 8296 51323 32072 59481 
25005 39770 57986 4973 26439 88125 22443 8647 96540 18604 91337 80217 37087 76869 91867 51300 38981 83371 33123 12897 
25318 95882 8665 88920 29514 64257 42386 18451 84698 19241 12789 41238 57138 67351 37033 25499 17380 8489 93209 99018 
73231 47031 27357 53987 5897 43254 41834 84063 28201 21160 71002 31507 93766 41200 13863 18665 20900 15061 65579 93426 
82521 41717 91377 38534 86316 71883 44531 23537 13767 59501 6979 43510 37460 55254 67073 9651 46341 24160 21196 155 
28600 38165 44973 22330 62504 97506 47280 80190 16728 90167 46380 87936 20505 83913 69613 21192 31688 86330 95268 64983 
16604 11072 82662 40370 86695 50338 98601 48429 90622 71598 42615 57709 79007 95713 59503 14850 88116 78203 44934 1033 
6792 56211 85563 65470 58657 79458 84062 51991 1263 13621 48922 51530 14491 86116 4361 77384 96102 60217 18605 17945 
54451 60449 12993 56400 62512 51072 16123 59276 76814 97319 47856 66323 2636 9036 3490 3118 86049 41959 71361 65062 
98428 38615 32038 84631 7405 84292 22810 78352 43312 34644 5465 11845 64729 59598 77565 87925 59372 57118 61921 53146 
19154 28816 71000 20007 52800 56986 4114 58246 30508 98966 92797 18584 71607 42582 6444 60560 67521 34018 6918 40545 
53677 5797 64927 28058 12473 83236 67092 34549 35560 89207 14797 21537 35596 8428 28250 36077 60206 69853 28317 91559 
78205 74248 16675 74588 56872 67409 61305 33324 62936 1232 41314 12904 75360 82676 14547 46382 45980 50371 79262 14237 
25012 90335 26598 46750 33997 22550 55486 82608 54471 48875 22447 64584 42075 27752 40868 15205 1504 20150 89439 92592 
42776 53371 52267 428 42311 53824 16273 48637 37934 75819 65799 38639 36650 56991 47365 51600 10539 37029 62783 91006 
41997 11065 85322 69183 94084 32998 92263 2138 53559 13813 89893 36420 36519 90961 76991 20189 86198 88643 61292 20307 
95365 42435 88994 4179 14668 81123 92236 34793 73472 56076 87286 55905 137 48520 3468 82787 3254 87802 82488 67351 
10645 40238 76508 85964 14697 7481 99151 40049 87527 9206 49091 48666 81369 83100 21775 20360 64034 19309 82519 30339 
66814 91500 75216 5047 95215 61613 43103 66533 77983 24620 78366 25230 45570 11814 26218 92367 50328 59884 92546 50308 
91818 9347 86199 72821 1422 63067 81982 95501 15768 96322 40713 35140 60331 75539 37593 45902 49834 42823 89906 40431 
76301 40746 99075 29465 77726 48777 73793 58681 79567 75632 79682 93712 11041 44258 3482 8513 14936 66414 42778 37960 
30489 17178 32747 98439 79929 10976 37707 98358 4486 85760 45528 23164 31271 52457 95428 97469 96988 13592 78900 86154 
76559 19098 95906 82299 65770 18664 63536 73525 27490 53294 20325 12188 9122 94468 66771 49883 93443 62243 11856 66318 
31058 42201 25821 5445 98270 9464 18037 33435 22497 99192 80060 65520 62723 37536 8877 56521 77374 83337 16221 50011 
54395 34767 59326 58950 85352 70689 36559 32487 93789 35109 48802 79296 27141 69124 72748 31492 63472 6359 89340 54161 
49158 4725 58744 57457 57201 36833 32730 6859 36146 65394 92979 23103 78412 21039 33656 86468 92634 64114 86261 9428 
31882 83880 26836 88993 48777 48087 46271 92305 49877 3044 29278 51322 4674 38203 1231 47622 75220 23351 67994 75531 
43821 33903 87118 18597 16629 68581 58347 74437 37296 1412 6257 48789 17332 23277 23039 35868 53581 18953 67763 75763 
98024 96083 47024 94342 45619 33624 21918 45176 2824 94272 1001 34175 10282 72310 59407 92580 5836 8498 65344 46343 
81422 87270 99088 60386 44561 49121 4508 5928 50102 61624 16421 79844 95543 45117 48537 58851 12724 19337 33079 36775 
68222 50960 18185 28159 35540 2254 29631 6648 48368 44194 17586 70745 20936 17734 54730 21419 13668 68918 26980 46622 
62789 92105 28524 82640 40967 63689 37113 55298 49548 60440 3031 46221 56903 23008 39414 21198 5447 35964 44766 68558 
14268 65510 59891 79553 49147 73594 4207 16386 11917 14287 69344 97308 89725 44418 63163 97240 45510 92080 75855 45323 
31683 19820 33806 46966 45097 7060 17536 82252 64440 80017 57458 93670 1315 50861 45995 63968 64174 17045 12134 92771 
16938 63305 24250 16654 38132 77709 54719 2121 31271 83246 45748 87857 72813 90624 65042 69411 39178 27162 70435 61871 
77669 32475 5472 61395 89194 7580 15874 90026 86177 6223 55821 77067 95766 82505 35471 38095 39164 71806 47924 99868 
29591 43823 79134 94713 865 85178 86516 9745 71242 31636 52333 94723 75790 42263 77102 87234 5436 11128 11398 13540 
96748 39984 83778 36172 14717 27485 42659 19599 78300 7549 19652 67487 2784 4316 48351 51126 37984 6224 87769 11858 
89760 27575 8914 32013 96990 37552 77536 5875 45089 9467 66607 30744 96343 4448 85112 72145 58599 41455 72867 72799 
45460 62521 29377 35060 87763 17390 32383 13181 74937 15036 78536 34691 68573 89689 85178 83 57752 27273 56851 18607 
75176 39787 74147 25709 62155 41544 11368 59706 58130 58451 1632 51236 8984 42852 85943 66860 27818 9700 87374 5394 
38479 68368 73240 6136 94880 28496 25363 86287 58684 74238 74176 13951 46806 21256 26335 29121 72716 65405 87532 60181 
78003 31457 49957 77506 84984 25213 78203 11230 88473 50959 57322 43882 12711 63158 94975 51519 5128 24621 30829 29312 
94735 27912 88261 3911 27305 8817 21516 11668 32937 89883 72852 62077 50992 40856 59110 53876 22290 29229 21976 85546 
61489 883 39943 62304 18176 90504 67899 30358 48605 17210 83043 71998 24820 39669 46388 30847 15626 76938 53292 88773 
28060 6535 37797 95492 97041 76468 6544 90073 15396 57036 22185 59499 63806 59899 79237 36423 44961 43465 4781 1628 
47609 88020 59747 80770 97150 78127 86222 57346 91277 23949 94625 97767 15863 30684 63874 67518 77535 37753 59202 1053 
22116 28037 48685 84337 2913 24688 51045 11444 40913 12412 9907 70338 85329 99634 7977 5833 31346 73046 11643 70194 
30427 44182 75680 45978 74740 89678 97391 41902 94107 83251 78801 43690 47064 45598 67724 20425 58877 34012 37495 92756 
32132 72026 23221 73475 30754 86292 80677 43197 72360 88892 5872 72575 85111 34165 43056 49953 36124 41409 28708 1880 
49594 84705 83212 15174 43340 2404 73609 72935 21941 16768 32253 74661 22922 77577 20266 87719 99530 55381 21917 21369 
22908 86515 45537 87747 40473 15310 12766 26893 37562 32429 47169 84224 91356 30426 51979 63379 90890 49942 62531 74550 
22429 49021 34660 19037 63238 55470 15538 855 54456 52407 75279 73374 61188 76661 49409 77910 32491 28490 93724 17672 
73609 2393 97159 82976 3249 84648 93163 96774 41774 28374 82241 43692 13610 70218 88174 63730 84719 89587 94681 2349 
93254 44884 54309 63417 39728 64222 55061 85425 59847 9889 80647 86400 64770 49849 12469 58 66506 58289 54316 68460 
9508 9237 99537 84554 25139 21860 67234 26949 69005 39719 66172 29365 22046 74927 11796 39330 39946 19529 65391 37908 
42782 36138 87889 51576 2529 95662 35697 52095 98827 84401 89566 21940 82259 63323 92306 13942 42487 47976 73227 92715 
41588 7113 50120 40199 43060 17280 81994 15304 10455 2556 1335 29596 24805 99404 44430 58579 34150 72564 67244 37573 
5841 29380 40832 13617 34030 65712 35022 94721 94783 39769 92366 92302 27516 78181 89161 83602 17187 27791 86434 15618 
12375 41124 97501 63987 72685 19171 5457 40682 61394 69292 88496 46745 2546 606 7763 5281 70573 26013 97932 55621 
55165 20346 60037 66729 8291 44883 47768 71162 27278 75578 72267 89099 7963 99846 28317 10557 43640 16585 57698 26645 
32935 19552 63293 45351 47098 35914 69628 35941 59807 17912 61434 68967 89978 71014 14035 25259 35392 694 4094 2530 
211 89993 54622 19781 69728 49156 28422 9290 64304 65913 70916 23339 58941 91659 86615 25430 4140 27331 85052 1470 
37401 58279 95452 28240 17870 21977 2955 60588 36730 13217 21972 1540 48388 53454 78010 46147 84161 41165 67920 29723 
12086 8567 5339 17992 32826 98647 3310 67774 25726 53611 16766 113 56432 50373 56609 94427 42084 14204 21293 70908 
41912 61512 26305 62122 78268 33415 92620 90019 62482 23434 97512 75175 10932 90344 35673 68955 50840 60366 57945 9296 
91752 82232 12457 61468 25675 49640 96486 66553 46564 58286 13196 65626 24783 60957 58633 56415 93978 35861 76619 18387 
45998 94777 10681 3679 91654 42083 25403 29555 14461 59096 28169 57263 171 69339 32356 90015 81112 17964 1152 74922 
35687 40105 65082 51002 26940 28463 73902 41808 19269 11418 59866 39258 67166 12471 37931 72368 64032 43118 12463 33525 
65853 49750 40521 62353 76291 4793 32943 67776 5629 78769 82222 6793 64769 53088 77785 12909 22882 59575 79583 65391 
63247 80384 44923 8671 45715 65848 82409 6803 69601 1181 96496 16118 46564 60983 56263 49447 67047 14733 37824 36309 
46717 68827 20921 30416 16801 34203 54523 6482 93087 10709 53831 80816 80087 88628 40363 53048 26987 90407 76720 72030 
81407 55534 64434 7670 24491 2202 26168 91159 83947 36200 62105 46088 68883 82673 25848 67598 64754 77855 17091 75486 
63069 52837 54676 397 96885 17629 91371 45767 39245 10497 43315 92924 70969 96562 15071 73725 6285 85830 91009 19966 
90546 575 13081 50002 66238 59799 59840 97227 82705 31785 27006 8143 61240 68135 48699 35271 24623 63223 87421 23405 
74087 95566 76051 11476 51792 81631 73251 5856 71911 31112 53593 42652 38590 86485 41805 66846 98930 4896 64439 72120 
7321 79125 21389 9209 69698 96346 52470 6004 48135 68461 26815 40121 94066 34088 84891 71641 84852 94370 89569 7760 
13787 96667 29108 42035 3 57153 24889 45894 615 61745 4773 80298 69920 5073 51208 43712 55994 70187 58263 92581 
23531 76506 71778 15617 52562 21083 29175 76323 87596 11073 94481 56384 3310 29791 83114 21445 9714 18531 18918 41895 
9783 57971 1169 19593 16688 11889 77294 99553 46537 13945 59051 68307 81586 61986 25187 94295 40860 49830 73603 85418 
69695 34888 73134 71804 83673 82336 10001 47369 77359 24067 20761 42448 47765 92596 89432 589 75141 67213 90446 8297 
45744 71566 19948 21791 76417 41929 81783 97974 33987 81939 57115 85993 18401 4512 32437 48663 3567 8118 47804 21349 
88101 11092 65266 92339 9729 40525 73078 3328 97876 14176 24543 84826 80737 6177 86763 671 99674 8227 52314 65468 
77248 81202 587 27859 37610 89804 64497 82882 90651 86470 57824 90494 83189 72995 50590 5456 72797 29408 50329 27138 
87777 90495 23304 87343 83544 56072 16647 81238 42643 47925 26944 61379 71516 1447 97862 58252 25661 13203 40131 65148 
76765