62745 4114 49595 47482 53975 89937 46739 96047 58867 56199 96459 44085 85012 44687 39854 91052 44742 76434 10150 51714 
89194 62853 82430 88170 96276 8749 18478 81832 5278 47021 79038 23001 77313 66542 74765 402 88210 12726 39718 66616 
87028 22272 18576 91200 40779 4025 39622 2936 99262 9698 27344 54031 83537 58557 67039 31064 6120 50947 47756 86347 
86134 67043 64744 21013 5550 48808 24895 44808 13647 31546 24424 97923 45825 65490 28474 64410 63106 84232 42589 64335 
6793 57336 64801 55516 44003 76079 26203 6185 46195 93331 72523 50480 58673 95977 72540 62511 46641 18761 30940 82414 
46519 99730 63359 29581 57265 36453 38440 70279 57265 24364 58705 23542 20080 18563 56062 36100 96500 92256 92295 56628 
34605 90847 89257 85919 74000 71235 75791 49612 93382 70266 89447 99348 19515 49974 47493 93554 73262 21879 16973 33038 
3934 67417 80378 953 91947 24773 78778 48646 97075 75290 4121 17970 28905 28911 6530 55359 90033 50926 19293 41938 
47039 26496 27208 40846 32864 16235 90041 47636 54469 95400 4571 60377 34631 10020 12262 90403 44828 34411 89564 40555 
5615 68607 69156 7616 13081 37608 26418 66372 85179 32541 94238 48891 83694 32204 67565 9917 49715 52751 26631 53432 
2297 68377 84170 33368 69222 49862 14806 83419 22159 31070 12575 64877 55906 21274 11616 64608 647 57984 65212 63210 
56593 50993 68107 37780 49278 28240 42939 74994 69523 8635 69518 48595 86086 1826 83394 22056 3563 29285 11322 74865 
55693 4594 37237 25511 80110 93471 64037 11425 36263 59326 41508 98935 36697 46644 65389 64103 54806 50280 19880 74575 
16176 21335 43836 93134 20853 77926 96247 84734 5293 49642 57507 94105 14677 89329 12740 41486 16133 57212 96000 28426 
13479 97671 30567 32455 21243 12668 57149 93324 92034 58485 59479 95647 6730 57406 67023 66934 26718 10887 23130 33325 
51494 44010 12313 93216 62721 69278 59955 56185 34202 85615 21561 98973 66649 36161 18642 81541 26513 74586 50112 15238 
33223 7465 38986 86936 21402 20846 18550 95260 41510 76979 65514 4201 20597 23264 36056 17663 42585 91717 44888 14358 
8489 23926 84299 29368 78969 30983 64019 8992 22840 73480 19815 55058 89160 6739 8794 67653 16355 57440 6733 36337 
39402 86522 81994 46387 15283 15737 22475 4044 68671 12498 56080 48857 29682 62576 31903 79923 89035 95242 71510 18709 
56827 19205 70230 63602 2587 97141 24113 655 78172 40139 50201 21268 37945 10255 80285 42176 90940 93711 25421 68545 
50040 20246 67903 19065 40881 40692 17085 43863 37869 61016 84518 84919 76854 98597 64412 25939 37712 93390 22867 7174 
40248 39587 91653 96469 51559 85505 48879 18178 50317 55657 43857 8976 45488 57022 86049 88630 27911 40758 90651 23897 
54911 73279 52736 88687 85102 64521 3357 38280 40350 80424 80903 35097 21748 97418 91071 88852 57782 92793 289 50938 
81574 33159 71903 75811 46524 44840 73700 65744 79045 75928 69572 83586 6203 30679 93066 14544 65906 79939 238 81576 
7613 24591 48635 82297 25871 98172 26861 65295 58662 69226 51334 25165 27315 2264 12423 91989 19376 43874 27292 66651 
12613 65852 97240 93747 57198 82551 88344 3102 67592 31947 8062 33796 30855 25133 64995 33068 98503 84432 84715 39196 
54906 57096 93290 26980 7871 84292 66531 55222 64029 40854 30339 46918 41441 96912 78700 83243 62547 86246 44079 4205 
71500 11687 99662 68055 18591 10085 41958 65713 32697 16654 21788 17388 55620 5351 45158 24974 35135 37614 73141 13404 
91843 20462 19035 53311 10797 68363 32420 55234 67898 55918 91245 94339 3629 39894 28065 65057 46579 42904 50716 46270 
84858 65352 67303 48065 84704 87580 37237 97159 75011 11920 37927 98177 58049 18227 15040 56940 13615 85043 33147 96940 
76505 39035 25351 83707 19993 82655 90509 11399 85278 24822 27123 4254 36742 37107 20200 22547 98495 51125 77812 37481 
57353 9549 61034 31600 53244 15976 70044 42199 81845 87302 52566 30524 92617 54756 53747 41481 34586 1943 45869 36538 
30119 59233 5750 86297 93516 16840 50604 48490 2679 96199 36665 67773 10178 31037 94612 39671 71508 70093 26215 17424 
12006 3160 20638 44009 89257 97875 937 54186 83242 20712 521 84305 87410 47006 21898 89175 41101 46530 82258 93014 
77839 34811 22583 91455 6153 92519 96498 65914 13177 33639 74947 67868 9954 21582 9089 76787 4086 20712 40828 67043 
57065 20144 69351 77005 68699 8637 42226 81611 99149 44528 5721 83804 4262 90580 31588 41797 6389 76049 62428 2672 
91187 84321 47570 79079 15905 17551 22083 9512 73123 51009 43939 88029 69134 67552 32150 97980 59487 86016 52470 83732 
38524 36978 21241 42309 98013 56604 86562 71942 43485 89588 59610 73791 93812 21976 15240 67398 24324 95658 36017 32941 
27770 66033 65031 80524 66435 62967 54310 66744 7248 8838 71164 8324 89188 16352 88028 50557 5812 5094 71940 50351 
23595 73393 95770 21513 42728 71906 80356 78226 24530 72004 79100 72453 81014 64854 61783 34775 39848 40717 24617 35194 
43371 2839 85235 11075 53035 98617 54519 12239 73360 65940 86758 73653 46028 51298 54354 82598 53542 46853 31053 80557 
95719 4187 65276 67171 3868 56402 86483 79256 38937 14037 8662 759 91811 477 22473 51295 7123 47944 78952 33941 
2039 86594 54944 11893 14898 17515 5648 30826 67295 60910 11597 80588 9210 40903 43587 50850 37088 23954 49221 3434 
22605 1630 46311 75817 19901 6915 35002 75092 71427 48757 9190 51947 98177 55672 40471 92914 57443 81813 27507 97857 
62708 56000 66708 53319 1216 73544 45351 54761 82264 5401 54089 1322 17170 45961 73038 11880 65026 65863 6148 57743 
72204 18355 90692 54833 40267 97007 19773 46084 7441 61086 31581 95686 72003 4625 53086 58025 63709 20894 14166 47557 
92949 22998 93397 72515 45528 37842 14898 71812 92573 45476 17003 44163 40310 93833 17621 86865 36136 81334 72495 23000 
46595 77991 36981 79631 44856 46924 35748 33890 78828 24082 85053 8001 53447 91048 77076 44008 88071 35358 66923 65043 
51487 86304 76826 89001 5133 10886 52565 74131 35895 65377 53840 64056 48843 97720 35959 80319 24183 95739 91997 90374 
11846 28539 68145 50769 11546 75691 33579 3425 41660 48659 20805 93003 63720 93646 72698 51789 90871 40823 27207 80172 
23963 13356 36574 4144 80024 42269 28759 19664 72679 11215 73242 93839 34190 24913 5869 20326 34114 43507 45969 9973 
48177 70388 89485 22344 35615 91940 61281 56511 3202 84243 46814 35669 64276 59372 80706 75547 67869 21110 31364 98465 
97696 43407 85320 94997 15875 12205 26426 37887 54475 28 21665 70724 80695 9797 16244 81846 38417 74878 77221 97960 
31786 12051 40479 46306 64991 63079 53695 12123 22120 88048 36324 84076 26885 95715 18416 55211 88452 25084 92476 92091 
56131 41420 97394 56798 88353 21213 21143 8857 40280 77114 94515 80327 45762 9235 26039 12514 69433 57544 10940 61561 
65425 1006 8644 51004 71312 67201 79390 48847 88223 16020 70488 44937 72611 96079 64308 82263 39295 63131 42824 19415 
91310 57789 85407 69992 15944 79442 82920 78718 90873 39088 78106 1527 14338 86263 37377 99846 61055 29218 87179 80570 
18664 52914 73560 43619 10177 19833 30926 63372 3612 51659 79830 43989 73586 92166 27025 67059 40889 68414 80092 5309 
38331 615 34165 99105 81979 387 81833 42615 33078 80922 59747 24760 20084 98498 60107 36739 37970 13656 90154 13561 
77391 52866 78615 97781 66388 83337 32497 64125 2269 45617 9357 83611 34921 93450 28876 25433 57762 64029 24793 77292 
29414 39077 23665 69023 34137 40441 43854 7289 63188 97606 40196 21392 19804 99025 94086 27506 14232 52060 54161 64246 
48460 26461 98075 22266 27204 8309 3602 89287 81809 42096 33830 53104 34129 31111 66545 6769 48607 16716 46212 34369 
62830 96401 20448 10342 66540 19427 85983 92736 99246 79261 86906 97000 80484 9240 54182 27913 24912 9135 73514 61070 
47750 68830 53980 51992 44955 22465 76890 66487 99230 16014 62576 74278 46563 78611 49954 46323 23653 3350 87792 64157 
75905 37530 81435 55915 44424 23093 90665 95124 18213 61717 21385 91404 38029 84058 43719 85148 48488 74133 10708 95317 
92220 62552 44044 67723 3106 45321 7801 53999 32532 42370 11481 42914 85772 18344 68528 9652 23587 4164 6656 39312 
14466 77338 17574 84923 11944 87377 34057 78781 27437 94071 34682 14529 67746 11135 68714 17725 18178 85876 16091 51280 
44873 80489 60010 80784 37207 94360 58004 10207 26271 9751 21033 76742 39040 89047 65062 17341 12718 68303 14836 53229 
84925 45757 71736 53655 86725 15764 14916 69278 70739 69620 37879 70864 28315 54477 91725 26642 24633 53081 46079 23559 
46315 82377 78732 23146 55630 53816 43717 67310 2952 65224 95441 64325 3447 12793 58389 94339 58551 70657 61860 57097 
30367 56040 4660 24297 6436 82461 27759 57686 12787 41261 62207 32987 84047 65331 96079 77283 12803 3422 30943 58921 
83894 62488 68389 38120 40013 7167 82771 81976 13896 49152 70469 33395 16843 3056 34465 28760 45507 50981 97846 88243 
38780 67193 48662 13538 88705 46406 76233 58310 99177 5120 70221 16405 78310 81072 71661 5684 98980 98352 69629 82302 
48012 66361 10760 74604 49986 4590 25590 98083 10810 15091 34332 38995 63054 27207 28299 57421 23427 61354 66256 55061 
60042 8853 67353 78170 8034 29138 53921 6910 51949 45628 21660 57062 6482 12718 23338 30302 26496 39772 32681 26061 
56242 86052 96805 81180 27282 27901 69841 5757 78681 39014 8631 18270 36098 44717 58954 52592 75561 24424 62822 43105 
46229 40373 94347 60276 28003 76077 27409 13262 81827 2711 91493 44887 34790 29451 87940 95116 47689 5605 38732 42149 
5641 46607 47903 97296 52764 79986 84281 52280 78140 36084 87499 49875 11649 27226 78427 50987 7885 69914 98150 20833 
70798 30441 1655 59764 55766 26581 75630 63274 4442 44191 48128 33022 87146 95818 91317 73717 28990 75090 53672 24011 
61132 25322 48508 54017 93778 8257 29350 4867 40307 52689 6677 35271 81939 60118 44634 77354 35960 8409 38942 77672 
28632 25334 6323 91959 52944 19055 40674 52911 87953 50463 82494 57137 3864 81135 41948 42457 23311 52980 88276 1861 
8256 88544 99799 63665 94916 73525 11005 18667 35370 41937 98600 8770 20548 77124 26488 77347 8176 63455 75584 71622 
35942 41468 21688 85044 85190 920 31024 61262 33613 40055 3968 15305 27876 23476 82806 37677 74308 8655 73791 63603 
13824 13505 22622 75214 30330 9041 97625 24864 30495 55047 83566 57857 21396 99421 56456 81188 65447 33601 29616 64535 
81813 80490 81458 87952 24397 32445 69007 36797 76890 69470 98070 44717 31727 37524 38214 23770 32073 2229 77394 67206 
31718 72425 68518 66361 21698 42844 9780 94253 50739 2823 19826 33824 15437 10367 93770 33813 40758 14549 75775 95756 
97874 16216 20996 45688 98662 2589 32291 99244 35976 26574 35302 23865 9869 36657 52127 25956 96629 81800 16704 4848 
60142 79191 99346 31314 66967 267 47370 67351 15626 72613 43862 13707 71106 53917 3304 35532 79601 78238 23035 62418 
91334 50908 55584 40322 81830 61999 69720 43345 74810 54614 41285 10468 99565 83885 3236 63977 69561 50319 97214 80220 
91489 43456 14095 69325 27337 39250 67316 85770 57223 34742 79665 46662 16683 42192 39122 35119 68552 98506 69926 64868 
12454 10717 37327 67190 52028 79138 74665 92373 14189 99339 77674 72314 19119 34309 35597 40262 98193 34289 55125 58567 
19234 26154 2353 86909 47782 30863 16387 96344 82633 46317 22273 32535 14669 32851 16581 59647 36764 76625 39613 12580 
52293 33065 45245 41241 54278 12529 25746 39392 89089 29945 21983 15653 37017 5517 74711 3403 34455 67773 59414 26434 
84530 50970 25974 87161 42543 29725 95948 41218 98217 8353 6203 58431 26355 68663 50616 66532 99481 12318 94259 55434 
60018 16265 49863 36037 55798 46374 764 66066 68756 85117 26524 4207 51997 32557 80564 979 64093 43694 41268 26832 
23426 77644 62767 66006 35144 38323 84682 98357 40616 8229 56837 85987 26586 71129 12303 41016 65274 7301 79287 64930 
13314 81559 24791 3051 18179 82434 17282 46493 60998 77582 27947 69475 43226 34783 5751 18000 51207 24780 16102 57080 
63852 78713 91218 37133 68925 47105 5527 17124 57421 13626 11316 1645 85329 5699 62205 10247 36400 31603 67981 70461 
11793 36529 71211 13654 45736 46256 1600 88175 21737 44624 78455 10351 29551 39064 4500 28934 71715 1056 68663 95069 
99965 71293 93723 57474 13800 9828 44536 99838 24470 116 46065 77158 44339 91595 48840 19095 76280 75160 16282 81762 
62126 34836 48928 47561 4750 88759 42890 78355 9912 97558 97193 15724 48344 35725 59435 22792 30667 12882 75376 987 
87002 93818 75826 92429 53872 4462 58332 50513 11776 6506 54444 22049 92445 49283 11831 23578 36556 39054 53160 88085 
54729 79400 69862 87344 35508 23731 55031 89613 8227 14562 49575 25536 79415 90356 95992 50487 63380 89997 88273 99803 
56762 81098 39269 32913 17930 7145 91903 81141 97576 19766 59553 77573 87476 11922 93153 29827 75862 18212 75853 43427 
68282 62134 25508 44955 49947 39930 76448 85863 859 75116 26740 98648 16503 14724 28911 83623 52387 16076 58958 47766 
99238 25874 41123 55174 68877 32251 21391 88457 47048 18531 51960 18081 61919 8815 1605 37361 85534 52703 95699 96787 
29772 95514 81318 87885 40435 25939 49280 51326 85603 33821 51032 97820 12351 97217 89276 32504 43217 96705 45740 45572 
21082 67595 40311 36485 47982 65300 49974 35251 35689 90071 66714 40680 74642 91314 916 79920 56164 81756 47319 21461 
31500 91087 82339 73022 42076 97579 90110 58181 11426 97899 83155 23447 51597 38073 94731 16959 53033 24154 89502 29810 
29389 77818 77430 52389 70277 86650 9210 37441 98154 84105 14551 57159 69002 15039 45380 97685 15362 64698 73479 50715 
60738 63932 96400 39016 34784 73600 39501 11519 16527 31262 78228 62452 29518 74439 25718 89300 60064 8620 75099 72151 
37829 82472 4156 41778 52760 67988 70907 25417 41917 97483 75975 42534 17203 16393 89696 49806 86011 83884 85524 88043 
33578 5816 20839 51209 31623 63949 85113 53115 90917 38864 21729 59795 86644 75986 56147 93053 51812 19274 8996 42749 
14600 65463 57167 60988 857 75241 97590 86931 92739 97415 25756 6551 29012 42553 33270 26088 65015 71686 201 89825 
57295 80156 34734 34773 49247 71261 78240 23406 49852 59325 30151 4211 48140 66319 91929 28733 6358 6408 73799 30601 
96603 81556 19300 36771 31628 76022 35906 50578 97746 88090 74958 12409 44503 31286 84674 92790 60484 13597 48317 9703 
43853 49518 96208 99991 16830 43458 53842 30678 99757 5419 86766 72698 87006 44586 33037 48065 90605 89270 39093 76467 
30445 10237 69001 66527 77996 74347 70428 8295 99464 87412 34750 98312 79961 95501 40403 30698 81855 13860 12524 35515 
11161 85900 90841 46197 99522 53818 47555 38036 81257 60215 43790 11778 23607 29201 19404 81109 15015 59424 82021 59979 
11794 65687 35700 92626 17299 75039 28112 49922 66295 45097 22033 45992 10941 41923 15033 92976 50167 60007 42370 98287 
88152 52434 53221 95060 35476 13412 10863 37592 53114 28663 92652 8868 8897 1688 79339 38088 10358 24520 15882 16511 
60195 15648 98837 6380 54861 4392 76091 47163 77094 80894 85873 5368 42355 67985 43135 7120 4236 8281 36194 97101 
16210 21656 21455 22314 75478 72305 13463 78804 35379 53035 15480 74198 8525 37894 50432 84768 61440 17331 76552 56862 
91186 21031 15434 59755 36041 31164 56554 91756 83872 34442 24326 11038 60145 47147 76786 61446 91912 88016 56043 62946 
73144 17725 56240 19218 77905 26561 96141 90808 85216 59519 73191 72733 69293 80308 22245 76968 12961 88221 24526 62597 
19087 91371 50365 62695 17952 11718 29784 17120 51303 27518 75592 90201 95331 2353 63291 6143 22303 5503 27682 79157 
46573 39951 6105 23638 23771 98759 28915 40201 90207 70603 17002 5476 25215 5722 88796 81376 51143 50017 46737 9350 
67109 65932 81168 48426 47705 3238 74519 66056 24898 59938 94526 64041 70958 46907 98192 34801 87694 87461 42242 2489 
42339 14598 24946 42574 9795 12005 43540 25376 40702 76730 62590 29998 88923 14198 90898 43671 23407 58835 35590 751 
90213 24395 82945 43835 82035 95184 90907 95201 73763 22680 77006 26028 76378 44517 21270 81204 7387 67089 91164 70088 
97587 50985 51068 81130 19684 41180 47943 41129 33066 167 17610 54087 61102 70061 44186 88086 31203 18677 88258 67471 
89328 88268 92756 97993 98736 47474 36901 97425 9990 80970 6574 48432 37276 51625 46830 2715 54529 4346 17616 2073 
13703 42293 66767 67602 99511 38676 51567 45421 43226 82873 10112 22712 87276 70439 12495 5247 70388 52147 58721 52989 
8064 97464 55798 77728 49482 75770 66836 44691 69764 52290 67146 93902 99260 34445 63125 67203 92062 24540 60598 51718 
11691 80508 56349 42133 59551 71246 40873 1644 2686 85672 53520 76689 78482 26360 9061 87574 80598 86093 8095 33584 
22608 87138 37458 55711 16421 15993 84454 7163 43773 92200 19770 23952 83633 98450 91195 5776 93514 28339 42538 7255 
70987 45369 97723 761 7416 87694 15731 4180 49138 70501 79845 2627 76716 82700 13707 28744 4244 41946 57461 45189 
10086 80060 84374 24731 69630 16431 24928 99404 79165 91246 93053 73228 63685 62082 11386 86058 97991 47896 83063 3528 
14365 47929 3853 94700 98028 65121 49985 15396 45606 62977 49282 63932 41369 12736 97061 55560 32211 28324 18375 43656 
33142 50026 38651 8155 76028 43148 49291 91386 88521 51984 46775 47940 34837 26973 95231 28751 89879 49284 1040 51785 
25057 39761 32892 69642 65725 12797 41878 29042 83635 68296 9122 81820 540 25670 20300 29627 17609 90876 42374 55974 
90725 50246 61534 56259 47550 32367 87024 25584 1054 62044 13403 49328 22852 11846 84520 93814 32975 34733 5482 7647 
67196 86470 20080 742 27837 83302 63567 39458 21577 27620 36702 53072 41148 31819 21098 30490 10044 73441 103 59290 
83961 83397 45251 9439 94947 11703 63241 1948 88695 98309 98341 61847 42698 53817 57166 96861 83651 34072 86697 13250 
45792 58537 7127 78391 59065 28425 44444 64736 49626 7376 67696 5857 47487 12309 21331 72024 29602 33306 73873 48360 
79841 3708 45287 67861 20227 3069 59765 78002 37128 86837 74498 62312 89186 78761 92830 85350 79781 14132 48088 51025 
78162 66177 29563 82238 65202 26134 57069 10124 52136 35022 63364 48980 3922 24336 63034 35637 62875 63652 29436 69857 
68073 21114 67830 85563 8317 29128 31899 57767 32228 83522 3502 29632 49196 29741 94305 4309 51281 89026 61200 23156 
44110 21382 22211 48884 92376 5743 53105 54707 94722 67843 14020 60832 61656 63739 70204 31634 3049 36768 96060 40223 
91966 41977 83358 82352 56309 24831 22607 10950 26989 40466 64112 49338 45869 96993 62430 59124 59211 15257 73480 94623 
20812 13144 91719 86796 61838 24640 59113 37463 40254 77274 8337 16740 40650 87865 30672 99838 11616 97097 24705 71797 
84461 73240 22108 38877 62659 96704 57494 88298 72993 38179 60871 69353 74132 49779 72750 56812 68921 95867 49692 77088 
92712 32606 12191 49743 38726 39428 89828 54082 65508 6381 32709 82846 73632 75413 96073 86799 67566 66193 10142 19060 
7584 73373 31710 61484 88046 94838 65764 16149 71478 36688 38770 76072 56486 161 37060 78206 42430 45320 87460 15373 
6531 95091 73655 34880 64749 26552 46486 23909 81088 18804 98240 25458 13605 48465 47254 21238 47053 22856 48358 25948 
62843 84135 76892 60468 83485 43644 12751 27384 82693 26377 75209 55281 51204 20275 90468 58860 82713 33605 243 29578 
98823 2360 94590 29571 82132 74877 19560 22705 46917 10000 2339 58412 73273 11772 7251 30983 16853 32926 34178 64254 
53149 25373 71041 15853 78765 56166 28441 79363 68304 67096 47297 53964 57963 7018 89149 42437 56073 84634 30288 48790 
73532 27727 28754 76476 43210 51747 59570 1247 3718 3984 58843 13229 19606 63664 24605 51354 80192 22598 93966 69329 
84295 80036 71272 51191 611 58752 52590 22547 44653 4404 79498 68594 80311 3525 697 99017 9595 2893 94782 96493 
72939 78255 43794 47160 79055 16685 70288 52317 98244 86499 3115 15464 61912 97580 36870 54569 16326 99958 10525 94291 
34271 51753 85099 92210 3431 4178 47197 85748 68500 2105 82926 40700 30653 18147 1854 57732 51013 98955 17784 39518 
65260 86651 40329 58007 5671 16353 46460 5814 16715 60913 21243 67871 67244 92960 47518 9694 80829 64375 64016 40266 
42552 79174 94032 55448 91255 15026 62119 92887 67096 92265 805 15914 10667 82828 96071 54611 73773 74529 39977 34573 
37949 91401 55859 86559 79101 33933 67620 29188 9038 73042 77252 2777 8589 42264 81763 33751 4432 64655 84918 84513 
46851 80779 55035 99385 95819 52549 74139 18601 81656 31570 55747 81079 80540 53606 90231 83689 1157 86163 40720 23550 
36395 29392 98653 82726 94895 55128 9627 28218 41983 85971 56717 5337 17888 69755 54224 67339 56352 1343 53623 54391 
91989 18723 5058 58236 96173 96509 26247 56119 89033 17075 3849 92254 37133 34946 20243 78483 829 71921 91688 46798 
42867 2981 1657 5210 49238 35505 45965 3869 93633 18019 98766 59007 16939 72226 10265 40757 76586 59357 35754 98734 
24695 24124 34765 40032 43570 39179 76323 53028 21264 88082 37997 78940 80208 10430 10847 49637 29010 83352 2145 58774 
65461 94744 31725 53392 17748 15520 94466 9815 29938 21419 74280 4115 44466 17619 42036 24710 10506 10276 20429 58870 
9499 24484 79335 4990 48705 21701 15263 64664 3967 74634 63835 49554 47576 43438 80213 20234 16597 72880 45580 97782 
78351 94302 28277 58462 94460 16439 31229 81355 99881 35168 77921 91998 18023 27652 21008 95572 52261 92241 46828 5738 
90363 23876 90000 21373 7932 74378 1496 33765 32727 80732 94174 99359 10329 71413 5202 7905 58060 25513 86506 15594 
21981 69018 70066 84199 64279 76282 86821 45494 68968 63046 72670 86855 95384 16335 27610 14771 89582 11535 16503 20426 
41714 19533 30471 50190 65240 46949 35373 4984 37807 66628 41808 40672 86054 87026 35478 48762 1234 6437 81245 62445 
45875 77058 14944 20177 96380 30903 82954 29162 81982 78388 71597 62804 83355 5510 45978 80116 45689 89417 27536 12030 
58000 74911 18759 172 18328 26140 20449 64552 99476 5233 79577 60636 19823 53446 81671 75524 8965 86010 90002 80620 
73963 1346 72610 18349 57491 51644 14295 85226 15892 11632 74033 38637 97369 26906 38059 4484 65093 42546 20548 64754 
9753 58406 9349 49663 78915 50887 47905 4242 34641 50443 55632 31086 70758 40598 60054 48760 41480 53312 23504 12369 
38805 95264 9681 82118 69419 31714 38037 12509 63197 53843 91111 85746 85759 93322 48851 79639 52663 21345 18366 4678 
72938 31081 50601 9265 95318 41181 67440 12845 46915 16204 93817 35509 96626 36191 31121 80311 16757 42849 53214 37970 
95590 50924 30737 36727 14296 27189 41251 3262 53656 31107 32141 92476 15695 71638 79982 8164 61935 38432 34250 2648 
33203 98047 87243 74110 77037 68760 99447 64766 66573 33177 75682 54881 14292 94542 74118 2507 3087 56787 77144 7649 
85716 21008 59707 36816 51948 41779 72392 58217 12419 2790 77686 37411 14311 27795 16001 49439 21062 24331 60248 64101 
40524 25768 25181 73699 48408 5914 82212 4888 40749 18178 52248 52225 65744 33917 42039 9752 57550 39878 97387 87938 
97631 19850 16445 36018 30627 27776 2508 69435 31454 6550 87390 48183 23181 93061 53306 57079 79564 66374 52619 24158 
76573 1425 71802 62904 25554 32724 22027 95826 81933 83536 4244 89715 72858 20638 31551 93352 92258 40268 75933 67576 
7480 38743 57663 30725 33566 79764 80749 55006 40218 86709 29927 73961 21190 73113 3148 18850 89555 82965 42332 85213 
33088 75894 75447 57056 76391 82353 65718 53840 98298 89610 98602 32483 40227 87581 70920 53160 57860 99283 93027 28218 
90260 47714 71453 54976 18320 86477 75018 46834 81109 4218 75985 16293 8363 48859 39377 91746 68017 6288 57164 34997 
89714 89202 88525 37615 96492 61504 41517 51266 23031 16062 71852 93621 81268 10444 2095 8055 23941 66741 89785 94684 
18237 45703 56030 88261 23485 19949 84222 93331 45064 79699 28055 85979 5170 35348 71777 53438 27976 23222 46108 76108 
4676 36673 68897 20168 85587 48975 48943 21832 7851 97533 66335 63636 64950 57603 16176 47498 76543 9948 68935 18517 
75324 12238 18257 85261 30019 56841 30999 32726 88176 39155 7535 89493 24473 38112 4338 6300 88698 88082 89322 80212 
11330 1634 47205 68496 17995 10939 19628 11404 58880 17240 86702 12022 58825 83299 49378 84208 26491 24433 86359 78339 
68947 78166 43316 21976 87069 91371 96922 86102 5981 28215 67735 45640 65038 65861 76779 32326 51866 37523 69343 71626 
76596 36863 36329 18213 57790 26093 44977 65417 54454 69980 70032 73262 90839 12014 66330 56698 14839 87005 54020 65716 
54525 72782 99293 38787 62999 33319 3312 33299 61385 69754 46917 75171 54181 47100 83969 39847 4139 95680 32376 84769 
62500 38502 33137 14861 88759 78594 74442 78380 59912 29010 93222 88488 22345 83158 55504 75731 23788 50659 62885 50874 
24719 11369 95070 87546 2676 46021 32767 53253 88659 65483 38472 90437 80461 98610 59668 89665 64889 92954 16676 56410 
89710 30702 26518 43831 27881 46871 87869 50262 78233 60963 65447 72376 88334 72830 90926 17685 67352 88168 71974 5831 
38574 91654 67137 87776 9218 88463 50708 1044 96485 75033 86151 82220 63229 68031 59927 26560 57781 60054 31218 41082 
36057 11203 38438 15003 99319 10685 62901 62726 53389 73793 7025 10432 17242 92453 19314 81166 60635 68791 64337 37438 
40509 11705 38258 5529 80857 56636 44849 31697 598 63481 96162 83242 79050 70114 18595 8238 70531 93763 74033 41537 
41953 13897 69083 8574 33973 694 94718 50867 94775 87097 1476 55637 28355 70739 89521 22281 70993 78085 33994 24089 
88356 76796 16939 18396 3588 9324 28281 51234 41803 288 97614 34612 73398 31737 56853 27925 89446 1646 76653 4222 
20730 8479 98725 28962 30448 89511 98648 37089 31088 27234 99914 89576 96185 64595 74892 95820 94927 43605 40446 33231 
3533 41829 59266 99238 72169 80561 68729 38196 33876 81812 82347 37520 56916 49391 51041 26600 62 64330 44357 63900 
13747 33124 68960 77065 33752 87209 52999 38758 48221 12639 47230 53293 11123 39904 73935 80158 47096 73466 94175 23036 
6858 52301 23369 74821 27997 2357 95350 3903 65297 52344 74524 28127 56374 41434 20470 84334 62155 42910 90377 50667 
34796 8425 8948 27408 77889 69859 46707 19862 87299 26883 19779 25989 79090 58743 42427 52654 61733 9713 72672 61683 
95028 98398 71228 44823 69370 16552 77029 96908 86508 24384 92191 35494 26022 41595 6708 84065 31854 33063 30726 50893 
57829 5308 29760 50281 27065 38822 677 68199 71148 44395 37702 5594 26500 74472 16693 20059 89603 96951 6031 32834 
76611 39670 42145 33489 89383 4667 72806 82387 64505 55918 13711 76901 88317 79656 99410 46145 20539 90704 38820 86823 
60958 1920 84741 50175 83002 95392 26431 93135 32866 29739 28430 89237 60708 58235 19073 33230 4339 90308 13880 94402 
19074 81994 48100 84417 39613 11216 7337 87193 80782 53867 64352 15703 84124 61597 34557 58181 37067 33628 78053 77636 
35965 58525 63122 73028 60793 61952 13498 74847 85593 1308 63159 50314 92520 15308 45010 56857 74313 87063 13691 85631 
89410 835 12594 45074 93074 83271 99768 86749 28560 48192 47727 67679 35610 79572 89377 55128 27967 94256 2211 40309 
55710 4692 85022 80505 6610 56744 3557 94895 67439 81045 32828 34351 78900 90004 33899 95991 46282 59820 22022 84961 
87844 36972 44915 53877 9977 75629 96228 11466 41089 52026 95861 61879 19933 55811 97780 36635 52265 15947 1399 60795 
10139 41905 98933 87865 27595 78049 81571 84405 58221 83452 28146 95607 54267 3169 73872 31428 84048 18053 63379 98352 
8077 13477 82388 17629 30786 23520 90 33817 16480 5503 7143 93905 88771 80018 26069 70105 58109 71712 72053 40469 
75078 54266 93295 81400 86265 58653 60834 80124 73254 57458 50800 1141 17027 8775 5640 66861 68343 14910 61667 7107 
93367 21460 56589 14895 83941 46021 55970 80642 64586 12207 48456 73706 88222 73056 23071 60615 28945 17058 80998 36465 
74815 23111 73768 46856 14336 26659 91149 2154 32027 74160 47187 67328 18229 68294 37370 47237 20595 94616 81133 32993 
45974 12473 40676 1669 43852 32903 69613 51079 48934 7721 13369 86402 89134 21715 46150 71387 56980 63793 42283 14361 
88518 29641 39716 33390 58791 10679 86111 3083 70668 2413 93468 13069 92489 75749 18000 37954 41707 30215 1862 34464 
37588 71105 60191 14958 61912 7115 98272 66743 59197 58810 72714 9448 79880 6890 21682 10023 91630 29244 20943 88996 
63308 70959 89575 31898 51134 66990 60039 68037 5607 96309 74583 34144 46246 48090 2483 11692 42854 62866 63021 72018 
94628 33883 22734 54368 12138 35911 68838 33751 24895 78790 59593 73465 31568 35106 6768 25442 84859 92575 60570 24904 
16096 40165 35464 97277 38539 61636 36269 84366 29870 4421 96100 14833 95465 20982 33610 85656 68869 48689 1770 12969 
54931 26151 37591 49930 53199 43084 15750 59560 45982 43712 22768 87735 93187 98263 98391 39126 12569 84047 44905 4079 
27259 83319 45396 99109 44889 79560 46238 22700 2626 38441 26061 11921 69181 1390 22936 37249 95305 14972 65761 95538 
43250 85967 817 29056 62937 82095 857 21197 64490 42687 87311 93846 92009 97498 35786 32433 28687 39368 82184 54609 
64863 17328 40859 88339 58648 82541 55226 37833 83082 88938 2457 47290 87949 12487 8559 1045 11957 81461 3215 51168 
97615 62614 11439 13408 42754 41454 56987 8040 93642 61671 97712 83055 40636 11556 73920 91067 52292 64116 21674 57581 
66794 45892 35685 12613 68868 5525 47567 54218 41841 95017 12505 51836 10748 23307 32342 98371 19039 49035 77704 80284 
62481 96003 9326 14373 30074 68420 12031 60056 58373 86138 41514 34789 72378 78867 79947 96097 33274 75137 29215 60044 
57605 62676 18532 57107 32047 14493 75905 46872 41061 3032 76302 43412 20391 20112 92320 56328 26374 38561 55286 35027 
30338 22570 65540 79551 74633 21669 47394 92615 42819 92693 64873 65953 56052 11794 8470 50025 5146 68235 33267 22746 
19715 72638 22127 76895 82442 51116 86032 39784 75764 81041 93698 6945 64003 41144 5779 97787 56664 97920 24386 75960 
78508 52883 87915 65130 2073 34770 53256 49580 61251 38815 7872 92754 80604 6824 59869 10131 32561 12856 74729 31572 
96176 43617 32018 24245 43629 25205 45087 25761 152 59361 49248 96744 66681 90084 57335 50011 13111 15656 12947 93482 
78707 37152 62330 31599 87039 31239 85009 13277 67778 14931 23897 23563 18324 19766 72105 33605 81463 50847 28177 11405 
15805 14552 24920 88050 91889 1490 79696 4918 45055 23384 97789 56225 79850 61695 3993 71887 1355 60587 6220 34409 
78805 47476 43458 50758 55920 37854 86541 97226 70956 66521 65171 19605 4625 57713 46281 77749 71217 86787 85731 33692 
26727 18795 26505 63129 39673 5587 24264 10998 47832 17141 1470 35845 57612 38925 41605 58634 52207 91830 6764 58117 
30842 52276 8338 81688 5452 85324 11048 70739 23754 54133 6153 23856 79717 93074 40296 88355 69604 52067 60525 14215 
24787 75608 23243 28117 92653 29529 56875 50812 66508 68862 29400 57550 76369 30158 79177 98436 65061 39847 45361 16103 
4129 96615 83413 48400 48974 14751 22320 24544 88747 8293 3539 69536 29153 78903 8326 16577 55870 70019 94324 61631 
61434 40236 88402 62698 19212 67731 76937 57734 29742 65556 37288 41597 31188 56750 9619 41901 23970 48565 2447 1245 
29801 62631 11392 6132 46320 66805 63691 80865 61257 11690 88629 82081 32717 87017 56277 8600 56720 84056 67064 32712 
59455 80603 63274 10861 42909 37100 27376 22537 51932 72007 78373 96671 99852 18192 68898 88858 49831 59430 67792 18314 
42156 83795 9111 61955 85791 29398 62426 74677 65498 70531 86288 70150 28229 20765 30775 85804 32991 15038 29819 80177 
19891 47639 73300 49553 46241 1127 69632 11603 79845 58803 61445 68924 62295 11050 40392 78843 33250 50404 37940 15999 
19528 54629 89817 70266 31061 39872 2962 36052 27144 36219 37046 10356 53154 20069 18242 64348 4290 58674 27346 93659 
55789 16121 54128 20355 7724 83250 45403 42891 39075 85431 17964 75188 90902 16314 66478 45895 93150 92765 17880 4877 
41066 87862 6961 73910 20427 82159 38298 16515 1406 78017 10014 23629 43431 3635 19848 2740 63806 89332 90553 84509 
91976 22238 94862 38210 23779 93451 95963 59568 69520 74950 19659 60016 40286 80305 38610 91596 55352 87630 12224 64638 
64768 86664 57165 33301 93972 14394 8445 14836 46135 38757 37149 99573 44204 75041 53292 97756 1824 80317 84884 39987 
87445 82611 92026 84871 57348 65324 82964 53528 19909 48999 71210 73487 25837 71016 28101 29942 86242 80084 57321 4769 
67831 25622 62383 66706 12103 58174 56087 44416 2358 79905 96246 52041 17073 91476 25600 84189 21740 3160 32715 71857 
75983 92778 73555 81745 52801 14274 71249 20719 40934 5871 59044 28207 47273 4424 70915 11191 44723 36478 60734 5898 
84413 6276 33384 32753 93109 7361 47047 65319 49756 4133 46491 77814 96181 86516 67248 56331 15048 41691 16125 71205 
78369 93768 64602 1557 16990 30292 44268 49215 16345 83507 78412 62720 33939 18959 52528 18590 32090 59913 62898 20481 
6678 78539 14235 97232 7160 50070 41921 15733 29494 20348 5555 45130 7851 88214 80345 32599 56915 2617 72583 19179 
84476 67770 47530 36286 69877 10019 18963 3484 98123 65413 11307 25042 93683 77205 67888 94775 61339 63073 17399 53424 
36333 93258 42262 75620 33617 94098 3191 81356 55732 84024 48515 6832 1306 87226 36345 80418 58677 90993 43121 20823 
39853 62357 4130 58544 31392 13385 22362 99252 89810 80964 35117 92446 67504 54503 62223 79848 86717 54829 57793 1002 
37050 9241 54367 17022 74553 64416 76171 56120 49256 13363 82016 85727 75895 75650 76933 82179 79037 75318 23993 81547 
34948 9392 72636 88785 63286 45219 95436 96911 92608 5449 23250 6419 19297 96300 76148 66226 33076 5950 34543 47633 
94660 88907 85383 96501 75855 15757 67161 87708 66357 9232 53629 67558 64222 76323 63647 17221 49425 17583 18238 63906 
26872 21007 40056 25375 21321 31517 94772 83881 66219 60446 67656 13026 91555 65311 69338 72031 41104 46911 27186 38037 
69346 14772 26330 49828 98905 24684 87156 68130 16310 95287 68702 31320 49683 64333 90512 63887 74756 75517 95938 21012 
32712 86903 15375 97812 33383 39485 83438 48359 67679 36339 60297 46644 52677 13481 43093 12455 40083 75762 26942 2422 
58675 34622 37470 65311 23168 56023 72837 51598 44260 62173 30177 94620 51558 37633 72914 37014 92212 80082 70043 73367 
84575 37356 21135 94735 15527 18825 66147 3385 55660 2256 75851 66129 52572 764 24286 37991 83189 43832 10926 57855 
30187 69869 26806 12395 40742 51620 80722 68964 14249 71591 27949 11953 22863 42597 14722 62910 17548 36235 46271 68675 
29424 23409 59050 940 46785 28558 59113 7226 72270 91659 33460 42150 52157 50490 38924 46691 27053 97644 31496 59273 
22320 29833 43981 71051 49340 55023 16900 78827 21736 32081 60208 12407 98079 55867 64295 79196 24114 60690 59356 46608 
86512 70551 64312 93959 68978 17240 47945 50984 47211 41318 65826 41759 51130 79474 15361 51225 55340 66898 74216 85006 
66129 19189 51405 2490 20771 16174 4640 5238 31025 86449 29945 62316 7996 44961 68824 4330 1211 38885 66595 1247 
14448 88858 25391 18254 32532 301 29187 4638 58774 10450 22623 92651 90229 84329 40404 53401 63535 25109 39467 57315 
50205 76996 99528 11474 29443 44927 22257 26880 52259 54999 50123 66339 35969 25177 5669 70126 48815 86848 30065 68293 
39603 429 72150 1696 90263 34854 68143 19605 43189 4067 36208 9333 17134 77755 48205 72183 61753 98289 50196 21839 
48183 51556 41189 78943 6721 47430 93154 98701 46844 1120 36597 92762 10267 86152 88631 93386 80461 22534 30631 25495 
34853 84164 6477 87922 55229 5564 22692 50248 71613 132 64167 62537 97776 27942 76898 97711 83629 87654 26428 23477 
11971 89976 54285 19243 33028 46758 63165 42985 80572 13 33062 5978 36301 31729 20733 52410 65855 27300 40411 24112 
53308 15323 80081 51913 95722 75635 2534 32129 93075 6505 52623 57942 59758 92995 26409 16896 23575 58146 92098 37653 
98521 67940 78349 10564 12018 26959 70383 45326 12566 10651 59260 15620 79285 42603 61462 50153 99929 13080 96149 61190 
86246 5680 7716 72738 68332 79790 8296 92836 98941 51785 20389 81827 14962 41247 5087 4614 56284 56359 70587 76673 
35880 51156 60678 88116 84922 905 2450 87998 11494 43099 13326 9568 49470 30538 83973 93392 61161 2149 36502 21976 
52102 34351 95513 29496 11665 92624 2991 58440 71158 96147 23995 19166 24436 73986 95766 16446 45528 28551 89503 53363 
28860 88240 45406 85010 51538 94026 29482 90617 33083 13456 91397 92588 95246 23596 84722 66185 39627 66437 26452 47040 
52633 47291 27791 61604 78869 36345 22966 24754 49727 75089 40699 1447 18075 43004 43977 59725 70366 4289 21346 89073 
2394 40757 11612 17773 13637 7198 75909 96067 44490 45507 82959 13335 53860 37169 74267 8400 45552 66797 81850 44857 
75933 73406 18526 49025 43763 60978 10127 96921 56650 100 38375 6548 52281 70192 53206 62667 93367 93512 82263 76186 
53425 37026 87031 39447 18719 59359 83840 2041 78262 69984 34099 80241 5648 26230 52443 46149 43163 47961 39095 26555 
90336 842 29158 76369 27876 41608 51978 13207 32735 47459 27897 17989 24548 60009 21629 8412 19417 31369 72047 29536 
72324 52181 40611 66304 88557 48545 29698 78105 9567 16964 27073 87963 9289 4748 3996 48922 33534 40435 41384 11927 
11438 18331 15556 87258 79531 43654 67685 11777 10510 63550 70702 49174 37554 63554 5793 60554 17469 64837 98553 58272 
16216 57462 60369 97366 9061 50386 86993 25115 34425 47451 62733 97505 75573 14906 34849 47010 9613 48962 41097 71982 
40881 21582 58693 17364 70637 63865 44496 53408 19858 94865 50612 26879 54818 20423 28884 82236 98749 37275 40696 82416 
9640 50577 28361 70884 61725 10291 39073 9675 94383 12120 22208 72781 55174 27114 22593 44048 50205 88785 80932 22415 
10541 34692 91219 78497 49746 41957 70659 16217 44046 63660 37431 59789 33976 38926 68848 43426 63852 69746 92150 56580 
77864 16391 92749 90989 77530 87193 26911 39929 71796 15309 43260 7092 31390 1900 15913 33250 8581 42290 29853 83065 
25955 31671 43609 56958 358 96701 65795 60321 4028 19092 30223 7139 70854 83139 89593 52352 25228 99659 38505 27486 
18991 6048 52340 89359 43935 73445 45383 58503 15741 55100 7972 52002 168 58782 48120 19508 19642 3686 84751 57336 
40756 63064 95988 28413 72747 75270 6432 10469 12874 62998 98455 92518 44866 9565 46593 8044 57681 14659 58231 12524 
48971 29574 15060 22546 61235 34904 55015 24848 20606 73433 42389 28044 99850 30768 71582 43056 84374 62869 20524 25508 
40412 37813 48106 29019 94833 82642 71450 62927 22192 52210 30919 52116 98485 11520 51942 91619 29137 53613 31126 80966 
83860 60196 60350 37864 88966 57603 24652 31547 99911 12112 69952 3779 20384 47956 16050 19376 48057 65981 58827 95886 
95323 32962 37710 8290 73751 64598 5930 14460 43272 45531 82769 47769 59846 41391 31607 37710 59052 83417 4296 54551 
89796 85070 31616 99294 24225 84588 56662 10505 2885 41396 33373 7657 34783 32033 82120 15051 50754 65371 39754 39145 
3173 34533 36083 73857 42502 82294 43916 59674 3360 35824 44936 31733 40977 24953 84970 78786 21718 52521 90009 63131 
56494 74624 30471 13896 44114 84577 39690 8839 17775 41100 18286 97074 54481 28726 8614 55852 45712 11465 31890 50144 
25115 56717 38787 43317 96429 3576 89947 30013 36882 76433 4195 59191 74625 20915 81443 28571 88075 48055 18786 2802 
26425 81361 52852 67059 32507 79896 11505 10558 94976 54075 72673 60600 4913 62632 11033 36793 43735 81201 64114 65707 
21360 3272 59069 31066 71644 5383 10523 81448 2884 44772 59667 7399 52069 54563 48118 44094 2361 59031 26832 61432 
32747 92042 83279 40640 15056 45697 79682 18537 86865 36853 60548 41226 73812 64550 3671 62417 42857 17442 85548 27690 
75876 32276 35495 63645 70370 46998 39602 70838 70153 38152 93813 8295 41594 39019 15454 7805 30992 13657 66818 37103 
80481 24524 7099 5696 20281 45682 92439 99986 42357 4343 42582 56333 17382 16201 32058 98342 72794 9398 71592 49435 
88132 79945 70165 76161 18856 69163 11760 62679 555 43522 29768 29692 50053 78078 84212 58586 94481 90869 6892 58728 
53578 3148 2099 99135 4662 4463 67259 5438 82145 23410 92641 75621 9182 79786 24069 98595 15201 76830 21349 53835 
91207 58204 24522 95513 7119 77278 15437 69767 6014 28515 70857 27053 16238 71802 86057 3074 18049 28232 11039 44146 
31407 2541 75387 93599 19161 91235 17374 91063 54259 84836 3934 23270 52006 46344 70369 81006 17735 97733 31713 23707 
27633 5221 49425 16698 32514 47778 72594 16723 46522 28610 85528 19714 72188 13015 18725 21891 45545 68693 30270 69681 
64843 10606 17788 20384 91416 53827 11579 94569 25640 13692 37475 27158 24359 53787 30592 85742 94390 78861 67725 24160 
50300 37046 27783 40524 3415 50849 25618 62140 8701 77445 39386 389 40334 45667 82452 88622 75070 80654 45077 44030 
4260 95650 12705 60090 90764 83281 85410 6266 76757 94981 25530 97987 6327 7975 19287 68703 21386 68391 47166 30186 
6432 85644 88653 69184 18480 76942 76792 88045 45005 98199 80391 6216 39086 71645 27673 46652 62718 51807 64723 32107 
76042 877 47505 70314 56868 18235 53686 63165 87450 30132 67090 43139 32880 74991 48805 15368 18358 48346 73936 90574 
26259 12263 62957 89705 87583 48168 23199 28944 91225 36994 12263 46475 52396 88089 19538 36332 94904 96974 19969 13544 
68355 53201 28147 80036 30701 79445 23580 39791 360 26359 46763 22027 90152 81730 10601 7934 20769 5631 84898 47334 
39406 75699 36048 60958 93080 89494 63271 40640 87862 46679 64349 66558 94231 44510 9815 11961 37169 45228 52796 3055 
61607 5893 15506 39005 42750 83009 72929 96811 28862 4743 36857 39679 65925 52739 74409 94410 17238 91013 27691 44839 
89458 92088 89295 8054 91 30852 61384 78805 3979 32349 51255 42184 35680 20146 98514 79521 45673 19216 39090 61789 
59890 91802 67136 79688 7210 58844 44670 51907 37068 12821 41196 13112 89852 85011 58239 34869 63253 74787 10669 11128 
59686 48287 33684 20308 8659 90748 42931 35005 24260 23855 60230 63806 46721 39233 7902 88118 97430 32845 21672 24026 
87351 58586 84760 57334 13491 37020 37440 71507 70344 83464 52487 36502 8003 20579 10688 56989 23394 81880 12486 6933 
45896 47029 17673 94258 40100 12015 36530 69619 22476 51351 88081 7934 24856 72041 58172 157 84841 94587 40892 974 
20668 65418 91002 30948 57876 95928 84234 24158 37894 19056 39089 38721 96569 22693 67981 99684 70540 42378 55674 46771 
87354 51356 41489 10963 80008 99414 29568 68063 14835 93383 79797 51308 45694 31606 7920 41363 62460 35162 38492 3577 
36750 63173 45006 64864 16723 34536 98530 22466 78389 54747 32137 81939 68886 73375 95050 81227 56695 34847 83241 34573 
28260 28076 47692 77126 89227 66149 35881 42204 52037 59066 81509 7298 80575 35726 91043 89262 10996 95487 8641 91231 
32326 52870 63410 9790 17035 40119 24037 15497 84351 17744 7688 99066 52297 28245 88397 51216 68498 95233 60281 63133 
91936 70932 30942 97462 223 50631 46590 5124 28114 14994 49951 27263 69943 41102 43436 95477 19812 55708 30275 69777 
64239 7478 22402 45330 56860 36305 72650 18546 4202 74412 83249 10489 18297 86937 1924 17810 88602 56752 96552 3633 
76841 58195 43616 87149 37615 32223 91272 52155 25052 13456 52495 74090 11080 42617 7052 84411 56099 29390 71061 49444 
85360 47112 21297 37998 36670 70199 74204 75830 23752 51824 83624 15923 76888 38931 83724 97073 12035 81151 3308 59829 
17523 37673 97183 74313 72784 88384 4620 74582 88655 29759 73572 74315 27469 72838 75977 22157 38886 97009 77507 87913 
67820 96222 87438 3385 5423 80318 1454 23360 1904 89103 95354 43538 12462 47521 10125 64743 7687 62994 43036 68663 
18640 10465 16092 22758 14195 53542 49070 13831 53202 78045 2265 10372 83801 19845 63417 19114 32464 98288 53269 96838 
15193 33645 92630 52857 17929 90105 35840 23372 93837 95690 17272 71070 66684 89551 18443 79440 7989 89261 71239 78428 
90982 87408 55515 71297 1209 28866 94147 68980 60127 1378 99416 86911 3949 9635 71791 751 89235 36051 15096 64844 
77051 28438 87339 73507 50819 81677 26854 82185 92934 58870 21286 28374 40121 92738 69119 63911 26503 46022 24797 6026 
2062 13501 25591 78172 44689 79961 88688 3737 63052 79538 70321 53065 69747 76295 25855 76048 3531 86975 83863 88134 
40452 65317 74969 17216 63279 71401 47950 29914 51099 85981 203 35351 7189 88602 57533 72363 1974 64124 82506 94878 
10572 14290 7356 50217 10275 1847 46322 38170 52569 50811 11026 28194 39835 70768 44414 88189 58931 27767 75607 36918 
6777 39913 69899 41451 31871 86130 70068 92875 16711 25763 65645 59819 19029 62723 24226 60623 21712 53557 40524 99081 
40075 87732 83814 72625 67723 47532 31006 87023 13756 20901 70964 51097 26923 8617 86553 77357 58998 73614 62135 52431 
18060 6271 54755 61757 30090 8007 41488 84061 36383 2085 96632 68437 13746 73710 8449 30977 57625 13673 9311 13136 
80023 79865 61819 76971 95596 42235 21057 8825 89859 6143 39745 85472 6163 22135 47080 51618 30975 54938 50442 28720 
25494 91826 15575 97225 23706 64746 37015 25350 97524 493 24470 13322 6464 42912 76765 41090 53742 79821 6229 87734 
45100 16857 130 16774 36746 97509 75787 26724 29393 26326 18156 57949 37540 52594 32449 45989 77933 86380 24944 27578 
51863 93842 82811 35551 45487 73432 51553 45485 39319 22468 61953 67040 38467 73470 77742 24339 36090 71368 75374 15116 
78597 31243 64265 10120 52684 88693 11859 44093 87301 22603 13296 51024 60317 66847 53299 65717 370 70208 51066 48904 
11521 54989 35446 17987 35283 10598 40137 22415 82674 12950 36951 70536 26689 41833 29787 25336 5484 55104 70024 95024 
74404 13509 91245 98051 77031 73003 53977 24499 35314 21820 24487 71742 84570 98524 12114 40189 45894 98548 67454 63154 
5696 3516 84458 28279 75616 52840 55557 58732 28811 94956 392 40119 55908 52330 7692 86438 94901 22419 35746 93240 
28106 90596 59986 77456 21256 14324 14561 49601 41670 52689 97856 50133 12455 10296 70316 74321 2237 76668 1361 62780 
74367 80208 74711 49641 64328 4708 76593 18016 75114 2333 35046 67341 96503 40676 69992 75053 19961 27604 10012 70250 
16838 92775 32219 78763 59556 15899 24639 99654 80822 21147 15130 7512 5698 134 44990 64016 32468 38220 55730 88403 
61721 94269 77800 36068 67212 33476 5547 14162 77518 99942 57209 17319 99842 67183 13062 2058 74708 15564 88651 78771 
86747 65020 53701 31915 56955 12592 23545 24590 52511 87597 5724 28087 39300 62411 25291 76390 42955 78128 1260 87696 
94237 94793 72571 59653 34864 156 16610 88064 11498 29429 52963 35974 42060 13510 40158 30617 99347 96998 74788 76296 
86892 68045 38606 8980 48693 46889 36109 27137 1264 16707 6275 129 16964 10266 73667 60139 12890 44399 5637 62205 
19527 36557 1815 84521 80081 19006 61874 74379 48998 70087 87713 27220 78168 72948 41375 93166 97136 82191 29563 61118 
15684 21396 64552 70347 13424 61955 31080 95494 35102 81015 44142 92613 93605 59199 78247 2284 38369 17058 5131 41520 
58163 11645 71003 63997 10685 84453 67394 63211 77772 93522 40834 37547 33082 77733 29860 13567 68499 8672 8455 2639 
1458 84367 24087 73840 27438 55338 1316 31564 22047 24864 27831 4876 34350 6942 26214 86278 95576 52347 29734 78597 
5295 69609 4551 92863 86827 58068 62675 79579 3544 95666 73104 71876 18140 26025 40520 64423 35523 39728 20358 18022 
55057 33332 22700 45806 56287 47818 73156 13112 47993 26261 57130 13692 90549 62141 78798 47087 52597 89360 93981 72671 
28515 22007 83928 23583 68003 41021 5691 47187 1258 34953 69960 92891 80023 99473 29456 34572 79978 63963 88554 30151 
95935 69640 92315 89257 88185 75127 21892 97252 53549 89441 79225 76554 52333 52431 60780 83037 26848 71015 84610 83829 
33686 2284 72860 86050 94753 81048 34852 48650 41590 85889 21267 84401 70437 73119 66455 4607 12875 53942 71765 55950 
94618 70664 19183 12300 42148 80313 44608 92672 88791 58906 7421 40936 99176 29520 59655 95855 99517 44597 75600 73510 
74784