35212 17823 59983 37927 48123 50872 96843 14170 53438 55853 45945 39230 36146 16250 10513 33767 3754 58773 11642 72209 
74243 42551 98611 50151 3815 98381 98373 40798 35123 46743 62867 35069 51641 99045 68100 8421 21203 64813 38956 41278 
14836 95599 13686 30733 57746 97450 5696 2608 81937 3833 38943 56548 94982 65980 15805 22810 3048 2763 70450 41490 
23761 31141 33135 46319 18430 18860 29662 37350 61784 72326 13169 74538 38712 16146 2063 91558 6497 13579 22770 51293 
63488 92232 10678 40723 3103 75933 73153 77004 90363 82744 38267 48576 50706 45173 84583 96567 86877 66707 44078 37927 
60061 15617 28953 99420 6788 83817 62403 3720 45649 84795 27028 67205 22452 25950 67956 64602 25109 39276 35372 98978 
81754 31896 62787 40680 55550 18356 17376 6270 93842 79111 71218 48711 50782 66744 14983 71555 22313 66833 52085 64246 
93385 22113 49425 83163 4059 63196 86847 9670 97682 48250 68458 88955 10611 83780 26299 49009 55115 77410 94619 55999 
79106 56923 21876 44776 35532 73875 68719 58535 65456 66746 46600 69041 4466 28773 32061 46471 39826 13986 37080 691 
10143 41479 69796 82328 24206 88638 57578 89295 12973 89286 80647 16812 55342 10947 90518 47641 40316 12646 86375 20435 
9740 50351 15791 32412 82127 101 59880 39264 78207 97051 97254 87756 61243 52140 9026 91203 52838 67001 78498 97540 
15612 19574 55426 24415 34819 13106 39639 38067 15178 92389 87864 71028 52335 42761 44051 51592 5205 28653 9231 40763 
67096 3051 38511 67172 88304 60452 78091 84341 85351 19572 33194 35865 45492 34743 11353 58169 87001 27306 37281 78480 
1315 97015 35608 59003 70170 1854 52521 31255 12501 5249 47436 29949 41012 29988 26916 7099 24186 59868 89850 73967 
11664 24871 95638 88691 85113 92792 80093 90843 74606 21508 83979 30010 24133 75567 97019 56835 27740 46041 27424 15209 
88890 76573 95297 16680 81873 87090 5156 79419 50958 41054 10234 70549 4274 68813 40627 66841 53170 42527 36585 91914 
34042 45996 30689 49579 13347 83509 38673 10110 56820 55144 12574 15913 8647 63472 43217 86259 46618 35684 6411 4595 
5724 49131 12004 1396 42425 37709 28413 91110 52604 24732 24828 28567 61261 44173 72688 84221 29917 22371 1982 78393 
17427 27222 59322 37683 80548 54930 5933 77669 46698 95934 9745 2789 34471 36979 26837 88963 53512 16237 14913 5495 
45519 52390 33890 44592 63720 64771 85736 83277 66103 67972 97081 12208 65916 62835 2851 86860 12337 43622 17365 70040 
67444 79691 78960 60560 11547 16138 43354 66023 5418 75789 37729 48154 2156 33230 33503 20881 20383 20049 38221 53902 
52351 96984 67332 35059 42149 88738 31130 10882 28291 72360 74943 40610 87994 27038 40348 52517 66725 1173 3487 50547 
56515 29967 41237 25064 30668 36122 84246 8193 80866 10211 94267 28808 15569 2082 9892 61537 63795 92939 82820 64755 
6141 70804 13191 11784 57207 52858 22197 89438 91374 5542 58267 8756 53979 66980 28787 92718 5289 32393 72089 98457 
23918 15543 54981 96437 28147 29792 37314 20478 39709 96559 75667 30772 75346 5691 53756 61865 78373 91450 30562 61759 
3524 66149 5850 88740 30223 87004 24402 92214 7903 59258 52745 57474 68544 6063 6771 56848 70524 44727 51735 49435 
90434 17944 99067 11716 91263 18708 30759 54443 28182 18984 48966 44753 54217 19397 18542 55734 96333 67760 66812 54557 
11071 82522 6902 96175 66189 18900 53881 56136 14085 5671 68367 48094 63437 44004 12766 44713 16741 42667 6074 55811 
46669 65759 3947 88224 92733 68103 25101 22317 82308 32441 72543 73444 60966 67905 34828 16730 85995 53194 33638 79157 
1517 65439 89396 86931 4166 45101 61044 99428 41793 54018 13857 33213 20964 54978 22341 16557 94858 26867 44213 55914 
39099 86293 93527 44032 47845 54267 56646 59411 29828 21840 80720 36879 33996 96057 91967 1766 97499 35011 93022 96913 
13293 41503 14117 78934 80474 93507 97474 75485 93070 44830 59765 56865 36141 28580 59852 85295 81675 43707 5883 21682 
16025 29022 95860 22909 71942 89028 1790 32694 78470 60935 95847 23672 37980 35480 5111 26100 61508 53942 84898 67463 
91498 42095 49902 86847 20680 84524 36145 14868 90487 9638 63917 94131 92905 58503 4005 2471 26504 29612 56497 68028 
24281 41205 36624 55506 95474 42523 66517 17279 5078 54736 64003 42005 69326 53108 20058 81348 96951 85663 30513 69664 
59104 21757 49867 92991 56215 49874 16931 32732 67234 57062 16777 89152 66897 41303 17213 79181 89393 27221 64038 64788 
13279 72072 58739 12485 60707 91964 73677 74659 7578 97134 41452 30282 20179 35067 29641 31219 50279 69483 55720 66887 
44829 28436 56404 79960 22107 89298 35153 29530 81519 10113 71312 50321 90137 11968 24209 8743 80082 312 65170 73703 
32222 79904 54696 12921 7329 38831 26517 15751 46091 12358 20744 38288 54413 52285 10909 99358 93129 64830 73563 5251 
12759 91087 39770 78460 89737 38486 78897 48340 40086 46780 41876 3947 99313 37756 5010 81182 36240 77852 40010 18524 
27476 69244 32404 14847 51713 12427 80801 56190 50216 89680 56718 24484 74559 99786 37099 58638 11000 62155 51455 84054 
52701 90270 89992 4153 6768 74872 87912 1014 61343 47159 17578 8879 54200 75943 16739 49580 58467 91180 4291 85058 
46991 18838 61567 42991 86219 6691 95845 544 37564 71034 62271 99585 33855 59566 93840 95818 4513 11198 36335 96864 
71328 48140 7658 78452 46610 92550 53535 23153 36826 28750 25013 38032 39740 54907 43615 66040 38773 42091 68423 43211 
99949 62424 81757 35859 91268 61613 4349 98844 83349 11042 71577 45319 87198 66794 65538 70904 60718 35421 15402 82578 
50363 82086 15764 50304 67767 92559 43096 71581 6937 57018 89673 78834 7196 28079 23418 70744 53569 65651 15643 48858 
14759 29008 81357 80813 34358 99934 29689 20232 20026 6440 58476 36692 67125 60327 18971 59561 61082 94595 59431 51472 
51958 56860 88875 26363 62958 13121 89306 67200 20493 91683 15614 33804 61869 33929 23462 9266 57699 30474 61810 93924 
37787 96747 6690 96477 54517 32755 99721 26253 9127 668 38574 50524 41234 17385 28414 88973 64533 68877 23279 34408 
43483 88269 6789 96962 63060 50164 56509 52488 94618 50678 22109 4245 60800 87757 82462 34341 62309 13350 21143 80630 
45978 16297 69089 39676 37108 92550 56709 4755 24187 3779 30139 46455 11261 39011 63362 94458 24565 49925 69335 73547 
69291 94031 54382 16135 52339 4929 33560 26065 83990 4348 10637 19354 80487 10202 64143 22214 75459 72130 90396 51315 
95157 39053 29529 25312 41486 34021 9810 32690 88340 89913 2280 54649 93598 6835 84595 58424 45296 90546 71161 73887 
73650 32517 88882 71945 48133 16274 92689 84988 73032 31131 81201 3144 87322 13764 35264 65276 69102 5270 95245 25018 
81946 99006 2325 72075 139 74510 4912 42535 74911 15749 25833 63547 62947 77033 95328 35924 78240 81700 56105 60925 
32413 23795 52515 64631 71484 8150 58566 37788 35558 91731 43260 85321 54583 69803 86212 47963 22369 90216 41666 24966 
79094 54669 52530 13357 6628 6149 43884 57428 34198 71018 27513 33940 67891 36788 69344 85428 86793 27160 23242 10766 
52992 19703 94913 70391 11229 55142 45659 74811 93322 78193 89639 77227 91818 79083 66990 32866 82073 43315 99427 85765 
33852 13722 87866 19935 69412 76115 29268 51441 12417 26636 80429 23968 4479 21174 65019 34854 43787 54999 25365 38554 
77982 81157 715 21305 79764 55609 44634 11381 3891 88159 46667 92552 51146 10411 59912 38866 76553 5374 48955 90795 
28900 64496 24401 54508 8399 45642 53755 43174 9034 5736 18754 54809 48604 7629 90171 50856 69404 52569 48246 91748 
65602 20830 42032 16102 89668 79869 90250 35959 50141 87764 31238 98461 95059 56708 54042 35806 94510 96490 60714 10278 
68373 86709 96061 79342 34097 13762 48612 66607 84756 44158 69460 57874 23319 72091 68764 10834 34852 91649 4909 61391 
18694 90278 32975 73247 49779 80027 37984 44952 3695 85165 78607 96652 85248 56164 17566 91256 23240 34220 71568 97492 
8169 80813 63822 74933 30856 38925 28938 81492 15906 53076 86056 45189 9012 51220 97382 35634 7626 46905 63227 54367 
15530 12526 24638 48150 60008 26237 98295 77375 90650 12347 54296 49474 78740 51660 32258 78514 54683 55040 73939 35868 
97696 90004 49186 68433 13766 36880 62794 71445 38909 11074 49621 89706 45583 51906 81094 36359 84622 29428 25254 2823 
79190 49823 6838 13146 27237 40133 74377 27311 26804 93402 20531 84506 17565 11552 41452 56630 56724 37162 98085 42881 
19213 83135 20855 62931 62288 10641 6209 70633 86142 53718 23528 28875 64701 58206 9957 36841 83879 98614 1659 83042 
15325 58870 7998 58907 54743 3832 48724 28954 19314 88209 27985 65836 14691 30729 68265 65537 8771 20282 19036 86333 
25221 39618 74914 8752 79779 43459 75228 12436 87399 11028 82055 89108 59898 28975 51761 52375 31194 7638 69446 61405 
51354 31372 98538 73693 61175 56545 98119 83030 41628 78308 95023 2127 96881 97165 12364 55038 19875 78870 75576 83628 
53480 30996 33583 27790 22243 22607 38044 55017 18090 76432 51570 89739 45720 50478 16368 41762 41214 93074 90835 58699 
69017 42870 79061 69595 13272 46998 64373 93293 54528 59657 39539 31669 6663 16186 49350 24886 39373 87280 79823 70936 
14185 29174 50197 50660 70224 72400 92874 30797 79285 45639 73254 40806 49169 68175 63178 51438 34779 21853 77768 81643 
26135 97272 40319 10551 95964 86921 71569 70710 56683 30399 59891 56540 16308 21260 13089 54541 63441 81136 51356 4636 
86228 41314 91973 92549 90836 92892 22125 5485 37039 76027 25664 97868 13426 33209 64647 43550 76568 24036 7858 39826 
61130 44760 62171 30188 86123 37275 16873 18127 63387 19548 74289 7360 59687 77406 5375 71965 27620 80068 81422 10790 
99324 79602 45137 70728 95953 79051 22523 9651 10464 99256 36992 13684 69927 61955 92760 62504 71173 99228 14602 4428 
145 20702 62232 85002 6821 84089 71086 61131 91638 37029 86353 34716 39729 50229 22215 40957 69797 89472 39381 26567 
8806 44802 43440 88503 94988 53930 59637 89327 73501 96614 42272 46940 45703 72933 48958 20694 74312 54001 11676 81393 
1507 97656 27775 6918 1289 29224 6608 28678 88648 10192 37823 26229 55373 44672 25266 88650 38533 73320 6907 67516 
72550 23701 85381 32361 3378 28001 76930 36100 62828 59038 62320 52663 47047 35949 90604 96482 93148 6088 73751 92650 
47837 10198 63951 24270 71767 89489 73881 49210 99658 14969 45525 66867 44335 82110 44890 43288 16633 45594 39852 46724 
89 44966 37133 30499 15268 52840 13024 31165 71789 3428 78740 20289 26347 26723 30224 33286 90674 90838 38008 20120 
76860 94503 87241 53572 10556 95840 49749 56798 30961 78297 23403 32194 33596 15848 23551 49425 61768 59075 27952 98077 
39508 45528 46744 12133 23088 91893 75962 45739 16938 45716 67760 88183 30210 96768 39823 85453 21795 2465 6633 16490 
10365 41599 29133 71299 95449 44992 24963 27929 36891 42210 55655 83831 96414 25140 77031 7942 53753 36918 95669 33680 
88440 11758 85986 42396 26009 90027 40721 36553 70663 91989 69308 87365 96056 91780 4794 83739 75955 37871 15280 33638 
81651 29682 13832 60927 71837 5233 61719 80292 63677 53601 58055 7252 84357 56928 88413 13689 95003 50462 38514 20035 
1204 13600 47802 32867 33207 97075 57841 69228 77582 35057 55250 96681 2751 73820 65385 48836 6672 54177 4691 72409 
1279 6429 71145 76523 8872 6500 54980 66221 56996 49814 4546 40430 96946 89668 10255 34325 12985 3241 67105 31580 
58589 53640 34187 56266 19992 8577 61903 96944 6865 5007 52606 16980 99258 39819 46319 36890 35759 91483 81704 11782 
21197 77672 51915 46803 81286 97624 13708 37772 58281 86777 61549 62327 65242 95621 84310 71554 14507 52557 11360 69164 
7392 72492 31295 45286 11124 11581 38040 3899 14919 56487 48074 91859 55565 56483 84645 37015 80446 61704 14081 40555 
49051 32505 21543 31039 78060 16532 85281 11806 14166 70281 1104 72157 96520 83395 78173 69053 82471 97206 4230 74244 
91112 66429 40215 55831 4942 85986 16382 87235 12244 96482 29448 29680 56178 87960 87659 78241 76225 25808 38746 99976 
52855 44529 23296 63473 61421 24103 90896 60885 18009 93409 80165 11830 68539 88782 98696 6836 5140 45141 8416 37780 
2204 11567 85110 73412 25780 71708 78499 74585 48612 9553 84378 62528 7357 17797 55657 76337 7557 28425 1605 99161 
64632 95099 75628 81760 92852 9858 46454 8562 18851 12626 77214 74637 9405 70713 20215 13307 58567 53242 89100 66533 
63431 98557 23741 30092 43334 44822 79889 73061 99417 58388 2634 71065 8955 55523 31667 1123 38575 64479 30508 54460 
91861 15250 80843 29478 68797 58159 5758 87782 53133 13778 971 96133 22312 56081 23504 44344 49758 52052 82337 6844 
88488 9118 84325 40089 74792 60269 41051 72925 86982 26631 30298 40955 33704 164 66660 53628 94562 2009 8027 53480 
57764 92088 21404 50764 56911 86544 99495 80504 25514 59495 3216 33923 59986 74133 99947 63418 97282 60103 52667 72032 
76801 35244 1547 76120 5139 94549 43963 21392 97327 53534 66038 49048 86192 46463 96594 13945 63873 17906 55765 11275 
11390 6887 95033 82816 18123 45564 69700 3764 26514 77218 63974 19478 67094 7913 43291 27540 30056 13438 58349 80378 
27213 47846 63124 10643 1418 28675 43154 86546 93189 99724 69291 62062 39026 55733 78247 65657 92736 20880 71383 9801 
75637 83804 59564 92711 97324 14094 70849 97411 11607 33303 1898 60743 55083 36605 61199 40701 28275 60580 88673 52535 
37086 26205 40534 21101 907 98276 43983 57491 54889 49776 59259 77554 17152 5327 2572 86344 62200 63199 74134 7240 
2333 22009 25076 64045 66138 34690 83091 39304 61007 98371 81960 9482 61434 77554 516 89559 48177 12756 78315 77225 
56451 60584 31775 15614 83265 82666 93927 11486 32405 73898 98014 77184 75899 50632 35759 75806 29543 92821 27977 29256 
32198 99479 39291 65339 10732 35008 10715 62212 36462 66056 84900 52620 2987 26866 27482 29140 52239 58937 24877 80791 
38803 60935 40588 61070 1523 34689 86495 22451 31716 95017 75342 3315 6294 63648 79475 86488 93442 35893 19464 72430 
96897 13923 91371 35644 1934 62214 45450 10279 27945 841 8241 21188 67303 14023 54410 76056 87414 32880 11066 46754 
9983 55042 8539 29916 45334 76648 89266 76853 78720 7606 49012 56873 82121 5541 27114 15350 92791 57848 29104 96082 
51500 69056 65105 69758 79382 94245 60399 41891 70364 50906 49294 19389 22936 5089 16021 43230 21005 17298 61508 94814 
62631 63344 74296 95362 50960 80033 898 78484 1268 59287 90650 54567 35653 71818 17190 51189 16308 62969 15996 23068 
66104 37988 85918 79864 75084 29529 96077 64746 93274 91477 87987 25514 18808 90239 34976 70467 87638 13380 71617 94591 
15916 34510 20648 56991 4327 8012 32070 97934 80326 50022 12111 83194 41463 15452 23801 51383 62110 53068 66191 73985 
30111 40306 65427 4454 42934 99242 87898 77914 73150 43821 70202 37986 13043 72942 89492 48685 65761 17790 14487 14134 
13020 40884 56911 15284 69021 73650 49492 9438 46073 90075 40710 59423 69451 40119 2292 96489 8625 16109 54975 70192 
93784 63734 52464 55950 63672 84176 47506 6097 93411 68772 72260 22681 99335 57054 39699 35593 92707 49637 43950 13470 
53831 70041 72681 69856 97892 63103 92661 88266 41493 12395 76283 48373 10051 25221 65282 73790 67060 41001 27820 70686 
40473 6315 55244 77771 30951 41975 46432 29011 51536 84071 99135 40934 40626 99862 26168 56842 98583 78436 63918 60430 
28952 23638 66844 27564 3212 74354 5899 37874 90601 11311 23519 66383 83896 96321 58020 38862 33140 61852 4020 55391 
38642 74939 66265 33146 25571 53567 77539 93232 37612 78879 78063 11098 23854 72331 70352 10127 20032 12596 70211 65962 
98467 20824 67560 80435 55909 96871 3888 31881 15758 90294 62779 99183 18452 21388 9944 21794 70581 85380 33739 34091 
95209 10031 9445 23866 46045 15913 65292 35160 54695 86890 80682 11153 35319 91206 49146 81745 64630 60251 33029 71807 
47290 32204 7667 99121 41320 50899 83093 78095 42064 56758 52582 75442 13718 35920 49151 71011 15574 10423 41035 84429 
69388 6912 30222 537 25723 35973 22000 62141 29140 88150 47625 77731 1716 55837 58987 26450 54139 25691 80774 91312 
2576 51540 47422 9312 85174 45062 23637 74702 59486 61334 91118 88904 62905 77529 27421 41799 90805 42661 8650 63839 
79280 92882 82877 30608 71484 39754 15341 91890 21891 5520 90502 59047 87856 29426 50795 74000 47383 19836 77860 81668 
85463 81794 38667 94371 91413 71887 22523 85392 4959 12770 61407 59410 40357 47014 13258 26085 99384 14466 32143 36349 
4729 54488 34902 6902 11196 89296 89403 14112 92649 57187 59163 90653 42546 70667 65529 11545 23740 81876 37379 92508 
94146 52761 57178 88366 63440 55103 9005 83493 25225 94635 58474 28658 75580 52937 83907 44254 28869 76083 96322 98005 
60654 14811 81743 95937 26967 35791 24860 65704 62323 47070 6126 91209 87714 44568 46358 62347 132 24707 25226 96007 
29684 32916 96003 30951 39344 91191 10603 87225 84179 57054 4990 44990 43997 22160 11014 61914 32000 28782 30446 66035 
47362 23196 52030 67927 76606 94125 344 86481 58146 94719 57343 17848 55114 96962 27136 87153 54808 68376 30097 17774 
99085 65991 93906 85599 2222 16919 20283 81550 34678 33319 56453 90591 91416 53434 48092 33651 19864 59394 75306 24998 
20057 79062 77854 76565 45273 59805 43485 65643 25544 46120 41597 96500 68820 19381 53525 42484 12849 70654 5153 71119 
99568 91927 76080 85745 32434 6207 59903 36341 35774 5112 36742 85644 99809 16413 36807 8858 15931 89072 3129 84583 
88294 74747 69595 38519 17537 97909 87793 9152 47001 39935 78493 24481 81584 72759 72813 97335 55038 51016 66621 85863 
92627 39654 62477 32236 51533 97455 10993 72809 93089 44341 63851 7516 35127 6939 30009 67411 70443 37774 89183 22386 
28097 6625 4010 36231 86295 12715 63627 67619 43730 89894 58966 27758 30192 339 68612 42989 91770 22494 14238 48439 
17281 2894 34288 83803 95263 10860 46732 29622 8689 89928 37482 83805 52984 70608 5174 483 37529 51857 73046 96525 
42176 75595 53170 40412 34740 47823 40873 34808 74010 12275 91634 36394 31595 17978 36289 56710 88491 8569 20090 16509 
43368 24354 69496 99453 74393 91235 15348 29842 42911 17192 32635 60445 55283 36726 73688 64948 17801 8922 75442 44218 
38800 51768 90953 7138 8809 29794 36485 94607 419 411 91796 68574 23565 26601 48142 30699 5388 56870 41091 33899 
15387 11254 61347 68378 19517 51769 70980 52884 59345 15060 60388 49917 64872 44098 80182 40023 86594 95521 26878 35896 
53685 28194 40081 25164 33948 28510 29416 63180 47329 67947 1894 31413 19647 50038 92606 89090 32120 16567 99812 16959 
8622 64784 44856 16745 98443 13542 90930 45465 44446 85545 61191 86625 90111 24325 44358 69851 42511 55525 63974 51823 
28946 7669 74833 62450 34086 30079 3985 77793 32469 74196 56966 61871 84640 57554 21894 89537 56585 45628 94472 79605 
23897 25686 78040 29216 21870 86260 7018 59092 37840 83859 34402 43477 44587 53190 10420 28971 13327 20543 1882 22547 
93634 457 39029 72115 34287 75974 25995 48822 22245 33245 6285 17737 39154 13880 79878 70396 20560 61263 17811 57441 
89589 76419 16239 13458 963 23133 42511 40620 82378 60118 54442 54953 90439 27415 64819 74513 76627 50135 79490 40769 
37669 65091 34089 79778 36230 23301 98761 2861 99625 96915 37520 31697 25429 63795 85565 68831 27853 16893 36808 86342 
63928 65426 36429 42748 15534 33428 74839 25232 69628 35199 53661 82450 51669 79682 54371 17117 12948 55590 93529 92664 
7730 88448 78142 65082 4253 95756 50317 27772 70349 76798 25582 97711 64264 55110 71050 6254 61117 84693 49286 55409 
25214 8922 32626 76551 54414 86050 21549 38025 11772 2257 96002 15538 80275 13571 97150 54695 57154 35195 41674 38717 
9840 79880 86218 78545 81452 1539 26761 19343 21694 70249 13956 68218 19820 31104 73229 77076 14759 41746 40848 7930 
40909 34462 99437 72878 77508 42387 53027 53353 62486 9105 15684 78209 39587 76856 92491 47954 93858 22526 94950 61207 
49015 72407 26875 18893 80212 71684 35101 67102 67281 67967 11623 99112 845 11828 22967 67516 40333 10440 77508 94708 
13053 18095 41909 99376 82506 25497 58369 90116 24876 71090 9112 85251 68495 44110 55439 8376 21 41185 17610 9252 
15314 24589 99188 90920 79592 19640 31796 18711 73176 26436 41690 3175 66073 11189 61888 21304 63549 17297 43677 66178 
96234 46120 23170 65756 96490 24331 66883 86862 9827 691 4791 21715 83711 95371 50129 32893 2056 76374 17256 80005 
17565 45694 79294 44107 1349 35262 10257 47304 10812 52442 25322 81584 97947 36294 4327 39919 43414 57801 76659 79229 
26631 49811 28036 78278 11942 46547 22654 55785 10297 80484 97423 4516 52778 89133 79440 1813 8311 84969 97445 80999 
76027 94597 32999 42487 46858 95758 9412 35925 93366 52760 45353 12129 16445 5043 63728 6947 21263 36024 38687 37235 
24862 89699 28903 2256 51994 52351 58311 19567 8220 65138 22832 63082 43337 20086 47843 81059 21379 55681 51418 34223 
18281 32178 95688 87293 41502 83099 24284 1728 24842 77268 34893 37086 96576 17832 85253 93579 25064 38495 16433 5288 
56547 80617 92544 68049 8770 65589 30347 40322 90047 54092 52124 55267 9045 47352 29368 91699 28823 12433 30228 81668 
9335 83354 252 11691 17668 10187 13968 95067 43753 78614 99176 39642 88772 98148 16396 94646 61471 29781 84271 19619 
97572 88109 79712 53509 89819 82346 12705 80944 99076 47145 80892 886 97256 27897 26042 62652 58577 49956 81841 61140 
77941 13620 64608 31121 38097 86994 44689 5428 22146 8721 1111 17439 36446 22268 2024 26 8877 88216 51224 10332 
70692 36030 52228 8505 7739 34834 88439 2372 88432 21474 71933 95917 14303 50275 70672 30063 7458 69425 62425 84373 
45457 76922 27099 5293 76061 21881 73505 71403 28774 81119 68254 41769 43409 93995 93258 78662 33330 85077 8320 64918 
37297 74907 1089 9919 85944 19202 69709 24875 51265 39094 9881 43616 30914 99544 24228 66363 99092 88552 21703 16373 
17348 40627 61639 47078 48818 52993 17021 33472 90811 14198 70651 82372 26024 74744 19070 57917 33201 42143 68380 32402 
73620 59687 33668 48227 57289 28119 53806 401 87153 85509 75290 39593 75890 41944 26604 71031 91187 15306 95809 22622 
77181 80914 18447 98251 75671 25377 30824 86389 29333 39078 170 48769 22785 47569 53258 90123 17276 40866 2739 55585 
59803 2942 21623 38827 89883 34407 70227 60806 41829 37657 66986 41972 59247 32222 68505 92503 24968 4840 54308 46033 
83446 20229 60674 53932 53433 34696 58001 31317 73054 39572 7995 40099 89771 10522 70625 21425 8646 16060 65095 74281 
2005 52880 83536 51837 33146 58063 66488 94854 24764 37799 69261 78686 21788 53147 90673 17133 36450 50741 8755 31521 
36440 7166 50749 36319 98504 66027 50802 49884 96261 16691 56749 68246 3274 11562 29539 42548 79651 26532 98999 98890 
40491 14528 68916 44938 46291 57736 65052 42595 33917 63748 78246 82916 34740 92286 32618 54294 60518 8532 71152 15380 
46586 17377 2062 54565 78995 23415 26029 64469 38106 59918 71969 24037 45096 86978 51370 50503 98420 44173 86455 89152 
45985 86082 36486 69706 74231 19315 10719 66090 42011 21199 28690 29526 72194 75879 93990 47139 84142 56430 61344 5291 
40931 66959 56891 80890 82176 72986 27367 86332 35504 46163 63043 32734 28149 41522 26234 80932 78457 90215 17421 65961 
34788 40789 68376 30620 95217 50720 30752 41601 48452 22299 57935 15701 88485 13299 16856 44003 19565 37584 54256 7911 
98890 83615 90996 75840 61723 48959 16101 12844 59391 44411 71521 84405 10964 12428 15629 32456 85138 9384 49647 69713 
42660 33100 9347 76671 62765 26435 62610 6291 73144 82460 59409 39182 24136 55859 94150 88975 35141 37655 24589 48886 
28189 26575 52383 19804 51257 39803 85589 65906 22865 43445 89199 64769 51110 30756 97113 58597 30169 11903 26235 3071 
58900 99012 81559 77812 75648 31693 19687 61266 67603 70860 81336 29240 979 50293 65504 43081 13173 69731 75823 57827 
41301 8253 5079 88218 70945 1246 39990 62509 45256 17434 51372 88142 63928 56542 23325 3346 12477 26908 77493 93910 
13965 11857 94491 87116 92939 53520 81904 25141 2352 96512 62745 18838 11325 42604 76530 78158 66346 99416 4002 53111 
5735 81389 76721 60372 72633 91857 10796 68025 43352 5612 51638 29746 3723 84882 47066 20675 45234 52552 44597 86043 
21637 11513 68010 44079 58195 53392 39599 61664 25021 93753 15245 60420 84134 69605 38698 53209 60565 55738 88652 33513 
34604 22943 74664 50025 72113 18915 61577 72147 91562 1256 38022 39989 82866 26470 66428 20211 85527 39816 78283 99855 
72353 29 95664 75856 99801 93908 35185 20771 43460 12134 46677 76826 20804