96025 96004 77648 12783 28126 25318 86713 4493 60475 69385 76849 6142 69848 49916 19537 96074 9324 82996 61076 77003 
38788 28591 10754 81355 56102 23346 68628 97951 4104 41181 19267 79402 34852 15812 70585 49425 45393 52298 20703 63497 
13418 80637 54789 22590 40441 67655 93907 63766 48744 98432 37660 64123 25034 37694 60815 11260 83755 58909 36232 85958 
84707 92701 60990 43466 76830 48038 18502 11634 28428 81337 63797 64084 76974 12318 49074 67140 56965 54101 80686 97239 
28896 89628 48800 58384 54460 75505 96871 89528 64832 12396 26741 75817 47667 97651 68820 46261 47632 51124 36896 75715 
75344 33413 37209 41502 92793 75787 59535 7314 11489 27397 78056 1337 38796 94264 31375 98714 13363 89405 12640 33945 
62235 48369 90841 17175 91329 10074 29764 68944 12113 16821 18513 60113 29637 18626 17692 61297 77478 37399 16488 46138 
98671 99030 25553 43953 3564 73414 22314 74923 2644 83565 20639 10946 31529 97083 17117 53723 55201 62371 3390 11542 
10089 30213 98915 33023 28884 43009 80996 3130 39976 76802 72414 35855 49949 71286 84881 68493 11095 53638 29161 20339 
32761 12806 70263 80623 90183 17205 7307 83641 67018 77818 44951 93126 17532 22507 16128 43046 89602 12860 38219 46955 
86741 53157 71819 24618 80164 44795 62458 94300 18823 54339 52042 14752 63872 85621 72996 60950 88808 94192 76160 67261 
83845 36985 71007 32415 56022 63783 38555 33935 75875 65085 98738 76527 91822 2127 73432 42903 66784 94199 64373 41322 
22982 20608 23316 1800 89635 47855 60186 85766 77668 7999 99149 42601 82656 75212 98645 88637 30242 86314 62634 28479 
4150 30274 15155 9629 16908 24707 96646 44620 95476 37798 41772 15776 32311 79170 33848 78844 52713 64702 37069 81950 
34748 60802 33481 72015 28864 39601 67643 58456 97626 34379 38300 99096 29177 35271 27872 59110 44989 93330 9421 63603 
49154 99694 44298 55273 55558 94595 30876 1279 66112 69870 12832 56454 16051 49706 38271 96717 7812 6663 33605 22288 
66049 33784 7264 96677 68728 62822 42981 7143 1782 41567 2635 54371 25543 17198 74839 2329 17776 53822 86410 83685 
31006 50883 7802 70344 5278 75113 65392 11552 72031 45993 92745 30610 1942 25684 88212 87897 60781 2022 23257 75106 
93410 30674 5866 67384 49528 78572 17105 45607 66075 61832 75056 91059 68654 39395 23192 3578 20958 15820 52105 47650 
51461 68938 55902 17894 50358 41863 1766 64241 16423 28884 82912 77093 53567 75365 51804 73366 87054 6033 2347 67798 
15025 835 62808 26892 89241 10661 9711 79834 63397 44993 22196 61829 92934 61136 40726 80910 30236 9097 20656 10805 
61748 29009 62835 74279 33896 95135 19934 11246 91646 17778 32814 82966 70657 30182 2656 11334 50464 28475 66133 82064 
78631 58959 24103 82588 84328 10901 10489 71154 41628 21934 54413 95514 83731 50380 9596 48131 14730 3085 4485 82559 
92912 10937 71298 69681 31936 20221 16808 31842 1737 23604 82801 41594 64818 71210 1898 54603 86271 64540 22796 27308 
7691 90636 99708 93752 16395 60433 67545 9680 23819 79847 59047 82942 25926 99187 3526 58385 92564 5141 72254 19142 
42489 77252 90748 77506 82157 48812 8480 48045 86338 7495 22324 94867 20367 97980 63051 19951 93151 71077 79889 57226 
48462 85003 57194 55745 5206 33476 10107 47151 49836 42806 45551 46978 90423 54115 20544 63469 53933 60101 46408 79894 
31210 64174 29977 28834 56056 4259 35651 70231 52880 30159 62430 91816 17809 56235 13689 20564 15218 63928 27401 87777 
73381 93566 53999 21957 69095 89153 1967 66611 60218 2598 26587 2689 24400 99256 92160 89247 81497 61150 2811 61130 
12205 5234 99766 81171 56831 5526 35170 83449 29386 73990 20575 24603 18780 46510 383 94574 86754 72653 86885 54265 
84887 55714 57210 51351 99321 10714 10370 73678 94424 89858 43302 1127 88904 9427 27627 83999 18697 30039 44895 38122 
99558 66616 89041 90205 90204 35116 35405 71190 47977 67271 61646 70140 68753 2790 23598 35709 82254 99991 20055 42568 
78782 38567 52415 60867 56263 22213 97231 95791 29285 6574 61325 21917 47001 87501 51477 80750 7493 2957 9337 38951 
23963 69449 85306 91859 62110 86185 11777 1964 81983 44730 49779 16746 29923 17656 76726 24865 99915 71414 66220 65869 
83123 76359 75102 76213 99519 59893 49762 23453 24870 23590 27895 2518 12574 67596 76917 9215 50787 34313 95980 2034 
55849 16078 67473 21704 10461 16809 75147 4094 2985 39681 33792 89844 16250 24290 55523 85920 16614 7771 56825 85875 
54082 89624 70360 93292 83990 20293 31262 81195 54652 48692 72508 83140 29413 17667 93538 61008 86977 35123 91688 32665 
95897 70030 37622 32879 41389 51105 55413 34339 74244 41911 16898 69046 74403 9889 65848 33514 91766 28658 94532 27181 
10496 9014 6219 96137 89942 47407 38833 3856 46065 30933 51898 9283 74930 28447 21934 79672 8711 26537 83313 28824 
99813 7341 24898 75054 98370 64921 4868 5460 31679 69166 17123 37383 67802 89538 85534 64535 46977 80990 71707 88304 
93857 22459 24938 49780 58476 59920 67377 77416 20680 8440 74067 39189 18047 58492 16469 23237 37853 3135 95541 51157 
28151 55845 95964 25690 28463 20463 27900 80510 42385 89060 36868 98181 56609 94696 93231 84404 12048 34139 54207 29828 
18553 45501 37599 42142 68852 3978 32377 40839 50214 24908 6418 82421 17146 759 26561 77399 1987 58015 69431 77701 
65308 40869 38506 71784 43037 21898 39053 79667 48807 46788 49459 97637 60790 81146 95221 8038 38660 8649 31387 64436 
33480 66897 53968 75758 86226 68648 47179 55473 91179 50815 91522 4037 51810 63348 37440 32950 69892 31535 27847 13217 
61027 40085 89603 36648 13572 57123 31942 28866 39409 51798 90976 78011 52931 12083 76651 58458 30197 2893 92751 72092 
79827 52785 7291 84832 92051 2750 90770 64763 95356 59495 81504 78482 64895 49340 76298 7070 92773 64360 47197 12904 
84931 40012 29562 37452 92337 64868 40183 41732 42185 80858 13953 34825 26519 81044 22828 85905 33005 52581 89466 46093 
83082 35878 34882 91026 27562 20073 65046 42141 18042 82627 10699 71920 82357 40981 32668 56039 9658 24909 5051 77637 
58124 45778 8631 17664 73946 33798 31305 15666 2198 57131 27599 79458 47100 45956 98407 95123 53605 91574 83026 1499 
96620 67476 41055 23725 67021 71949 33200 14177 6533 12534 25208 81748 9707 27589 29255 33633 26502 28896 84509 16362 
13506 10875 7333 92580 13881 99990 25628 66391 58966 70154 23724 86467 65329 63821 13856 76414 65862 71284 25233 81440 
88736 71169 22499 14843 71211 26821 2716 70080 78594 75407 70272 42975 7448 79564 99904 33885 78744 40380 38162 98550 
12558 74070 59896 99642 13614 91133 68185 27953 79972 35563 53645 22405 53910 43069 40970 14235 23017 14389 39650 22945 
13853 79342 18645 20417 97897 30634 4529 52563 79422 55065 31257 10585 54485 16828 8963 90742 91717 17443 18253 7014 
33468 93706 64216 66115 94626 73375 63419 40641 25101 80977 4783 34143 55064 95891 38301 74900 53274 98823 63317 86040 
39635 82171 96292 51523 33224 59540 65446 76338 97274 83243 98661 93951 3689 79210 29586 24113 15217 951 10441 7313 
69407 64483 41595 14436 95854 2306 57333 16640 35477 9776 38880 94199 16337 66992 91297 1263 41166 17761 99304 78434 
47071 57649 30886 85623 28585 42051 19568 7315 28737 88416 50421 355 15214 91852 41908 55954 96579 79489 29507 12831 
57195 27998 45342 87528 41300 75007 36678 6839 85210 48250 32175 50416 67648 87516 58612 21666 8900 36958 17341 64506 
92046 28084 92006 97392 79047 96351 72410 30196 99814 52038 23172 60642 40004 73661 4220 77663 42049 70702 48082 98656 
15264 52373 19982 75773 6268 78824 77319 97661 65827 5681 58687 49234 80564 71014 11881 58712 58889 11408 59587 53946 
83055 50488 86490 99181 61285 63751 18486 73176 97567 74176 18803 9543 76956 21610 72972 35477 95965 54911 24456 61472 
88221 29992 73626 43552 55091 75016 16335 35484 37279 4680 77658 11104 33657 5055 44011 34963 15401 11224 95855 22095 
68110 48326 66318 84671 97884 64495 71269 91188 97472 98295 36933 9975 86594 65204 48492 21019 68282 35326 24634 34350 
56546 50855 11027 93730 60980 12862 99156 44174 15004 10658 49803 97064 62429 1641 25725 78166 33293 48688 17868 45370 
76537 34117 55699 95921 66244 41805 76923 44815 95789 31629 24023 74729 94650 55550 44072 52925 14666 50167 73668 88427 
30936 41470 55050 29840 54739 94631 82973 21481 34437 11011 73647 95504 47251 70226 86777 19072 50627 98924 23036 2501 
74463 62970 97848 2514 56222 93604 36323 50219 18408 31102 58209 80362 96623 49387 2497 77566 39092 64460 57612 48895 
76354 85227 54173 89550 29013 78879 58080 78804 77787 61554 16994 2859 89570 45101 9196 34307 48119 74114 38459 48377 
23321 73596 62098 78844 26710 80698 81675 84471 68732 12784 9230 97372 94853 59950 276 83770 26475 59422 8338 13585 
33546 49616 30143 44587 17754 84845 11590 9345 7993 44208 31520 37909 85053 14416 33745 7020 13663 81265 67863 26637 
21959 76584 69079 12246 58561 384 29531 71804 28336 31736 47462 47998 19932 3822 58201 49685 43369 16892 88235 93700 
93042 33052 44757 16490 76604 66605 7201 97378 22531 26594 82816 16989 55611 62185 97985 89445 1501 18903 53261 10886 
88688 24133 59871 15775 49490 59459 92278 41735 19680 17624 56143 19132 46113 45451 83227 17565 73573 39521 32872 89229 
68886 38397 11453 52907 28510 21851 42498 63970 12455 17704 60962 43660 13723 62442 6233 92992 47878 83065 87066 26706 
3445 92230 98820 25525 86777 9168 71850 37937 50761 76925 7392 77548 41017 83514 16508 37550 17752 9656 28192 67519 
49635 42475 29813 8872 84911 45294 3383 26391 44523 21806 57311 69955 83059 3630 25993 73182 25833 9670 71379 19766 
99898 92885 87663 46833 5297 97157 22623 95096 80626 4260 42944 24118 39115 86416 44661 45067 47104 44952 29595 77090 
98512 77931 68846 10962 31368 12535 13215 58706 45229 78578 86496 15470 72212 77034 31010 12849 34070 26343 98398 32741 
79789 21848 65625 87923 55521 2647 89166 94015 70938 67371 8051 45945 36890 20249 30924 90366 76414 91896 79373 65535 
12278 80419 83632 96158 17769 86778 92548 33309 76267 70692 43099 58797 94519 20312 87377 81213 78208 4803 71779 51063 
17979 2587 75221 36025 14729 85492 12710 47318 21186 84687 44064 28915 86243 66566 87448 53828 60527 6238 37794 12947 
64029 94703 25248 63617 46526 9689 2652 77167 5358 51665 1131 12609 42353 69560 94823 26319 52373 49300 58452 45247 
32611 6502 87683 35537 21396 30086 11382 36251 45803 43468 85530 93639 48580 2198 9775 40549 57928 89062 17189 28914 
27489 57807 7137 70501 8590 16117 64974 42114 64883 67960 37665 30107 79544 29314 88750 99785 70708 11687 7291 13427 
99122 70038 55045 36280 99057 77027 88347 21018 2042 51874 39220 83792 85814 12628 8888 92681 8129 13372 97865 74432 
73895 98025 23586 41375 88701 23522 1771 12470 4704 55261 46555 74119 95297 58457 5802 87733 41464 39824 63065 98321 
72868 17726 74139 92588 79163 36262 9137 85978 65081 13478 16967 85266 84710 75823 52716 4243 87416 5505 77144 30965 
14864 33237 44614 7877 98452 15900 68009 90823 98416 8889 65925 30347 47382 46057 40235 17470 15319 97799 30356 72110 
94558 82742 2432 21447 56663 50504 63927 39334 15643 70442 18964 87904 45671 29786 33063 25407 90547 50970 92563 3748 
95950 36670 85573 68833 53047 51954 52670 97061 24384 67762 4340 70168 96366 95468 78364 92568 65689 12176 18672 53610 
11306 52351 74023 30418 49022 66872 21271 29200 8660 98935 89296 24737 3735 39484 91992 147 55093 1249 61112 69766 
54393 43768 79034 92314 52546 14012 86103 44055 71030 51857 25110 32722 27064 58537 69566 29240 51207 79897 8153 11639 
54703 82624 11549 63907 47590 92003 3702 55655 35527 59039 71716 10786 18087 15674 14121 70315 62901 56549 75042 29516 
28060 38248 21575 19773 96079 82567 33549 67039 74426 98379 94343 49466 2996 77882 4702 44746 4064 36688 55503 82314 
2790 6626 60589 84327 43676 60848 34282 8764 79153 2333 14678 5202 62203 15451 45280 79423 53547 26863 39320 34454 
65651 84462 33650 66144 34217 55107 98420 55407 64735 84959 19592 42404 9230 47103 82462 47308 28061 43709 95552 69137 
6642 68594 2444 75037 53746 55338 65580 10590 20714 92959 43644 78391 28718 30389 71441 77108 35022 74048 674 37865 
9527 71143 89410 89588 20957 30659 70846 46554 83172 10189 55429 91405 91192 51879 76691 17327 48540 30867 2472 74066 
6819 30064 49171 25422 31171 27285 33173 40745 67086 81655 27241 67337 25385 9009 43808 84964 71165 17222 33401 89207 
44343 94712 12619 49095 46547 30163 17195 2489 52631 17082 66605 12188 46575 64777 25031 27884 11714 87672 53755 16599 
12684 22730 65564 45211 71817 65889 98299 75979 92803 10140 41404 47058 25709 49050 58787 77127 93940 88977 34734 52006 
25822 91335 92348 75174 9483 64755 73601 22885 35457 68873 3163 29306 76214 4955 11916 41809 13504 61102 34015 93595 
21228 27180 22668 31507 45900 48491 10805 22213 53102 59593 48173 1875 13087 69438 73690 15174 4255 5268 82356 30123 
79344 74492 68968 66721 51394 90193 34693 79610 64587 98060 67666 96220 11421 91276 89021 78065 14230 14651 11539 52577 
72351 5585 4534 9921 72295 70615 33622 95231 79417 37111 73207 70859 24938 91998 81190 5502 93092 13196 43584 28475 
89136 7209 96592 21032 27793 47718 5047 52813 41109 83005 16781 14567 72306 86235 19206 51487 39787 53598 20693 71183 
72926 3469 96484 28308 54428 24472 58861 11329 30486 4877 87494 17005 10685 44377 36121 6410 35083 49791 13124 79267 
17208 97921 66807 13376 39545 65691 99546 48124 57064 30210 1230 21083 66244 71643 60221 53550 34864 66724 1531 15274 
71375 99917 96176 66749 40147 53868 80730 86549 26634 84332 78002 669 16832 63278 44077 13707 9542 36807 64282 84677 
32697 28367 54387 63653 63060 40668 6708 37182 400 78171 94632 51321 12606 5464 10171 69509 91022 24805 46616 78901 
24172 90073 49829 62701 34848 23217 50788 2358 37371 42038 92407 45869 41008 54294 87197 48584 64218 47702 10867 77816 
60581 27057 18929 34827 76868 272 46208 84887 72571 82642 24613 57306 55423 40268 44122 55951 9984 33672 50818 8586 
71171 71191 59593 6080 69456 31121 3761 57632 62079 28587 47619 27174 74044 88378 30795 37352 6906 5780 86107 59196 
32458 79138 38864 58369 16697 45055 18453 16647 92555 53168 28919 99874 99896 80576 77152 73832 2787 98875 78358 20595 
82383 88034 10658 83342 29555 4887 84384 29380 96972 30678 98557 37646 17782 1431 42785 68298 10708 4619 14759 618 
74211 24408 14307 95027 28180 75530 18519 13816 66767 28660 1381 50339 85989 37460 11081 60611 70731 39645 65066 81587 
8652 95684 3087 84417 45150 68689 56009 34751 96315 44270 71417 75075 13424 23822 86272 68772 25484 54792 61750 53206 
84318 9119 86152 81849 64196 77674 38284 94011 65913 89028 10855 69214 61757 7455 86034 12103 16092 23512 41233 70000 
86535 11189 17037 75372 33854 1891 55065 71078 29307 29109 16941 60275 80379 36212 86388 16838 83076 3123 27680 20423 
32597 25108 74658 37598 17850 64017 74792 13814 65871 32663 43781 16929 61104 20481 44884 63495 31939 56228 62626 51444 
33559 74731 99230 58615 10040 37435 4116 85870 48344 59246 52859 21342 82684 1111 69291 57333 95362 68873 12764 34226 
68499 12106 11499 6357 38162 95506 42057 40664 43890 68482 7284 73577 68820 77235 32791 91926 97568 99375 92158 53860 
65322 61830 48913 77442 35736 21453 69423 78409 72120 6229 16941 5451 91231 20938 88249 50228 22671 8815 77566 75140 
97550 98329 15258 70239 54282 21104 62608 56996 87832 16216 95731 91787 22057 69463 22375 22602 39601 37027 34099 73984 
70769 22271 87467 5779 27019 79633 1200 55698 27426 19987 31686 54571 12803 68259 36129 66762 6365 56162 26792 79017 
81679 30720 18217 67433 81011 26260 57111 36716 69898 69862 83582 7483 34229 64942 24209 48014 52081 32824 70418 83355 
95151 84486 57246 85735 57273 91968 33802 17764 67705 23224 69282 90289 86315 82671 58649 77993 26497 65511 4215 73156 
28609 98244 23741 27156 16635 10661 46607 4160 88394 12062 39219 1974 31021 26823 71331 13591 17963 93537 1450 36879 
41505 45752 64406 75608 95703 49792 13776 50401 77235 75766 5680 25027 67635 22506 11264 46128 93884 82135 28773 59715 
26515 5276 24195 27855 36260 30832 68053 12073 76887 8052 47597 77523 48889 64637 60081 23669 77728 20486 3187 21353 
38546 43941 66862 66526 38394 53470 66433 1224 76194 17901 18764 26036 66811 37082 50797 82424 52165 7710 83466 61599 
24369 97361 19650 84926 64644 90276 89832 4699 2246 23832 53767 12011 54891 25641 60103 30464 90743 92409 15840 83812 
99828 95140 32657 22755 21014 44922 46419 72240 43037 8138 57203 6563 5920 47255 71633 69647 89445 76054 95182 94546 
73281 40082 50265 41955 58580 73800 90630 96107 46637 49759 93550 49400 85613 15075 5837 93924 32178 55192 89464 89893 
62580 23038 24529 50865 4154 93284 45007 3644 24822 17369 41215 60217 31674 3646 4768 13477 24449 75415 93616 7548 
52671 90579 34369 99271 41409 33399 97364 78107 3667 49969 48091 59032 99640 90582 89018 71237 67763 65820 44996 2622 
60262 61204 2079 5354 83627 2669 54450 37739 12483 81816 69157 59345 64326 5253 39031 27384 63982 72409 13706 3958 
24802 1125 69733 89412 31761 54009 49986 68613 62068 98955 89581 14840 87393 3402 31390 63672 50997 81950 80833 15169 
78556 33550 72779 50507 11696 71752 7160 17575 25255 69898 58614 12789 27274 95050 22451 65206 79822 28306 15790 23822 
42263 72144 7892 50114 1960 9980 62147 79294 9657 18114 92551 84689 19204 43578 92532 70538 10403 16163 15180 27771 
95801 47601 15830 41821 76048 57342 16644 51604 50 90741 66652 42613 23897 4804 8671 12672 32894 50486 18512 21575 
87443 84655 67452 54138 16710 96830 22067 2524 13554 53918 99829 86661 63573 301 33589 64008 93643 11182 62503 88585 
74514 91121 41158 53711 396 8013 84657 85072 32188 66257 92306 84213 98845 51389 58188 42994 61679 99812 79866 9586 
87158 15809 27057 93482 79009 7094 66307 10286 54111 95227 7809 76005 14640 77653 64054 85342 44341 86546 3115 59013 
45813 4656 44853 24055 4087 62920 32814 38480 51577 68312 27045 35757 75265 54703 88278 89827 68428 87660 80234 24037 
34747 53005 87143 83708 1037 12959 19438 81291 93611 38446 16218 11995 91505 9933 497 68120 15816 51518 30167 61356 
47647 40810 42203 41529 85962 88346 81984 10212 62910 94184 91945 24935 77936 95324 64907 66421 33735 83955 76115 81965 
99556 42777 35827 57833 82377 42235 25040 98139 92339 88566 20691 42471 75607 43456 43524 5147 10149 82430 25333 4666 
8965 59148 84277 75443 70284 45037 51942 90189 99600 64055 25746 96297 68276 28801 12022 56481 19590 31504 47139 41121 
29786 24336 35961 76416 25145 67285 97493 82905 69410 48020 86327 64434 40766 92244 76841 37570 7550 81793 26815 87946 
69296 66639 43595 89941 77425 62914 78667 95125 41703 43451 40288 37461 40827 77211 54950 56360 33654 72648 45305 46051 
45364 27929 83770 22305 88080 95334 76583 64881 92952 93481 6361 40105 24901 91274 89029 86064 99591 917 27053 31175 
7871 45186 20808 42015 43172 84265 15955 50764 87885 92402 53708 90195 18998 8327 83479 39972 18808 40016 34240 87366 
26903 38521 10023 97764 33155 9887 79906 33731 14675 9356 8759 17410 62070 82924 9022 10979 34626 41732 39180 74768 
25914 27099 37460 34787 99733 35383 37932 10451 55063 84971 89088 69407 97540 28352 35624 66138 84582 83544 90651 53663 
50599 16970 17892 78144 93342 32396 17307 7 7504 93366 64105 38663 32703 85019 27949 32932 50972 16709 70857 20569 
12964 61135 60027 68852 76149 47704 88500 19757 51286 19149 78118 73328 91266 54339 99931 40584 87938 50466 50029 85942 
93064 70836 67948 66700 9004 5944 62127 30834 83673 27835 16123 66341 37719 80562 38445 1363 83813 5936 86840 64395 
37573 43284 66353 28539 85883 42346 91265 68531 93572 61627 46442 97186 47916 44211 63698 44276 33853 64991 85002 51054 
57261 68271 68976 55377 27214 23984 49147 25010 16878 37040 85191 57717 76218 5110 59164 16565 63378 79702 50112 75601 
72955 45695 8518 94647 10890 37951 68373 70681 40860 8880 5046 17156 72905 95637 37655 21739 50877 8588 77842 19251 
78856 95481 31099 60593 77108 58569 25050 53562 75137 87543 2046 27317 69446 36046 6949 10008 47960 43501 72580 5001 
58501 1836 65782 59097 63278 9390 45184 92609 43580 40134 28881 97657 46796 38538 69499