32849 52076 46854 73385 50676 60382 58478 8476 40773 10560 73782 69183 99655 9092 50840 27756 10795 64439 44302 53903 
66498 51481 54698 71147 51263 69689 532 93758 78791 81071 79561 84390 23942 41855 89180 26161 42302 24314 68224 91252 
90503 9661 57179 46211 46914 11953 82232 21113 33114 98625 22207 45028 52435 22203 5203 87206 74254 6056 91783 32069 
5506 26628 2515 22154 99810 10346 16209 65665 84541 87439 95431 23903 74154 51525 51637 34480 34287 44286 35681 75545 
69077 85054 41991 69252 42857 5612 20056 11347 48144 82686 58759 91490 33732 23719 43853 88876 5882 86146 9316 80946 
57762 85305 25276 52583 97288 69466 13038 9879 19676 34178 56129 8568 56484 34684 20581 70897 86812 32832 47039 89344 
20632 12633 57755 86390 47218 5316 6184 87150 82291 79343 72046 83886 54674 77293 53905 53769 26655 20405 48590 59180 
90544 99267 74209 60256 33602 65719 98260 78623 29596 79737 83338 5694 7092 84003 13652 40110 27403 81218 16880 22431 
68755 32215 69119 83351 93154 74978 1363 62758 51889 27159 30649 57452 12931 68247 96792 8006 87585 41363 60601 42058 
56344 21821 94598 76978 50006 31875 50678 4172 82165 79970 50471 21550 31919 15752 12775 21200 96399 54773 85641 50053 
48498 70829 63689 90310 75324 53145 15750 17448 53068 56358 24591 39296 41505 54993 92807 64279 45256 41998 55308 50028 
15845 37068 34810 79842 16668 48737 57093 58180 22784 7668 69767 41548 62398 93980 40715 57296 79793 22535 73864 22697 
75925 87698 93050 32002 40546 51610 71907 84093 93307 90343 45490 58813 58179 54895 69058 51885 3800 65271 10065 8181 
98252 46304 96976 43550 84870 64800 66304 9238 79292 44651 86767 80569 59803 42810 182 4865 98411 20258 99625 67874 
55074 73988 93748 59286 72322 84586 22810 19557 69931 26600 40188 46743 60572 65225 71980 35944 35581 27690 42130 15432 
37891 25792 46400 54152 96526 1504 85014 71783 73234 41221 96607 63527 5725 4834 32248 74643 46119 52670 74013 6298 
15944 59643 43851 70526 8762 55854 57251 13255 46904 3971 70423 64801 99336 75573 7449 94676 63181 50147 72033 85093 
44219 3072 69153 39469 9252 8125 63076 68829 73354 12260 65851 28260 19407 26335 53315 66244 61760 74653 99329 88617 
83249 52059 33392 10353 65053 7913 1371 41877 65246 25696 14929 46760 91719 14960 2300 81930 39678 70312 36969 50408 
96497 87708 48496 42969 98573 54903 16371 41438 97903 30779 61888 96950 86042 53413 87971 71972 56154 31038 25164 20046 
11190 669 71897 19994 91050 20018 98250 3085 58245 64764 26404 2895 61162 68146 20714 61833 8606 18035 46154 83409 
41493 24330 24034 88007 15898 20133 12174 69024 22695 46262 92922 30839 68330 40133 22291 48039 51547 24906 48180 58521 
39844 42935 75408 59165 72519 45815 64582 30593 11582 83855 15665 61290 43649 68860 9711 78188 58266 3969 69401 13903 
36942 51870 62141 76984 14935 75277 60939 19483 93707 76556 46798 24218 41964 739 73269 51024 60786 27620 55717 3184 
32611 62484 82032 7580 21105 24041 84953 32656 64078 64812 97382 32791 82588 39700 36298 93614 8815 73368 36400 65092 
85044 68528 21152 18090 60690 23867 4990 29805 24329 15809 93579 32242 73645 14532 98518 58919 51477 90881 83630 65795 
16067 51464 63761 22994 17101 23776 66520 29209 41287 37760 39942 68547 76212 59362 96954 24086 67048 8327 82592 48659 
97957 13204 55975 12573 64729 55199 64514 33257 15605 27931 76693 61085 92251 55377 73294 88818 92207 23819 5165 77630 
94135 42110 54546 41319 47143 17919 54818 69104 3459 84257 34023 15862 66609 35369 8853 81717 10750 20279 25477 33678 
96358 78759 96873 36294 92906 65794 79501 62703 9665 18624 31565 24538 81958 16389 25055 24926 37360 94209 77934 26816 
961 4098 72930 85469 60788 6891 32041 424 24332 76480 78228 99484 73222 74322 66439 85031 2546 43935 83147 42726 
97367 89545 56619 34056 62298 83188 90972 59934 78056 55017 35727 90399 29580 31434 82979 43339 70424 5045 48970 60661 
43351 7128 58804 67823 35511 79208 18238 44485 64083 76875 62141 15362 45058 63409 13021 47188 1582 83646 64738 4077 
57033 7212 58961 93908 93828 96793 74785 68331 38 87568 69734 11353 21122 17841 49157 76962 56155 66709 87194 74757 
14934 88261 12612 56783 832 91622 83928 47445 583 37578 23976 19739 20627 34535 53440 91684 39604 27162 70873 75388 
9746 40854 2912 79050 39039 66275 55529 88341 94969 72953 87242 61746 35334 50478 10524 70731 62469 15222 30710 24754 
50 82371 84422 83592 59801 24672 16012 99897 52314 93775 98456 98575 19278 25741 18559 90245 91879 87491 92205 61139 
86858 31190 88306 36865 4669 18443 92739 53618 78217 47001 10468 44394 91938 48671 24651 27758 49306 72005 27008 42189 
31172 33604 34594 29053 73515 81548 42132 23825 82078 81234 85623 99555 62111 9482 5666 66393 99574 16129 74697 44890 
20703 72183 16976 76388 67333 74414 83237 81417 90147 16708 93672 24864 92547 75649 23961 41702 71024 89874 48278 8230 
89290 5684 62136 25619 11181 28547 59795 19819 62243 28651 1032 34193 5500 52680 73552 67755 89103 42170 75516 41307 
7717 2584 34813 37904 22532 40932 97680 44072 91940 34470 99033 94819 32822 11400 15699 38219 81576 58653 62064 99586 
94399 87509 41068 62062 71949 41660 73719 13037 28202 8735 12368 67020 80201 79494 40793 61185 34218 22939 40417 22234 
64508 45231 19716 13771 11964 3456 97017 8512 48785 69716 87010 58060 61922 85737 95488 77401 6018 12556 62920 16387 
40794 17617 52074 18673 6552 13662 85611 85662 76800 17424 7247 71147 79652 76081 81411 33167 39200 19428 47410 37206 
38451 63053 16562 89392 62961 34916 72257 66763 28055 47079 78884 41057 52496 65924 51570 46340 45181 69542 41268 37126 
71109 19175 2254 62352 6387 56100 58949 73630 62172 62544 13714 61715 63017 18521 8647 84264 41915 16864 35888 75631 
22548 37669 22184 12624 99530 70250 75143 5756 65261 7795 55115 66250 96999 68152 58204 44877 82221 69340 68545 77454 
16358 85877 21363 87342 23091 20691 53845 10815 31691 61107 50295 1495 54527 75922 9798 20492 41789 43911 5123 52741 
57866 57460 56425 54680 71931 11268 75343 83477 15250 77885 21362 44171 31292 45202 55469 92698 45030 3018 89025 93685 
52694 60073 21960 3283 81898 79789 69718 86594 3239 78398 47848 15215 57126 17705 74647 98279 67935 67474 12575 78766 
36915 30538 18901 23212 27053 40712 97473 32179 85838 95406 77309 30084 15742 42672 71898 60853 65273 55450 21182 34993 
11184 9226 49874 27832 99473 93330 35582 44251 81942 68037 37772 76002 4273 90421 86059 32559 39946 27393 31965 31391 
36477 620 69355 60537 81726 47777 97071 59082 73740 73613 68998 74770 699 69904 1212 46815 79428 62474 60978 56720 
68841 48816 68278 82719 88136 2108 86440 47981 41075 49485 76485 60921 92483 28029 79650 95760 833 99131 84939 302 
50299 31790 72614 45971 31416 38143 35329 40893 3039 2409 78661 47055 17046 58187 57063 83262 40302 96808 75354 58702 
92357 97512 87115 54364 71678 2260 84582 98206 57224 37110 17469 14361 59764 41879 15804 21899 91195 37996 27027 22004 
67432 44938 852 32649 73297 54765 44747 51312 17085 28809 97230 26243 73691 24612 27503 82973 37033 42670 43763 87157 
68914 78878 3934 72680 25892 28050 75456 93596 90422 12504 38420 3399 97567 95085 64350 87411 47799 4707 70730 99743 
71071 36500 18096 12320 96265 71966 29778 58453 31401 69043 83577 31072 93108 11035 548 51252 70115 28214 42264 37605 
29723 52275 38425 35346 22600 87662 98440 31566 55131 33588 9760 74553 88291 96838 32062 61216 24844 42642 13650 5872 
52614 64615 93105 52632 11099 97191 26298 5886 17747 65359 40539 17257 31323 67606 32520 43877 33791 44958 57287 37532 
86777 66984 83707 13094 15370 66541 249 59462 24026 98032 10901 40371 78286 89671 77055 34497 96876 18033 73866 15101 
43636 98117 10785 15915 35581 94808 87764 58015 82010 74898 53111 2051 19434 47376 71803 32888 10358 16754 74590 93052 
62167 62268 12842 493 93141 17260 74991 24300 84416 39784 30223 81339 7020 41198 42696 65914 31599 5629 73298 40037 
45931 92067 42955 45261 65828 91062 31310 84736 94397 81386 83645 28039 52750 14001 9671 87947 93020 16874 37553 40347 
10435 39518 67974 10700 68872 2887 84404 22951 17786 88719 69158 82483 26348 81822 89289 2998 88237 97037 73190 39045 
27064 82819 11544 50848 29091 10516 63679 47882 26617 11540 55519 38721 55828 45380 46365 56228 55411 43709 99531 98334 
72155 36787 50120 2978 84207 87270 38996 5590 54539 33715 5135 58167 69093 11746 90264 72396 43001 10079 39128 93431 
27372 20709 81047 94585 35591 36270 58702 47963 31052 36059 3110 98856 25608 3199 29610 46238 7376 61056 76182 76837 
40875 50659 16133 1957 33540 84378 36312 40631 83296 56191 28167 24681 20933 11771 7000 7045 52240 78178 86815 62195 
82308 23281 80519 62356 47580 88624 13861 86497 21147 80467 63809 19484 82055 19452 22756 59791 99979 88979 25115 65582 
58715 54838 92973 62339 9280 66944 84535 80405 43781 22584 4548 17938 32871 4052 74415 909 18565 75360 53948 56249 
62665 65169 77846 58719 65972 37414 86953 75351 11930 98911 7194 28453 73728 78450 33486 91924 19560 67034 98755 66790 
24745 3688 36996 7367 96603 89249 79036 64045 17615 64773 97221 67156 88238 69125 65466 83014 24449 46972 49499 492 
66882 37190 91611 43697 55261 38502 55310 82200 64795 90573 85259 9521 70481 81617 20055 96533 48218 38044 40325 60896 
85869 35452 7035 81601 33703 88631 17488 94307 8538 31356 48436 1441 27365 21021 30768 24241 23621 33515 90145 14156 
34085 83754 64314 47856 54060 16632 88773 6118 94058 99092 76896 2388 86325 34038 62755 11641 15929 55396 45746 17699 
19809 88129 23577 83196 97679 68712 34655 42739 3479 92664 65070 13785 29907 29640 56342 87259 80371 32798 92977 51609 
25344 47023 77261 86264 71850 8510 49795 22522 27814 48355 69483 7009 66527 89895 35584 79743 8175 24393 89058 93374 
776 78682 13521 52358 75338 63830 98964 52780 45857 50473 90388 25676 31078 61869 36595 83015 57679 60672 16449 9658 
50064 39217 9271 25945 48865 38952 81985 35527 5637 58600 49286 11855 46656 40311 83788 53117 27931 16357 61438 34924 
57618 26958 29180 64318 82550 74216 42810 10746 77799 70657 99033 20627 16044 43268 79109 82068 93360 68675 27749 66203 
99914 73181 67458 60754 93835 59247 75730 89805 14843 21778 33691 42968 29465 47273 72828 33485 15332 58508 72590 97459 
97133 73242 73359 23673 85146 55213 18627 90301 56819 63180 19335 72813 89682 19888 17020 81280 69131 84454 15460 29442 
88072 20283 37106 50770 61687 98742 36118 18585 31570 40791 93259 37487 80652 70961 1500 72517 26170 90280 1746 64880 
1227 39832 26768 10916 60568 74607 12999 53462 27130 12295 31280 93901 60513 64814 12498 87862 35592 60486 17377 1863 
37577 51977 9844 16659 7422 50340 15749 42033 38810 48181 98929 86937 2882 23058 44844 75305 11075 84828 7758 31018 
8702 51413 43242 60496 16057 67912 2900 23019 26975 52385 74464 53536 53040 98164 39692 85527 28090 81008 86985 84578 
9494 79727 88910 40954 19049 78400 46715 64010 86103 37536 79875 73752 92397 36029 89167 73128 97877 92389 62226 30954 
88286 82855 64370 10798 17707 38658 99673 63484 18615 9670 3299 46315 40532 16736 24032 89032 13193 29611 45291 20088 
78693 62532 36348 79002 7631 72703 56041 43739 95110 68248 12654 62349 22752 83045 23981 70585 15759 54088 56169 26185 
88312 72188 97802 90715 2766 28948 82883 51849 40337 22518 47463 68782 12417 80503 70097 10611 70355 48982 69612 59102 
48167 31704 87473 72658 13739 91164 25310 32380 92017 76133 74160 2102 97613 24845 35375 82049 23698 68578 3494 477 
74920 93664 13529 27228 43307 24350 57749 67385 29172 48547 2823 56187 12009 87828 9137 94698 59531 58443 14940 68255 
31929 53434 93880 98471 41007 34180 48621 51716 26070 17514 49929 6208 87897 77448 33792 74330 31535 56589 85767 68192 
6990 41740 18113 91992 64988 81819 20202 40439 1173 56526 33580 91650 55120 54771 66132 90290 55801 7728 94927 97598 
10188 70874 99867 52516 93306 4584 15577 33625 13952 57379 79031 81781 42272 47362 1596 90211 75670 58685 6423 87010 
31405 6501 722 80352 56205 86680 44749 25235 55603 34636 536 31034 13655 12324 27746 2438 41469 22957 93075 35431 
65081 46456 36028 84113 14924 91596 33711 60622 36960 55900 61844 78431 18377 58051 1127 19942 89165 94428 70314 75537 
51815 80672 52718 56832 68755 50097 33264 55054 5996 77186 63689 97210 45470 29614 36927 33434 55717 38189 86977 81845 
1250 84464 24333 35912 26546 79378 47288 79701 25938 90903 62329 10979 2455 17444 664 60449 18561 82613 3246 19533 
71351 83638 74168 4946 73735 11694 60868 88974 42941 94044 87162 56808 91132 67287 61364 24312 52367 72908 62429 33340 
61192 95818 18737 78446 95067 16901 17965 57788 95469 73488 5400 27000 22470 99370 28018 39711 23780 74557 89622 6931 
20429 59091 12437 55939 35470 65988 53193 35418 3236 85666 34252 47405 88697 38051 56496 40402 62185 6976 778 60415 
85409 31796 80229 11265 24077 53899 34449 53926 48319 32426 55673 93576 86719 24616 93773 46542 24103 54132 26285 30000 
7327 48045 51400 17108 23871 43948 62117 19925 39150 30358 24955 92525 65361 28679 62203 89536 66842