9837 64941 60292 20566 3935 71641 23612 50423 44400 72213 47106 80398 91849 31875 60760 83934 91104 66098 3335 28992 
96334 84799 23218 89321 87240 61321 1058 20233 44187 56556 50009 63814 17539 72125 35214 61674 47928 73074 36105 75350 
70619 66666 88062 57469 56978 42791 48354 44591 62750 48608 49730 48624 72991 22141 30641 64684 30618 51158 70116 60504 
75319 56961 84778 74456 28333 15420 55551 97644 67988 60570 69132 82786 27920 9746 15712 6336 16784 24335 71011 43203 
99487 91632 86710 83174 45534 58842 22245 25210 57173 95901 71871 43106 80363 17099 16256 17301 9904 28599 74042 19361 
34093 39578 64540 2089 36198 89503 32354 81831 64269 27218 42420 43934 77184 9195 23578 44694 74547 52499 36289 35543 
27781 32292 61303 54644 62163 19803 26098 21460 83372 70546 20841 38434 51136 30203 76292 36562 7487 51676 57030 31864 
26758 84744 72157 78014 33397 43216 11181 19450 94627 1137 76768 45167 56092 73175 41079 47157 93177 51166 75839 8505 
54063 24895 27922 43565 66741 4287 28699 45390 4671 79058 1855 40749 1247 35319 96238 40216 40463 42580 92594 72830 
76083 15693 37203 69966 9827 25392 73803 98414 7593 60591 12660 48769 5776 8929 98364 99155 33086 70636 87244 61716 
72090 52232 99045 94676 33449 70438 90856 1416 80648 95708 48127 75494 52260 79225 8204 24129 16948 43741 32238 84264 
2719 71442 21256 91392 78737 20626 48999 54609 21635 72066 54348 64418 9582 44501 58406 78720 39076 96180 57329 73929 
32727 63779 6212 89704 32709 88713 85979 84808 89047 17262 48164 26331 45510 73339 88109 69253 13648 57141 60120 82395 
75777 8867 2075 12966 53652 68624 29468 60798 52738 33663 25431 55085 30639 43113 64709 79483 41555 43153 10682 96238 
95663 80714 80091 27405 77496 78534 14479 42446 63362 11888 36373 62018 21604 84950 32408 73826 39890 49491 29285 42369 
83848 84321 81861 74912 90494 25585 86321 29660 79537 65545 43556 44451 7142 58392 50030 76944 73556 24733 90505 78799 
48889 37823 85576 60139 514 29094 47473 80356 37299 32511 74865 85207 62329 31514 63171 32911 71847 66467 31412 13097 
38200 87257 863 71458 15383 43993 88252 36037 88213 77191 18010 83813 31734 56720 60026 51397 59935 30642 85184 51657 
58660 96205 32589 80581 53497 96109 73840 38939 12556 98999 78419 18087 99938 9768 86166 81730 85292 91089 98417 30301 
28814 50305 56600 94605 79269 69874 91395 75804 44145 45058 27012 31442 99333 97895 45304 40591 568 28381 60547 94495 
41359 67248 54677 99616 25396 82697 95498 31230 54552 10081 90249 19612 5374 47194 18459 85446 86851 76965 61143 12500 
27135 30024 22465 21054 22511 37082 79003 37123 85043 2585 33322 40279 80131 46150 43995 88156 2388 48342 29133 92644 
82816 5326 35187 27088 18169 37877 13397 96853 90390 85480 78010 87476 7721 37932 96567 35133 86413 41061 44571 22533 
55146 74811 29423 6345 88655 52859 77686 87128 36081 59458 54514 89665 84419 91791 38290 20559 73289 6762 2168 81508 
86949 63513 42329 48944 14111 38905 25354 118 7040 89941 90434 33161 31714 54359 26697 77200 4710 69643 4947 14411 
33296 6594 75780 37069 56594 62744 46583 64152 49432 3514 26987 33300 7974 23559 90447 38868 3318 24554 56550 75401 
98098 4349 8086 6753 19960 89730 86193 62115 83198 11999 57572 94681 65917 53886 51832 44619 99058 1758 8878 35847 
917 11921 61182 30570 49257 84905 25984 59096 59155 80107 84767 79487 22138 69939 70705 88363 25633 54640 68597 4745 
3638 40917 80524 47124 57973 70924 10141 67180 96899 7931 88133 66449 54970 70846 63019 43353 69607 91356 58155 6682 
47265 88569 85368 65763 7980 27178 71158 63638 25775 35175 93413 44020 98431 9497 59464 48309 8779 62212 73883 56503 
48762 27582 22660 66270 91323 26640 35171 87441 5821 61481 75610 90352 20025 38470 40691 76324 3723 84472 30924 10154 
68198 95230 96303 8713 30363 18499 87178 76967 93678 17048 41744 7923 7033 85691 2060 27142 67393 26794 64017 45046 
29414 2450 76048 5265 27184 90610 49272 45393 42102 69597 11028 70919 52521 78306 91342 71540 85667 3638 2603 47400 
49524 57000 48472 33056 25489 12946 81128 96054 1427 42423 37621 80976 512 94213 33956 64597 718 72721 51777 32117 
35797 58398 15612 10694 12980 36293 58401 47788 18923 83109 68766 76106 35160 41620 26789 16540 83732 96886 70663 75418 
36439 83295 57028 1065 47416 29010 48466 13751 23695 57496 4722 13817 17691 25704 97522 70157 7130 97214 95005 45238 
51349 9908 85483 20945 57518 58280 60906 12275 65170 52981 79730 97576 16025 28227 66676 43951 54201 5147 2378 12259 
43774 6349 92640 35579 62388 24804 59155 75910 35898 59951 58101 69472 69630 62647 54457 93960 29652 21558 81847 45430 
27883 33309 29595 58540 11411 50628 10718 50308 38769 49140 90434 87456 11154 85671 90637 31157 14843 78284 4003 13116 
26479 63156 56817 91338 2466 715 76526 60208 97019 18909 13937 67419 64240 55162 51309 79886 38637 56795 86750 32829 
28072 72982 96592 93647 74648 8386 27576 38054 51570 43494 69983 51383 87021 94625 10798 21125 38123 9254 30874 80687 
71331 76756 14398 19273 80362 78102 14509 78578 13493 43706 36282 42803 69862 54574 64884 29589 48271 99310 72700 97390 
35476 81141 51285 98035 61972 26149 46044 96183 79243 97609 94657 33018 78749 51135 1944 21015 75207 79238 99440 75815 
20944 10007 83947 53503 82058 93723 57113 99294 76409 50589 1127 58810 51971 33706 91148 66826 80962 37537 18490 72643 
14316 82353 82404 87077 96526 98323 64997 42471 39498 85185 54113 5549 49264 48667 51274 2364 87337 77806 90651 68950 
82972 84849 80189 21500 16964 6993 87499 84907 27044 3936 91202 95381 29032 80348 17593 71875 74403 45661 23693 53998 
5580 4870 32507 94629 60389 1081 40928 98667 9677 71699 893 53700 27378 84085 58979 80227 87874 74993 4722 4355 
28463 72322 96245 82932 42536 56784 56598 32596 95787 55856 68897 69523 3644 83803 26165 20884 41071 22416 49437 79125 
58747 95649 72961 65333 11935 4523 57017 31837 49138 36552 25266 38492 12833 49980 4088 90660 86185 96736 33938 81502 
37136 77987 3696 66889 31043 40478 92918 29353 12000 46229 61246 15518 49288 73481 22399 35895 93431 65473 66993 73309 
60296 8857 72159 91883 57880 60431 2044 29316 7206 9977 73390 87675 15837 43297 42786 5727 92771 53833 41185 37313 
58148 30754 33446 70225 70503 98326 4682 80489 94807 88944 29646 38520 43356 61844 3961 50346 66773 8726 28919 70098 
1375 64944 69080 22818 11940 82909 84757 55239 38944 32826 22269 64860 90124 44905 37471 65962 90458 25628 65468 49471 
23674 75423 25366 86130 84043 84196 21076 64649 29152 14184 45662 18589 46250 63795 83762 59362 64899 17283 28802 97778 
390 47935 43010 59934 64591 25080 77993 41264 75260 75419 54861 14616 66553 30418 37913 64011 80589 57681 44485 85948 
14999 65990 21796 66936 63425 27913 41411 86803 22439 43253 42586 15376 10388 82611 83818 29762 86988 69066 20090 47126 
2816 99703 82438 12071 73850 27165 45719 436 71180 63061 30193 89698 10725 46221 11759 71855 43513 64953 47874 42524 
21383 1052 61051 52073 32758 22295 50552 50665 70702 38569 93621 13291 56162 91702 74100 19275 71894 6609 98810 85310 
73748 16078 56100 64780 20725 94 68757 75672 150 35456 59754 85198 88001 19807 60739 13102 43508 87750 96563 73411 
94646 12332 16726 58312 97867 41097 20995 59112 43955 16179 34157 89006 50480 86326 44582 45024 62437 35808 62015 91005 
11075 20130 51778 60932 94652 26923 2878 69878 2744 68122 309 44755 25528 58744 34373 17955 59247 52864 65486 5406 
84405 69732 92749 33434 35995 97500 46632 76372 26871 22906 58497 28485 66493 81056 72843 44595 6402 98105 670 58364 
55772 87441 50973 97572 78983 99470 54291 55209 78053 74271 54832 75229 21865 11078 10311 3330 17193 48358 69959 15568 
56998 82421 78450 25955 99289 7473 76192 52162 78275 22588 95785 45415 89263 57388 43558 21962 96682 14305 92718 2104 
48333 12437 21058 11674 7242 36511 82776 55837 36329 23317 73879 77981 7694 37707 82817 80251 52105 66359 22180 14749 
75078 84653 45580 69810 38344 50016 1117 15814 32743 64024 71468 69664 91829 60053 63751 53437 65526 7425 97151 62070 
72719 4638 29893 89974 42668 5746 69686 72217 23649 42796 71260 12809 17527 84688 3435 45591 13535 70205 60385 67642 
58746 92269 86973 51842 19809 95563 85994 92270 77253 46294 21051 82186 9847 20325 49066 55208 4682 38279 2609 91694 
27521 79925 22604 93745 29210 73936 1553 26636 89477 23741 46695 91928 67147 29331 14560 59766 51647 58919 19758 46791 
50700 25350 98064 45472 67632 93617 53350 36360 9295 92532 72311 7039 43748 11300 94244 14472 80262 58358 40353 66133 
40466 71644 98839 61528 4189 31528 52102 66049 26446 61349 15295 18956 32002 84704 85675 6996 9207 68629 32824 12936 
98403 60040 41560 69839 93707 92816 59715 43054 34506 75736 61632 4674 24307 80110 45382 41266 98608 3753 96282 98536 
6629 70695 11733 96458 59904 21421 52965 90564 85920 97150 52124 81473 82084 52016 12570 42413 59062 75732 39710 44844 
93312 55374 47021 1965 23829 32370 82221 32078 87204 46746 44755 73695 23268 82077 55582 35167 7141 8055 56077 62160 
83799 90724 42773 42688 24171 45424 34524 33561 34961 81899 1529 43791 67245 75391 73251 97142 14989 47026 25947 89383 
95789 41471 84859 3786 80774 26303 24785 63161 26019 66039 35607 89702 81275 6921 77300 93201 94374 7342 999 43613 
5505 28320 97449 89994 82277 2607 90097 23566 90031 74384 30626 41135 79178 77336 2970 65405 35928 87947 43736 40445 
23658 35922 56581 92831 73163 54821 83194 68992 50650 4372 63190 95989 99558 32183 89162 5025 38133 43507 84704 54856 
20706 7535 93865 80113 94801 71425 34345 71377 63236 47684 9486 75473 25361 86391 16421 19458 54586 42929 76460 90809 
74662 68605 89980 99804 95793 78712 11129 20025 14672 39955 90335 91906 38728 98390 37154 80220 67978 42448 20127 1423 
97233 63891 49349 51284 54154 95771 25064 23214 6382 21969 45879 36966 88772 97322 86848 88101 21559 15560 55222 40260 
92582 38177 57144 78520 31934 64099 88991 512 6903 89187 53516 73995 66755 84118 78834 16688 14552 74938 26127 18959 
59148 24029 56881 82888 50475 20127 96851 87147 98377 50483 69918 91581 70797 13360 43025 38934 19858 84969 69224 86282 
33637 72345 97915 39050 519 38890 26187 40996 27704 70961 63250 63545 26585 29165 43929 76291 90553 88949 60437 72211 
70368 62046 45585 55525 38683 97081 66488 884 7192 68406 84439 60466 75669 14377 91605 63314 97711 14086 8574 79862 
57287 52586 52280 25505 47061 93167 11666 8678 4303 97637 19510 94846 68465 13631 36052 99794 42316 55132 28306 54046 
16646 90869 27181 33862 13936 29681 89192 85172 91615 65179 23556 7298 89393 38639 36458 20434 94466 54079 21956 82046 
62153 80 31626 69697 3633 31781 68874 94764 43359 8616 46499 72291 37527 5866 37517 97404 88805 29718 13935 62041 
83472 63997 30036 72286 65333 32607 58309 21820 19013 45964 27505 96238 84212 44459 52788 32816 36309 23049 78407 76672 
47694 43272 97904 68694 15894 94738 52351 17150 38140 50239 33352 14341 1994 98206 33637 5441 76699 24483 41505 72769 
97791 7514 56177 85434 58557 68176 79076 83842 23539 6500 62794 10325 40124 35092 59606 63060 49563 43037 33166 49171 
44668 42576 7890 97159 87012 41133 34581 90745 32036 1413 11153 27113 63938 60079 90577 59196 15206 84568 97305 26644 
55823 9061 6812 60656 99697 15490 81317 36113 84248 73192 3255 11055 37145 81812 78966 30670 9652 9538 31321 60354 
7511 47332 2328 37489 59050 2272 84843 92653 52068 43796 78428 69505 9489 41309 23399 88134 69795 77112 46727 17943 
65856 67542 65989 92444 6049 55104 492 60889 65345 83458 35350 57086 55717 40531 7037 26715 88571 79228 76713 86013 
16587 82898 20408 18518 48315 95672 88009 26084 38425 46140 27988 25286 83056 80256 56924 62618 81341 4719 50224 65683 
92483 35740 93078 55210 25422 91535 93322 52224 24742 76685 1588 59751 68944 3919 58182 11407 56792 25061 53816 87083 
19342 41337 53518 62639 1210 31372 39118 6247 11247 97305 95451 26326 39577 99307 29759 11076 77297 62805 54545 18575 
39511 27544 88386 5643 57883 87312 33955 17616 33492 60018 35403 35151 81212 53493 6756 29146 37895 14072 80982 67072 
59671 90911 89809 9119 6753 95403 3089 36839 21440 58326 52558 34336 20205 45876 16948 24765 5066 71232 85902 27499 
53910 52364 86774 22257 80209 22479 86944 16292 78464 32763 4291 92765 34594 12169 86626 88182 60083 72625 27550 90542 
37400 3282 69305 49639 52991 84258 86821 70056 42497 33488 72847 83438 4276 70845 56107 71495 24571 59065 54761 89625 
60168 16564 90399 3828 13374 93396 18594 75711 47228 96065 30160 62332 7760 20565 49698 94640 67373 80737 82796 2787 
66711 7226 41697 51368 63099 50252 64413 46290 45202 77801 10430 42576 31539 66229 40504 98898 63832 46794 61373 71677 
58951 71576 33504 55309 55933 10858 1629 93427 18890 29133 38342 2296 59524 80134 79553 20752 88905 27730 47435 39336 
36046 12503 83633 63899 58584 98192 48048 84062 94819 60779 33947 67063 18903 82335 27115 59885 21872 78240 68127 92316 
59826 90264 98422 24843 41644 11280 35519 55832 80052 46062 81034 63654 60079 91501 93706 15012 90150 49011 49513 65554 
94334 19902 72051 69158 43627 98346 6575 74084 82441 21547 62293 79678 23767 13024 26263 96606 74132 20622 27211 91408 
43349 6299 99376 49888 89860 71130 21665 4879 7934 90429 57769 1681 56674 71257 38347 69520 3866 36069 25316 55188 
7070 71250 41776 14935 35989 58581 90410 12745 97943 71793 76512 15125 7792 87374 42689 32250 13696 66820 14685 15232 
51761 88719 30364 69427 99746 17090 56976 66602 20892 53177 49351 66005 47219 19042 5598 40840 35096 58748 14839 73225 
45675 49290 21764 80805 47109 28540 11306 2883 713 4604 51088 34193 51223 28575 17745 76804 6627 64761 20075 22789 
1949 55582 54280 28143 9814 28169 68341 2290 47434 55756 49802 86878 61827 58523 56612 35232 85241 65313 65363 57478 
45025 45866 2575 91556 83903 16513 5984 41194 57292 2918 18668 11313 45940 15266 46961 7736 77969 49943 86245 86278 
99728 11413 43552 85258 76131 66332 69622 89483 99769 76931 12078 31037 66183 5561 81325 2452 13005 48797 69003 99970 
62849 21523 23791 86715 77362 62560 91627 70341 91336 58817 15019 8800 41430 70694 70017 47794 82786 4816 50986 74119 
30015 41234 54784 14038 29180 21935 8673 23555 16352 85842 64005 62733 73848 22896 13721 31692 88305 89196 63279 92633 
95475 42356 24787 17678 72694 97347 35625 66730 59293 13015 97401 68510 23523 71497 32157 72218 45076 27969 93008 68975 
83915 88540 33790 44539 66758 952 89268 89687 95224 50187 65093 8070 80427 36713 11516 58435 68590 15215 88147 52917 
55974 93205 97500 537 60256 1111 24825 19790 2037 28247 56205 14334 12355 12356 17058 29881 93643 84490 24303 49497 
28119 3427 37879 6738 85690 90043 9067 7385 33277 5506 96442 94889 60298 7660 77641 55636 4302 25885 19585 9779 
41789 64067 55799 95758 38125 76835 54729 41994 45226 37810 53050 53459 85803 83326 82257 69155 18745 47082 13816 38214 
99121 98898 91786 4868 45380 95678 90420 96659 19826 64610 54481 2117 39525 5706 42219 48348 64944 65911 74687 5092 
17589 1051 92600 44176 12691 25652 10707 56874 15640 75142 36847 71853 20551 50537 80103 20657 20248 25421 28321 28291 
25388 20299 67559 38000 42709 75985 884 42188 27231 17108 64279 87589 89646 50006 91325 34817 49958 77720 1469 85748 
17736 11267 28284 8552 75038 18162 80549 94475 86011 1233 39661 99264 42085 19262 15624 2872 88981 47068 67201 14771 
88368 41563 7762 86934 42076 68707 72092 7090 72982 43682 14917 91199 98767 10365 15719 81064 31848 39186 94583 62014 
93791 3175 45317 84301 26140 50837 10161 33496 93826 44208 48145 17061 50538 8565 33237 98051 76179 17156 79622 43660 
16642 6916 6143 54414 72846 92779 30868 41331 92710 21769 28333 60624 313 49413 9057 6501 95310 98451 61069 75827 
55179 60569 32840 82930 58986 33969 54101 7303 22862 65722 20042 50408 11262 22743 94798 7071 28434 30636 47698 895 
86770 24005 58940 65537 33516 99093 70829 50318 4530 57852 21473 51748 92574 78975 58427 31346 6978 84438 30857 10488 
13735 81645 80247 40098 55082 12561 6771 21332 40660 4096 60111 61334 75295 6636 38095 50876 7103 91549 82343 77135 
77555 60150 94277 36187 24955 56052 64906 83705 48653 50338 38312 42890 55820 46988 66391 92411 73035 30943 2732 78367 
63497 15059 71083 20151 97182 38683 79995 30876 20795 66432 81270 44934 9563 6380 39780 80909 72181 48521 91806 27361 
9971 53589 17910 33355 81836 93486 43943 86236 39020 18057 84129 97805 32906 41198 43098 91052 99859 90075 48679 50234 
20379 28428 94689 30551 79680 20344 53298 75649 8663 15338 90792 16057 10168 67214 8500 56952 74536 14919 37313 10960 
68385 41130 2141 45714 79411 98783 78746 37488 86660 47620 78456 79027 83888 33332 51574 42546 58811 72550 11245 80280 
38079 62007 4423 78723 5645 80714 51373 76438 23150 9863 4059 60877 52157 94290 8895 52195 62500 72757 95206 47552 
11756 74523 45029 97188 75853 53935 91943 25791 432 76335 60257 80826 22842 98564 58264 32562 55234 50181 11550 55343 
10829 42411 68690 84237 34545 73959 6389 47947 74022 88229 91085 33012 40260 98866 69720 32243 19415 69871 33728 67550 
2354 65961 47820 78692 7681 39717 24352 74955 21388 72510 95092 22046 12451 92818 9300 53258 7827 66551 91606 94360 
6460 5745 36696 94030 20664 88697 47414 32701 85205 85972 82386 95261 64907 95590 12031 92872 11460 43028 92795 17453 
19689 28244 12216 8074 47786 88306 98584 99638 63996 44323 85854 8221 98459 66218 16264 59340 95498 91301 48052 51223 
19823 23282 79123 40603 33581 85007 85909 57544 2232 89239 93004 1219 1683 64617 82522 34780 18062 2046 287 73632 
36831 38309 84655 47361 96527 32688 90954 29932 86495 7759 77063 9523 20657 41188 13578 41361 46364 83621 98652 19167 
73145 27586 47387 89767 86028 82449 75154 87730 38327 40568 22653 28212 38549 84203 91842 20889 31829 38278 43392 9062 
58413 9969 22814 35238 61163 91764 99483 14772 32907 59476 2326 28962 44629 9366 47732 80971 49921 1050 55864 39459 
64075 1942 97740 15910 76025 53568 49862 89946 75327 63569 29549 11421 92586 39029 832 83126 86835 96989 17374 63465 
40129 66096 49415 24030 51340 40397 42303 23339 17546 27001 63786 22118 51499 35880 44679 62043 23751 84966 67781 55225 
32340 57997 9489 85588 63462 99998 71560 63451 99463 90777 55515 79839 36616 47825 17528 76891 68875 70413 43023 11118 
46619 52224 24673 99799 60709 58520 34473 48027 11591 76064 5041 59346 4608 79815 50262 61725 89671 59761 30540 30361 
12080 48658 69167 85638 92149 74313 9328 9316 65665 36584 70329 97133 36297 4632 66898 63775 8651 47382 38721 84547 
34055 99997 42056 350 16117 28761 21151 52999 23288 81710 20829 77435 30029 33590 234 53884 36023 86523 53525 63720 
24646 11365 53317 11422 46674 38951 11740 27433 11093 39716 39453 94804 36538 58372 33518 35708 41624 86427 44975 20066 
27110 85253 96102 44537 89228 64627 1807 3824 79628 23194 65004 74044 73594 99243 18886 57182 1804 47495 28601 98044 
87774 11007 28115 1113 47438 55913 8109 24392 52887 84540 6520 153 17082 44764 3368 29232 60997 90849 74351 80853 
53045 7537 57329 18558 17830 53898 49631 15091 4323 5902 77998 67330 21412 32536 73917 70267 25053 27841 88747 16422 
40622 70091 68340 47893 63163 37706 2914 60809 22351 61201 82466 44661 95023 65672 76540 26077 95080 79489 17259 84529 
57931 17093 6001 57149 77276 82135 56982 13545 50360 99757 48361 74837 2853 36195 41070 70327 47096 56531 72630 5825 
81977 2196 5027 4533 19151 67469 76475 47989 70525 41483 95640 87086 1479 38870 26448 48760 52248 74438 59997 80728 
96750 62436 72737 29029 60316 47183 12418 33235 65131 45421 73909 57994 12105 40225 57635 41138 33413 61325 74936 35013 
16185 37254 27619 53044 91368 71922 68082 48497 35764 79535 73355 35691 34772 65649 96709 71393 40845 83350 55018 34661 
22870 49488 77594 35246 30862 42589 8007 83724 8977 82639 64864 17597 43969 60144 82349 97116 3779 20608 95985 4423 
73295 12435 47929 26017 97754 80807 58285 63589 9947 39489 82084 3679 39847 67091 48880 1573 82252 57070 25857 38589 
31935 2296 22449 26258 33924 63724 63769 14968 36551 25002 97943 97221 79520 35279 45252 96362 36332 28719 28744 72645 
37760 5265 54978 1587 84057 98510 94875 4302 28786 78480 41806 10783 12536 91919 51541 82953 29632 70829 90474 55548 
20007 41368 82926 14668 18829 30354 89242 20173 44736 76171 60656 78849 98707 15461 38576 23985 89261 11217 46765 90069 
74356 78516 24689 25785 15195 50842 92405 27176 28810 28872 34995 27645 51766 93912 33630 43394 8570 48038 88374 99532 
331 89365 95782 37825 42760 90313 11156 56580 91381 15003 12900 57950 56275 38263 67889 20057 86440 22914 1974 2220 
41053 99069 58810 17488 64880 99301 79399 55094 38298 39022 97225 61587 88391 75298 93516 65704 39838 10510 81645 40141 
34180 53669 96059 4788 64960 17040 96688 82883 14485 93721 74117 78771 65128 8024 47207 70148 30793 51585 14945 31755 
14395 61468 48469 58344 50994 9576 32680 89347 31017 20116 61393 56580 94031 17461 54663 48106 43640 75200 46810 13164 
21978 96743 7048 22574 22541 63229 64224 38913 49561 90769 88142 25782 45045 83305 37722 73910 12898 76518 44736 84449 
55501 37181 59400 59385 38770 36867 66003 11635 4842 33266 72245 32733 68627 89093 70310 64226 70224 87445 4831 14580 
85755 69601 44493 23919 99254 48592 38393 62049 26318 41763 33823 3044 6129 19241 78143 87359 51709 32337 44287 15410 
64736 71555 29479 98518 476 63131 24129 61726 85581 41340 7626 84875 13357 17496 5448 16499 8853 76860 47654 18155 
81801 42409 63421 10627 49784 60865 46334 36200 54519 21049 38959 41942 94244 66127 39703 95573 52544 38524 70946 2983 
28037 97634 64773 60314 25063 51374 76445 8317 52803 23889 86772 41095 2805 44858 70296 66583 65467 70423 79255 37722 
33104 20026 36530 31305 9750 30006 87001 34207 68109 38890 86274 76732 48614 70868 89838 68029 45320 21443 53576 2228 
76206 15918 43412 78169 55067 68890 69407 52072 44653 54553 35564 10393 86690 1067 88773 76666 37114 25958 72757 95766 
68753 51488 81735 83407 27301 23045 9835 12024 21274 17400 70851 56975 2512 93976 57447 51677 50528 6403 83476 62958 
22812 19690 52997 52743 55555 20311 949 73053 34392 22341 30414 25573 24955 71494 60903 87469 55846 60111 15168 39229 
33548 9562 70435 93383 4771 69469 21771 41647 41713 6380 93107 1488 97534 43458 69670 48520 7193 75250 43797 69185 
39175 44882 82960 9750 82671 51065 42535 87950 37472 17774 95944 58496 55338 72146 40441 1755 45720 14255 67063 36695 
13286 41047 19810 46507 66969 36161 59488 49925 41561 9429 47277 34726 39422 49780 60757 61354 76982 97767 27925 27839 
21150 40794 36194 30187 82660 33237 24385 97635 52581 99779 10246 41040 23605 38249 18716 60236 17038 63892 28815 37392 
79093 20247 71996 25363 4121 14468 13424 17356 9984 66924 11289 21690 36708 59845 80994 68267 15529 31246 36029 38315 
33740 84176 59940 52263 19112 57199 68975 46638 64178 96946 89418 16998 27367 38780 75888 95493 88755 98413 82055 4509 
20974 724 82973 62509 29268 88820 88430 26456 56362 81959 45884 76867 19259 21492 12565 92613 50034 57404 92968 46347 
87288 79419 6149 7903 97950 53157 77668 6123 49284 2420 25035 56485 93910 61243 26992 92935 94536 8848 78821 61689 
24100 81653 35271 55168 32397 83655 32401 73230 94127 97479 67568 61441 50427 67161 20913 59168 23601 74383 9915 64300 
20072 92785 82481 97286 54562 61525 8790 20501 62105 32295 41839 41179 99042 18193 11189 91401 41932 77584 17073 28003 
70867 62351 10289 696 41684 32989 62231 73100 12198 23976 77192 62955 97713 99583 69925 78552 47993 66249 11238 97184 
30920 80449 43480 64626 67296 42537 48282 71341 88527 88553 907 50775 1511 36455 6179 43812 13648 53746 95869 65828 
30590 39712 3769 982 18367 68939 5389 7475 76146 50002 33899 91717 90581 65538 90942 19159 12041 64317 94234 23243 
78420 43026 95028 80454 21775 16175 90474 12634 15712 91570 34123 56133 95583 73601 40325 87654 11441 2930 8770 74700 
29246 89925 13576 90994 5669 10769 19084 35943 77442 91734 13136 83042 72898 86887 22257 86846 37768 92628 1997 50496 
41461 3088 86158 2372 70531 51030 55023 56817 84595 99528 83293 53700 28622 29443 86384 29441 10277 63847 13067 17345 
30680 33361 5758 54014 85533 56174 80524 20500 1951 73688 97538 32891 40926 83278 31779 97241 47308 6051 23991 38484 
76829 44974 4496 11017 74204 98116 44150 9649 32938 97191 90392 14463 45346 9038 43439 70234 50848 76691 76712 85007 
16252 16807 85662 59302 99239 99402 22791 81039 55627 53477 6195 26720 51173 95329 80426 58407 30395 5168 45816 91429 
50894 77293 3025 2167 7270 33551 38444 81456 22486 42651 86404 48948 55205 9319 83686 30295 66663 46145 91700 15405 
46869 64084 17702 83184 82400 7831 57174 34533 51843 37841 61002 82975 15198 82958 15031 53202 19998 9392 6220 25694 
7595 51145 59727 93798 81036 86493 56259 38362 57637 79959 6693 48591 40477 36190 1208 45236 95206 12747 57807 1630 
36713 60390 65950 11328 5158 17008 48968 61106 30092 54486 12794 39316 82018 64345 90919 1467 76159 24044 14918 73597 
85119 71989 80058 81632 60948 35120 21919 34469 86566 45892 28811 31267 19859 39622 74242 46262 64481 80373 56488 59579 
89890 28130 76248 52232 87784 14043 33989 2146 83708 76646 74919 29645 77400 29345 9384 36940 72606 39917 31732 83296 
98540 62079 57755 7687 28719 35884 95563 81718 45019 53106 60319 68938 64454 78417 53344 71898 27496 98725 9067 10484 
73736 31327 59557 94922 8497 24088 26139 25173 53671 95764 62384 97171 61774 82286 84990 71563 33016 96226 50958 51963 
78305 35185 6969 49875 65097 74389 93698 76759 51887 33832 63098 330 30933 82537 37416 38445 5796 74470 36579 57574 
97672 38435 35595 61821 27293 8265 89174 54367 16748 48241 18757 21400 19471 69888 63854 81705 2758 10990 3454 60684 
30786 45879 86006 3037 46269 95130 31456 27029 827 98665 7856 51372 24592 8379 37393 34825 68972 73495 26400 64017 
43993 9559 99163 84741 43309 43040 91924 17918 51865 23093 856 51630 71185 79304 8173 82136 65378 99880 12329 61447 
16866 96425 97781 58912 32832 77253 87698 44349 87790 10246 80979 52893 36118 11490 33849 51704 64009 83975 62722 82736 
60994 85794 70445 40848 51307 1101 12946 93756 76075 95635 98756 60028 37495 38426 16280 52019 87869 99311 49738 99206 
97622 63876 10255 83202 67165 87021 44234 79902 80093 96264 61817 98890 76646 10316 44370 37630 66561 53412 68276 74727 
6535 65280 44736 93834 14593 34851 79233 51825 422 26552 42989 54765 74994 14977 60644 39503 32811 24265 49101 30076 
67365 3650 50129 69876 73368 50526 71471 34608 80638 79530 62524 65111 11303 25305 44695 98849 79025 73835 72239 19063 
79153 86546 98546 14522 6466 43529 2046 14239 86191 95136 79161 83012 64459 82705 87294 79968 32208 69837 2587 49881 
10218 60050 45928 71896 3170 78322 87628 50608 17718 28276 41989 98073 83719 48367 7157 38840 83881 16995 87409 86499 
1225 11644 17043 24868 63352 29380 75097 97384 68574 29592 71908 87962 66140 8951 568 77994 64637 72214 31797 51052 
50828 67735 59759 10402 41509 51197 93608 89337 83766 20422 90217 52056 48881 86992 85547 61593 68124 85338 98145 33045 
19281 10887 59330 82777 92950 58091 29484 57188 26968 13546 12342 93917 42690 861 63781 77782 91700 69745 24179 15666 
37653 7877 78000 35778 52251 5581 12604 88272 63910 57722 62892 42935 73786 76572 37980 8171 48828 85533 87767 58716 
66667 85010 58561 39734 96762 1182 73758 56861 25568 58421 13524 18379 81327 60665 93348 1385 5869 441 4080 71477 
59743 14809 58237 69941 72446 72323 37980 65251 35210 45769 54532 57376 96505 84494 71073 34157 33050 47316 32949 714 
70242 67533 15919 92013 8463 29063 30492 5756 95584 66525 22859 89150 71163 61626 49694 42788 81568 70517 81880 45060 
80250 70746 87315 40668 95685 820 54731 8936 3448 73515 22394 10365 68699 11293 15912 14679 67992 67359 57232 55805 
12225 40974 21838 48278 63227 15777 59919 79243 35476 17970 90250 14182 96335 45809 41691 83190 50677 38066 76208 64039 
24773 48116 43144 26564 586 23930 764 71806 25407 65877 32420 18164 74103 46237 7559 68364 30683 63256 20633 92483 
84951 48199 94173 48716 29265 56457 22009 20233 21698 52175 28631 45910 36226 8394 68021 44185 1907 40649 37493 15507 
46066 658 30970 31439 83730 11002 25146 93978 92464 65759 32650 28698 42667 86677 90920 20746 92357 72196 75620 62567 
41590 36183 93928 55565 90647 1593 96606 82969 25524 42361 26489 15054 50685 93616 29206 22570 4232 91814 6485 81 
72029 96688 51199 72649 15879 69317 9143 92747 19157 41630 50812 29537 7750 28595 85273 28476 29765 95834 98450 56541 
97922 25249 24522 34729 84585 1193 19473 25772 94358 37298 17971 99470 27247 90823 28055 30532 73952 18742 30737 13178 
87619 8570 14345 90746 90372 32539 54634 71256 4097 43289 54293 81676 19390 82808 95626 89284 94333 2654 36395 43401 
79233 12625 68887 42976 6569 36159 89840 69934 35714 68973 6111 25241 76357 15022 57032 61271 60681 49825 77815 40551 
44243 67153 50293 77589 84825 53149 39624 13312 55962 79034 77173 20271 12340 17892 95000 10935 79084 92908 24424 50578 
94281 85745 28764 33769 78885 79123 96741 43286 22017 71862 53281 94838 74216 22603 18952 65031 20985 49212 91590 35195 
72773 89103 41789 59898 89338 66732 5407 70450 63899 52032 16984 85200 2148 75689 41077 50068 36462 3415 80320 72530 
60910 47648 43277 64074 24872 70701 22191 17591 98278 59473 58513 75809 24694 92548 32046 70282 77425 45379 64160 86087 
36030 10087 80681 18164 77650 61549 58974 8369 69348 49821 96422 95079 27948 35584 53071 62682 16327 15411 81115 4537 
56397 91107 24272 38328 3332 10995 59632 97700 45268 58911 35128 63780 80305 21430 10033 58574 6900 11068 19560 71103 
37542 82782 62898 78546 46908 45843 39008 87789 26988 37466 56191 67163 28840 94524 97055 63250 28567 81935 96931 52215 
46288 44464 50785 40316 59593 1932 82837 4151 74951 83209 18035 19258 10794 27779 11617 88800 45419 74804 92523 9485 
45060 56144 6292 54080 56923 59930 98116 98843 69530 96555 39481 50758 91636 20328 82061 24739 55406 39641 82157 60046 
60234 63251 83687 66783 57239 46737 61336 87619 408 46140 55564 81567 93186 1360 92932 38702 29632 16992 90377 58549 
71491 54825 73338 84536 87406 28969 53837 96207 36303 13898 80350 72777 23011 66546 69509 3118 6077 93570 36676 85009 
64643 95292 20250 71242 35561 59761 39020 55230 23847 68705 64449 47744 60160 44949 2791 30965 61534 26793 15446 88968 
47360 37491 29683 7778 8422 41999 78283 3246 37149 48795 12996 25932 24138 41871 49051 84975 47315 22874 59766 97720 
19093 55320 61885 50480 38411 99594 58633 79073 44069 32637 92018 74245 30049 31607 77151 79916 16567 84659 56202 44130 
33676 58642 20844 2127 36673 99810 81819 24177 88096 44476 21143 94594 77451 90304 96303 99067 76532 41296 55910 83326 
58857 20378 90823 91405 22757 86004 1982 3262 14153 83242 6871 2151 13197 1907 51943 79223 47251 83704 85089 50502 
54019 13492 83985 86670 8855 72439 71288 52337 43571 77691 67454 71361 35999 21575 53260 11245 53873 51973 85604 31659 
48392 52416 13283 78683 32563 1760 70861 95012 749 4203 26045 5330 6867 60468 13463 29334 28523 61699 34001 70220 
29606 12856 46880 66676 43982 72239 45751 75536 7267 44868 42115 42894 29421 86556 66691 98383 46753 51801 19950 86514 
31528 86558 2239 14523 68158 66086 85069 11707 10632 55612 28175 72659 63030 81534 69986 89559 4754 69623 98883 44321 
64252 44220 35142 182 63662 87361 25197 68247 17412 22293 54309 63844 98916 72977 71631 47362 82221 57177 82937 75613 
58468 26791 42376 30047 40489 50771 47351 99941 9345 35325 71972 3393 55750 25139 1280 84221 69189 12969 97942 38948 
23914 83259 16108 99388 86171 15554 87065 71619 1087 61722 56832 73262 59965 87908 8962 2797 16629 82266 20118 40220 
8601 26230 55031 60399 15294 89928 73405 89068 79862 73976 42906 24311 86301 94262 81983 52922 72284 53001 68906 3257 
40997 80926 6718 3019 35372 69135 60482 98950 93004 97345 26985 11762 47515 51765 55699 44584 58335 4008 72729 88597 
66680 77881 1195 9606 93371 86718 85006 58115 29429 61849 6459 87482 25515 17663 4233 8226 54203 20433 50245 18731 
28979 18731 38278 59612 47709 49869 37058 24753 84106 48171 65525 66776 99204 69160 85373 85378 64382 37232 7112 1511 
55431 67123 86672 87883 8508 73304 14791 54102 98245 26292 16857 3688 3097 36696 79940 55678 57859 23183 43031 55204 
3793 69897 99466 56345 64643 69071 4260 89202 31983 33466 29 82014 69699 94876 13796 31291 10696 25262 94431 65097 
18196 85765 23791 24067 69477 27635 19376 79262 54888 80044 96396 61610 80414 53614 39828 65667 46135 97586 14850 13425 
42681 79721 87518 38502 55053 41141 29382 22902 63023 48569 25097 94232 82440 77990 34671 8593 53805 99652 68184 28656 
7875 49172 73514 97946 43666 68309 77079 51807 63906 57239 86326 20844 92003 11151 58290 25354 52151 71886 50180 19708 
9680 4700 86861 77250 24672 41707 47500 72070 44375 50120 46724 59666 24913 1785 76021 286 29987 64044 31690 19604 
73016 50422 42494 88514 17641 20732 78085 50869 75453 15025 68553 58117 82745 87902 68560 27000 94535 29391 15902 39279 
57921 50264 3410 41709 33118 55653 41415 65585 21929 15845 81665 42633 86163 20752 51558 21687 22078 92238 30221 1424 
30481 21276 57322 66847 12111 87456 15378 17861 42320 51027 29312 64103 54410 30840 20196 38237 76791 89187 1896 38186 
88385 86934 22495 7538 17851 924 72556 47196 96221 75554 75319 58110 52625 65758 64070 9642 80083 34418 66166 72567 
95806 16857 91049 82767 48388 70488 97105 82998 67446 75307 82115 7832 97177 52794 14609 45049 51007 87265 33038 36504 
18609 89735 88202 56039 9411 56255 20756 86321 62567 50814 49416 20367 22470 18465 47079 89263 7089 69103 87761 91482 
11549 36205 18214 80204 44593 71550 14576 60022 89746 45106 52567 48655 93477 19693 40909 14402 75618 47028 29301 77117 
90581 56335 60734 3270 70366 97957 45261 42284 9891 39959 49181 81699 989 44846 4906 21113 3368 74746 12904 69888 
45456 89559 48746 2890 42624 54126 11594 9207 71868 29696 78584 21000 95748 69251 58524 61851 5227 79827 23557 32169 
67577 73381 56030 40994 56907 44752 12539 46283 52385 55730 87788 20405 9029 24064 48626 30720 6582 76624 77360 14133 
86919 83602 21311 86009 40886 10897 27691 42194 15379 53103 26100 6306 27288 54370 53493 40030 14530 5661 72640 9119 
13964 29758 11531 34156 45548 51727 98754 35930 40041 629 8624 24523 76923 51930 57948 38312 72424 31342 53307 38937 
75054 5298 50850 41078 26419 5710 39399 8896 7452 48767 55178 52774 29826 51252 83790 47222 23800 84879 64486 7086 
54371 6285 82648 98181 86206 90797 96624 49392 93116 799 21837 27257 64633 66212 87274 58787 45677 95894 93215 41680 
44207 43054 14308 65851 12031 43228 22701 16420 54785 38277 79263 75795 13988 85902 52503 54955 45015 65823 39214 55870 
21366 84398 94529 22708 46692 81792 83005 42413 32821 94249 26032 30568 97783 71215 17579 15868 56939 70393 28928 79512 
5480 44887 10103 78772 58077 99576 56941 41832 99653 37767 35140 92650 43906 20512 83995 54342 85490 8727 65312 68414 
14701 71779 63948 63614 60461 31444 38392 78123 20672 21795 31935 72496 81160 20088 70442 14360 62667 42040 85704 70282 
22193 19997 61355