26958 61917 38917 97868 64183 35180 90472 88480 20945 7449 59257 73411 41797 93125 50438 41346 20925 20196 4084 47756 
62477 79561 50865 72574 68093 30785 64851 25668 66413 10503 2150 93589 23728 45856 60093 42657 51618 42225 94550 39076 
78710 65470 64467 43687 92046 2277 87760 13468 15633 87304 79058 92145 7289 32119 44516 15600 76361 69724 33756 29100 
946 94681 96352 52129 30099 92355 58182 19479 60942 63729 19803 21417 20569 39820 13017 80208 70053 61093 44591 2164 
19790 95932 39712 8584 68236 55152 16235 29163 67964 44266 61029 22024 31746 48249 40089 55180 31095 59916 89636 79656 
90197 68773 53411 76973 98844 15741 83844 2277 21949 52116 10909 73226 57472 64274 11682 87048 65432 23536 80530 82569 
88974 46150 5933 87614 49934 94297 14218 34492 11809 22337 63072 19945 93802 54583 25746 12069 74176 17406 79177 54588 
57549 42758 78244 78830 70525 77399 33967 95318 87030 80336 64039 53549 51200 36553 55105 70742 76805 12743 83803 66282 
77186 95446 4269 22577 69920 99985 41105 11788 93532 35906 38750 88421 81587 31008 21962 43115 75553 53164 57335 17058 
72 7299 72823 80990 64545 48763 88838 85982 22209 32951 27357 16152 83105 47995 46618 18897 23437 15279 53677 75168 
78594 82440 51590 18356 10519 44675 41331 74870 84266 79571 77222 92931 15996 84277 38251 66671 63987 65081 26586 66668 
64071 21075 75942 79275 61162 25210 62059 94650 70881 27893 3738 5385 63438 27334 34316 31662 73376 71349 61496 41025 
58718 81608 26557 79348 63595 33860 45191 70588 78766 88583 69320 34784 47910 36704 31016 33449 57359 43010 77052 18876 
34430 70077 7335 56468 77809 66891 87906 64935 38608 52760 93245 7697 32526 26933 19175 12892 54458 63200 38788 68760 
60998 86490 67160 63207 80534 19455 78662 49594 21442 84006 7283 68378 4814 83264 49245 83673 41860 11279 20963 71245 
76305 96383 79030 66385 99587 44959 37069 41062 7193 47569 10932 4627 69971 6677 51270 83134 70703 36609 58223 90764 
74941 50700 77418 81422 90709 24487 37680 1696 22583 89374 46234 89741 54648 27088 85911 746 33544 71293 70835 58684 
37153 19363 43593 11186 88900 76652 23640 21690 1785 58086 16448 44257 45935 6985 43483 50070 12657 35516 13576 84400 
7341 85517 35368 84040 25661 7342 71270 27679 90856 32533 66133 99787 42765 23199 42696 83238 62159 75658 51552 11678 
37910 54630 37781 39633 26003 79457 27266 3928 96976 41027 72933 72337 33450 31057 60403 29144 80417 8327 92846 54626 
25910 32086 9867 46004 70859 68183 55830 4290 62359 40582 82117 39764 48624 74644 87112 15918 99120 82227 93784 78594 
704 60798 78949 70507 70083 68243 63929 94110 93518 49606 72410 32905 54522 62854 46721 63482 78591 92366 50931 58791 
18337 93663 34531 45069 7490 55101 66507 72105 27942 77220 49008 53789 36539 86144 76343 43046 77946 77142 45545 48890 
15326 78842 74189 32516 83396 69628 13673 75024 23062 62203 70533 55532 81249 90517 4157 94025 44410 38064 8744 18137 
49887 20140 18505 38371 55777 97342 19818 22483 39994 12757 12207 29110 48232 93100 36939 7730 44920 3155 50965 42031 
61009 86794 60480 55519 94627 6073 39092 65193 58391 21286 60482 57903 6232 6701 38072 62853 1654 83125 93845 64627 
26860 72556 31396 25015 86751 51515 36845 24589 49237 96943 33649 32986 89666 64528 17673 145 10787 49079 31174 50796 
13624 11799 37444 86175 91888 50609 82226 78357 63769 71588 92660 58458 60282 68976 2087 50074 41679 67365 36686 54860 
19903 87030 3935 31304 57273 33644 44462 95122 49044 30594 30779 79070 28611 40546 47507 31043 65147 64423 20792 17003 
62442 81868 69865 79048 381 21470 61145 52482 25455 88899 57561 15790 55088 5830 72824 97549 41706 3880 81632 5596 
16348 20620 62586 15502 24233 17829 96671 7689 78108 85654 75521 69599 69383 46801 23886 57645 66149 91367 47959 14551 
99843 62180 47754 68074 88445 51526 87308 76232 50051 92044 58906 71812 77999 10043 49031 87517 56640 11979 49448 58084 
88810 76160 77830 97798 77005 5045 12587 24365 93265 36258 42333 57189 20044 20514 85026 5693 10743 36752 39908 19158 
21530 16938 64480 33327 66429 87647 91266 85409 90365 93177 99100 48109 10127 47659 53550 41825 98804 28969 30718 73691 
87296 82859 33657 34869 78951 66759 54306 33543 2039 61540 8572 85953 2673 92981 5110 60315 42679 68528 28231 11096 
74957 87021 16638 93655 78218 44453 57485 73554 94054 46346 40848 45624 52058 54616 14625 84385 36963 6565 69685 45197 
5480 87283 47147 68968 23220 85792 74372 12119 20286 2374 53232 43551 32285 9347 34019 76752 3790 14434 99753 34261 
26174 35645 67150 27039 89010 20385 44081 26275 87159 14936 7018 26263 44256 40179 73621 1020 73850 93436 84504 84180 
87946 70971 86903 76385 47343 46002 68273 79795 96862 26444 43688 88173 80628 50344 93964 30861 44842 8744 20926 6544 
95166 13282 72579 49641 4523 23951 44150 27946 44197 73540 57736 82231 37644 14252 91571 93869 37128 49073 44618 61116 
47371 51562 8999 90264 16486 95104 86773 11534 43586 19012 13661 31498 23077 31104 55350 66799 15404 13363 24864 53115 
87049 60851 81211 65727 99807 96894 68974 35180 42156 69833 57898 83872 41448 88132 86923 7663 80150 41824 34061 39614 
93885 97906 17099 91570 41547 67291 88422 80071 67993 21783 98138 3709 7601 79358 32234 99854 86545 65635 99382 59270 
12122 19007 84300 75397 60505 77685 44546 63578 85322 59746 33307 69180 64674 37258 24271 13464 1584 6487 61424 48810 
17955 57805 44907 38985 27604 33996 45397 3715 66256 20164 64062 70992 62905 36782 69235 64226 64681 51116 78953 88738 
84720 61083 24822 59146 38645 88682 87661 3925 67567 2474 23349 25259 40626 58529 96681 37235 98905 32131 47424 47548 
95015 53010 30886 36982 52062 68418 38534 98895 83444 41413 76624 30570 45866 85044 21033 65656 58474 85795 98266 73110 
36918 76169 41647 40361 83166 63211 25754 62560 43184 49393 58226 3067 6280 76036 41995 11505 28270 60460 88416 3958 
41861 64461 41790 59036 75559 24345 16207 12729 50821 32104 13535 44364 56207 31952 49087 76237 80086 47471 69907 26438 
41105 49655 13596 10224 54787 78108 10671 3349 34490 49073 47470 20410 56202 52919 35262 16707 40175 87506 21195 7028 
91791 88198 16616 11012 50881 50790 22552 4702 14539 76138 79220 13014 34155 60228 73245 70147 72657 58507 17668 90511 
47235 82469 55237 7660 13892 33837 30901 27680 61605 79282 65144 46965 90608 57178 64921 41710 40549 50375 87434 63751 
23844 38391 51284 1795 51566 28147 31348 78837 39268 40206 24578 73319 20869 24572 99319 54262 87598 32370 66485 2049 
79454 92536 22213 97666 36486 34211 40418 65425 49194 38149 51326 8329 56412 55455 99401 75795 36446 18206 71996 527 
49863 83230 78822 91451 30197 90171 69093 39333 82348 48813 30911 47891 2350 45206 2654 73762 90669 81262 40570 37150 
57471 1777 82042 77355 13362 43634 6562 81009 23948 81215 38024 81800 89654 80505 51775 1107 55894 12623 8395 37937 
41136 7816 16224 16644 41619 23486 47171 63683 79487 22897 11418 40208 85136 57296 20566 59363 30669 9455 41994 68732 
91691 61385 87792 67530 39271 89000 6330 67393 68232 91730 6534 28466 34868 80913 30334 69490 66654 61854 85628 23952 
5642 48161 5223 58413 88618 48177 40945 23089 67720 18860 98692 51370 89172 11771 57515 19771 77458 19002 46299 81640 
88873 76776 88283 43983 72961 8196 41948 39282 20930 42778 58600 90638 87458 6543 31570 87433 29151 26426 34240 97999 
76854 44585 17860 57189 74658 27108 81548 65428 36840 20878 46551 2191 53549 2787 20459 25566 84802 55474 7930 35222 
84057 76756 81550 33846 2863 7423 95190 72968 4746 57637 25942 71046 63223 36287 61325 55508 6707 44260 26475 17286 
70416 67777 75867 47093 66306 10648 63575 43960 73177 19271 30270 23967 43164 9862 69224 5026 61372 29687 54211 55524 
90545 97199 52667 3810 93022 47116 54733 48228 70137 46583 45334 42548 87223 24950 76174 61541 38537 87818 29198 12361 
76379 29483 38519 75211 99466 33362 91808 67755 42951 7865 38171 90685 91707 41784 12740 33269 38123 31737 46131 67020 
29663 76348 99557 75147 53056 61120 85805 48112 8706 74222 9342 2725 24018 29449 74883 56730 8500 80393 53480 67409 
67492 41933 97317 75996 18171 87195 76080 3804 82575 38618 94906 61188 17976 13244 47127 13391 6026 24702 92182 47399 
73833 18314 95486 28857 68915 21485 88690 72188 17726 54287 64891 35632 39441 7956 65587 88556 98902 99311 89683 18062 
41139 46803 38253 31643 27159 82680 60631 39662 96731 24260 17650 5785 61216 71336 20916 73470 58776 57246 38735 48394 
75613 54832 13703 71514 49981 54590 27931 31820 1907 80538 96346 48627 64042 61755 39338 15107 34527 46249 3270 47165 
78480 98171 7786 69262 63234 69586 33149 14625 10905 31369 26742 76178 13745 36169 2089 8859 94815 13904 87827 6612 
20712 98050 84195 25488 5084 44800 37316 14421 31811 8524 18672 64394 24750 99369 17637 64391 12380 68371 84443 98747 
51056 28196 14350 11605 73468 35667 60557 95406 6449 35878 41732 75240 80089 94050 49446 65195 11167 82941 3390 43876 
13120 79059 54315 24472 72345 71933 86952 91843 19373 85689 68480 2160 55312 14840 36002 36021 83800 50529 63952 82454 
42518 96785 13319 90261 92136 98260 54773 8419 64309 59673 63535 7171 17541 66789 12237 83519 64815 18399 62042 71847 
89335 89350 88628 98766 56102 44269 65790 22519 29978 20589 23784 18203 91219 85171 45941 51573 85542 19823 60454 26160 
69429 93128 75924 14740 3561 27057 44220 19101 45942 42818 71421 23959 49725 42513 67138 91875 26914 72130 58466 85586 
38052 21019 58382 97590 51908 10410 30524 68586 47371 54921 51133 99132 21583 56516 34600 20217 29446 65364 76875 29012 
93925 73673 83280 14842 7665 3537 91153 65680 55479 80995 57889 77606 63589 26004 63723 53637 62389 48426 16053 23767 
46285 73780 27101 22757 65045 44159 70903 36715 78901 58533 27276 47976 78658 27333 70670 24257 56840 84246 86167 879 
82169 29198 63546 79418 93817 41889 26874 70109 50047 39541 93300 89951 73512 47761 23801 14911 72278 71128 2865 20945 
3566 70436 78081 75536 97547 10932 1984 6035 48991 65107 61512 96452 29487 12319 67122 75554 80839 76088 99670 84370 
78366 96553 85496 27292 62644 7145 9323 87094 14749 42823 6718 85831 72976 69032 2746 73171 96586 27940 33503 94221 
79788 17541 58952 31242 31990 44049 9320 85696 74809 61976 77175 22401 95568 51454 50075 69210 27174 25506 26218 40086 
2339 17713 87668 56620 16980 40578 74584 86091 83451 14917 97673 74617 77117 56172 51560 56048 8592 14469 93242 5169 
25994 19552 28129 26650 62535 36715 11703 39261 76870 34790 81737 98693 28061 4808 48438 82454 40443 56468 4178 69460 
36730 75739 44747 41947 1128 76466 91798 38993 46178 81203 31504 28618 86811 72079 14087 16033 96338 72627 71170 54400 
41011 4812 33683 24892 5726 32557 19258 13165 38647 34626 44552 14957 71950 87433 7126 60245 73666 57541 9867 3568 
76913 35369 74268 44883 20566 36315 71402 84848 82178 83960 18601 50923 81338 91278 27315 27006 12927 20285 45176 71974 
87582 29176 89477 95247 14599 3489 76622 81896 19447 63839 15186 6500 93806 51706 22301 12445 96699 44390 609 14717 
87452 98358 71231 80692 36210 72569 87412 87726 64780 88471 2208 4277 97119 76853 15183 8779 16481 26177 42236 96872 
60980 74141 32049 73049 92574 40465 93997 70868 44027 12308 75612 33707 6412 52301 69417 43529 57081 79415 61391 77295 
44299 22855 16908 46688 39066 36457 36960 29032 19500 43727 67834 27137 25236 95960 76230 69532 30035 67380 39596 32801 
52671 15738 73737 88468 55638 62709 56768 16856 97927 2439 44563 31619 47439 96517 66077 50427 13771 20282 73924 40590 
11459 69116 92507 75591 79696 85551 92733 71110 22277 64533 38948 11981 69202 1576 14724 3981 16193 8736 42866 67570 
50902 92610 42939 80325 76511 88833 82491 95398 37675 94234 4345 71424 2347 70693 68206 84971 66685 99384 83185 7231 
43254 98441 3414 18317 56543 31144 58424 29391 61812 27900 90543 15096 5385 50420 66871 15398 70003 11096 59907 36881 
63776 56429 77830 68944 57415 55701 36165 73027 18387 15999 5235 24068 17088 88590 50439 88968 71461 56530 84455 33597 
6815 8906 96612 74067 69337 45810 78355 44984 69905 12930 55827 5078 79988 11469 80235 50522 88567 18677 24505 80267 
94487 75869 53343 38096 70360 47972 60544 99989 90710 20329 17095 38239 69616 63610 21502 37293 14051 78121 1753 14730 
25437 14065 20498 85973 16074 47525 44569 86933 37762 67114 62886 56143 11363 91631 57658 20149 67229 84958 63925 51797 
84333 72428 23887 73498 53353 6538 63665 24897 51645 66776 66444 76456 82987 11674 4970 30694 20214 19959 87670 30670 
59164 28072 42687 82167 72182 16762 2111 5826 53246 78453 76874 70419 97183 74968 81201 98236 77323 64846 31559 11569 
54650 17237 64202 10891 1567 40049 49298 46204 63259 78214 19830 4156 15030 91620 78154 44325 23744 65935 90174 38987 
71120 76576 27369 22991 53254 10888 2642 42947 6420 6711 36070 44312 92245 20278 95457 11226 54489 19306 76772 27954 
90897 20959 28881 35441 97326 46103 56112 20687 14235 36850 97639 28119 71701 79490 81792 84265 8676 4976 31818 27934 
88327 75807 69649 89629 46420 99576 11156 20721 91776 15989 25239 9084 41332 59301 61585 37690 38714 44585 94909 56145 
29041 8106 2644 22317 21265 61840 60812 30839 70973 51122 62722 79935 15658 95526 51950 9032 58266 43935 92202 17649 
15743 84455 89676 78561 97392 70412 19922 63132 97967 79631 56703 95814 13982 84627 91853 64918 55322 25433 5092 62049 
85698 22507 75782 37446 60659 52321 91775 72237 2876 1303 94917 67786 30805 66233 85756 15841 41974 21402 38585 49484 
96936 56664 55512 89052 14444 73039 25169 12826 28723 56304 81474 45977 207 31045 23277 41043 43102 62277 37236 30861 
7865 27849 14963 86394 41654 97131 89457 67530 20960 32317 42162 16491 21067 75662 80772 36053 1922 28961 19656 87421 
98810 74199 76804 46033 92194 15840 43883 74548 73349 41142 4415 73289 496 17535 28167 67766 87849 72307 59847 18821 
63396 49788 45704 19730 82347 84468 43612 26791 2978 82939 54177 28973 29215 48617 80933 32217 15787 80899 53544 93813 
42097 84558 23803 4822 98423 57180 71517 86433 42861 67789 35277 77358 44341 95047 21491 49299 59266 43056 84739 89929 
4758 51758 25830 39593 67142 69450 33014 10777 36769 40122 699 63303 44850 11302 84352 49428 53392 51156 6297 17227 
33439 46917 42345 19290 91516 22588 84837 15346 99223 43313 85892 58441 62914 52761 32329 10574 853 59823 56970 27692 
71884 33285 60004 36824 28720 81523 97936 71554 727 47217 91831 66 36919 71928 24333 45119 23747 17975 83932 51527 
8807 66742 99875 29095 96947 92675 54880 49126 79778 57018 60263 63577 92904 49302 82142 29957 27881 64497 26200 35635 
88742 5011 6132 74886 12319 24807 33726 59922 57553 52379 84363 32255 84794 86809 97629 30396 87966 43346 40039 76025 
25685 57341 59655 40247 10447 36563 76922 60979 78298 81384 36073 34360 62613 68341 52827 23473 58079 22415 57695 76850 
59013 30180 17240 78313 92566 57902 25628 81784 28650 21559 84681 47000 9098 7315 18971 59145 9076 90995 65938 48292 
61548 73169 95937 92452 52546 39649 50202 43628 30549 16543 31984 69340 98987 4172 264 81477 98739 70685 50750 99107 
24317 15324 92986 9832 89814 69709 16457 46196 62141 9448 60254 87189 65742 54448 97843 52689 92052 98710 95644 43686 
73029 72136 36479 35738 94062 32516 71091 90551 13387 37094 66763 18317 70547 76427 12194 9527 9172 11531 8058 82449 
97905 7335 26785 10092 72924 8505 47349 34834 16148 34413 36560 93736 97294 95242 92655 10030 23884 5913 80163 89451 
99946 39126 88303 49354 19730 75524 16031 40060 62545 80341 22896 78971 72379 74634 71442 72219 93152 838 55060 3756 
89703 69436 68002 59365 59586 66089 69646 11937 96402 89570 60623 14957 32544 18138 95593 77812 62007 18294 91243 33347 
45286 86435 92496 45782 77347 12232 35314 88104 57647 74402 55337 23941 50899 14103 9794 78611 29534 43614 76127 67462 
16433 48860 30730 1740 80573 68378 88382 29392 32958 40219 33985 81295 16735 51615 85256 10271 33353 79687 91538 77467 
99069 38967 91508 7106 87449 34877 86037 75377 64398 12955 63422 93151 13034 14125 86845 42706 5475 81890 68900 60428 
97851 24587 617 84213 2484 63836 25969 51383 28760 9829 60416 13240 53028 77402 14759 75770 90116 41163 97582 99946 
62768 6998 38759 15599 32354 29172 15429 76614 36071 48952 44897 49001 24815 23490 27919 43171 25542 84943 31459 83283 
30289 37411 22610 30244 6294 10858 846 3840 63327 48909 45579 5966 39676 81764 62807 14224 91900 52386 9100 17966 
53496 93818 48220 85169 58922 50716 75111 40896 86635 50821 71696 19589 93540 54152 61464 44284 22770 91751 53514 48810 
86138 11238 99310 5843 89424 63232 86924 88415 59861 65896 39529 8962 30327 71189 13902 48322 87807 18088 67890 17914 
51681 13764 33562 60121 77600 4787 19474 74941 59618 79977 28347 63576 35501 41947 1594 62593 83293 91060 7293 85777 
71484 99522 45250 94586 17147 95393 34366 37556 67755 54569 66891 75064 99264 15083 56172 96029 37905 47347 94775 62695 
88126 49557 89429 8122 16849 14290 5023 73596 8897 41987 61383 89974 21821 24945 65455 79323 96779 27678 63271 37873 
92632 55317 13813 82121 75269 59489 87542 37449 9703 65294 24796 3220 93858 2850 40330 94759 21765 3957 61850 12535 
28330 87967 41283 85750 19873 91631 13047 31365 10299 77095 18802 85477 98934 89173 72402 26268 45357 73637 96727 48683 
31940 19554 88218 24708 68054 61280 36606 30595 57739 47757 15131 90198 13150 50077 35902 56589 43454 30348 93676 33225 
48119 16435 50107 36293 24554 76538 79275 91037 65471 77317 31657 51968 99579 90236 80605 22797 40498 82334 45672 44882 
51114 54749 21795 24772 41231 68444 90033 70428 17619 1066 88372 52876 42411 27848 38380 6639 54975 33930 46558 88560 
90603 49670 35053 30514 56338 58230 43551 49404 27977 36979 4266 51415 49068 60056 39136 41866 30004 86661 19234 38436 
34266 81485 71311 50435 84156 74401 63694 17098 23163 26761 1321 60126 88126 21527 16894 48847 29358 847 32306 94369 
26821 24233 20686 55368 43472 44587 2793 70547 93738 11775 63326 72728 79190 62104 2035 40599 41551 63464 30844 22029 
45599 80538 1175 65264 24608 65388 22809 83269 25997 54315 26026 88407 29294 37881 12441 412 72064 32665 35557 47369 
50689 61814 98301 17135 13801 84559 28457 55390 29988 63015 71805 77510 25488 57235 24489 41739 21958 8910 83369 20926 
39967 12017 46941 44954 13629 5565 26499 55041 63220 20351 80259 13808 2991 56268 49029 41696 53438 46042 77798 49182 
56436 44983 71967 8373 5575 57485 88076 27117 49238 81260 10584 31185 65685 54397 62592 23313 30959 4374 32776 17442 
71527 79056 79577 8207 69018 53685 9080 18460 49012 73956 93532 4043 15389 94980 83877 54129 61189 47505 99067 26896 
97290 63835 99679 70395 97601 38951 72630 8962 1112 75756 227 8275 81308 5939 52979 42866 48046 80917 36978 63628 
27445 66649 49392 53009 24014 24733 89092 60060 94200 98361 50338 33341 10749 57770 2404 53721 64719 35353 76072 88211 
59213 14320 84002 81996 27888 71340 58396 46076 26538 60766 97405 36657 11086 77421 85032 38875 6246 13084 63627 47196 
15893 17363 47519 50440 43338 91030 19099 3431 47475 69377 25739 75227 22011 20760 30407 15207 97700 50814 40164 67571 
41053 71746 30147 30039 20255 40276 67450 44851 16077 60541 75438 19216 19890 73099 66065 58700 94861 98800 138 48164 
8065 87591 49665 25150 53726 28647 57739 97486 21772 18984 83445 84125 58444 76656 10069 64756 43912 41543 84927 82471 
63723 61540 36785 56482 43990 42165 31664 99551 33670 24780 76974 12108 87054 79555 32728 21327 78568 68394 17080 28791 
34579 52357 57510 82052 12680 72398 13098 89874 4319 44120 96312 51351 99 3742 12997 22639 19442 60409 28103 34787 
76497 60553 16054 19972 89071 47742 19172 37753 54942 56403 66797 65433 26278 53502 65520 91161 31992 59935 11055 39119 
89823 79320 10194 34483 58095 20242 61758 85333 63059 82384 1490 39115 88937 94977 2341 24457 88715 48442 34916 26937 
31558 21370 13525 61758 14219 24642 69676 55165 38737 46339 69892 51170 57279 58731 16823 11449 65630 82307 80102 60340 
65014 23585 94556 56861 97252 61237 96998 3433 58156 37340 68579 77768 81304 31437 53371 11701 89147 430 9389 18344 
99152 80461 65904 49526 40441 64559 55131 85439 48124 45013 3665 83298 73400 43496 4281 89167 4711 58694 46417 79635 
41882 4785 61417 17490 27897 69363 95698 83448 58930 27526 35268 48656 83644 69400 18832 86096 14497 8667 40756 49922 
56660 9071 91923 53557 23165 65336 88719 83187 8394 58907 30208 7429 90989 50944 53373 5420 61165 84195 95380 80905 
18298 81628 33498 63613 66107 55539 40329 3937 4391 97055 69625 96087 85551 84254 63050 56915 59201 60967 64528 16550 
34010 10808 87482 9075 44609 61507 78475 95131 47713 66617 83736 46989 89148 77376 41708 79142 6825 60903 64085 66311 
62793 84783 93379 11235 64312 44643 66086 47012 82063 83369 15891 8169 55073 81362 1204 15882 33055 63728 89387 80097 
78926 25139 5314 31555 97707 31814 68695 63811 1341 78610 77857 56197 40531 41550 94724 39681 76856 98976 91863 81254 
25680 29053 64575 46054 97523 95364 41751 69710 76800 80404 93481 13476 14345 85965 4668 28086 14033 82895 92166 2568 
61622 45114 99332 12565 88850 53798 99404 75040 3778 50197 5126 15393 17258 45441 7886 81909 12576 83771 65897 5046 
9777 15481 7196 92220 62384 45013 94630 10247 39233 45441 98159 52366 87532 10858 29524 53186 18919 61823 85481 25894 
7971 86192 42398 52649 44816 19485 39524 69692 97219 71616 99356 4889 47223 75444 21921 39654 69895 40997 96312 48067 
76739 76078 22826 45109 35385 89103 25683 58543 90553 11672 7515 12853 27228 5816 44496 75823 85191 380 35707 27907 
50319 9656 15208 23731 40001 8841 61195 85014 97781 7618 28012 29206 5237 86489 87214 95992 12027 54464 62598 4470 
85143 90745 1951 76803 85829 92199 90019 33950 61403 25262 53765 51090 57670 21271 28468 46519 73472 70732 87266 60141 
5441 22477 87578 43763 35651 65641 20908 45668 65988 95289 51221 7193 94315 51219 20885 94209 91390 32202 90448 25436 
22670 95084 82534 66749 15284 30911 29588 66028 28506 26998 1584 14863 48234 18995 8002 47206 42812 77289 16517 83454 
95912 50951 97019 87513 41499 19796 25301 65791 7630 94025 48385 11378 18563 99559 40429 30641 70735 7797 80195 44901 
49202 61847 67691 25201 81158 24640 46946 81201 5533 61232 73017 28728 37356 94733 39980 28278 97494 57438 14955 36593 
4161 91406 50442 84934 20156 70549 38794 91851 137 15525 61236 71752 72757 49531 52373 6773 51190 73016 84694 64727 
61821 4197 56443 55526 7310 96393 83037 10573 77626 64994 69022 27238 44355 54661 25887 22169 59673 57562 44233 58370 
67971 76917 48141 39773 28216 15763 89235 72333 60656 1823 31682 10489 7683 47087 14248 77949 40549 46420 91283 18830 
30292 68385 36868 20946 23280 26146 88637 67243 65810 45173 44060 72927 82100 71727 33178 30257 73020 63371 76624 7984 
54448 54263 57956 35961 62396 75327 55693 497 70239 22151 55257 35528 71899 47060 26122 64337 81552 73421 58478 93825 
95832 6029 94629 32782 72066 9175 93519 83420 98440 63276 30564 15266 26975 63681 29568 97116 1717 48191 21108 4880 
375 50777 46764 69609 15779 28547 54339 7906 20538 91628 63029 65642 49858 41868 75384 51958 49108 98105 14759 60656 
59327 23209 99015 74526 44709 3846 69536 8533 19716 43830 46774 53047 95514 16828 54842 98822 66634 91046 84479 25075 
6976 85743 97191 62399 65832 3167 52769 13512 38151 65010 35800 80619 48402 56964 58084 22851 72365 11593 63557 32270 
96391 86328 78228 26693 67557 77424 25136 70132 699 42983 86168 46563 25018 77254 49864 40026 64078 29409 33757 39912 
56298 96658 76148 35857 32685 69197 77834 55914 65992 37276 12015 4421 31721 96718 17009 7349 61126 86782 65951 14059 
73609 99759 7721 57241 58125 68979 61194 7626 7754 32760 4885 91261 98504 30571 57606 56321 96645 43398 75267 14791 
69696 54104 91545 95227 47686 15153 78017 41627 52090 74566 60307 30561 49200 48301 9163 24405 56221 31702 11861 11771 
88556 15848 12226 68153 34552 91838 21873 93871 47477 80613 69489 12793 3610 19632 38521 90769 56715 84879 31607 74004 
95977 98292 4244 13185 45138 8824 43842 50702 30085 24593 29433 40122 39162 68174 40336 45002 10594 69533 53402 51031 
51462 27850 64508 9444 44643 98759 66465 21711 49408 69509 94124 89119 84321 14350 29398 93473 50804 49184 79300 55854 
47086 2243 15884 94569 84432 47910 78230 67550 26769 36855 62942 92930 21576 73345 20724 21855 71510 25385 78419 16230 
8256 56470 87078 72916 93944 69172 73546 53196 59377 80332 23693 23493 51550 1557 38257 67597 21951 66701 24764 80844 
81569 37828 14172 81743 47050 15405 29713 74993 78189 74282 91492 83895 54105 69402 36517 67202 65910 46830 86742 62486 
10011 44813 96687 25471 72990 42218 70076 55583 49574 73318 70182 37495 3149 39459 57109 53887 25490 87255 26386 59775 
65153 95964 91595 88528 96889 4540 51904 59140 28710 52885 61077 53196 84652 24193 51985 59977 88539 71805 93275 61830 
11460 64661 49670 20317 74347 53066 82855 19719 9984 31106 93583 21806 9882 15684 349 38538 16487 62585 69519 50682 
75479 76403 58193 18158 36665 85607 71293 83229 30196 94910 75234 31301 4579 57798 51339 45234 79854 85856 36433 70768 
61390 1270 52733 4009 66465 30666 50447 79712 7425 31507 88870 35983 85437 63855 36078 18717 36296 25492 99046 76705 
75844 49505 71111 7287 90236 89343 71875 19013 25359 29484 59229 44686 26460 5637 22601 84701 57954 30997 30130 78512 
21088 10928 22315 12664 50663 71206 57526 18142 39680 41595 5521 70116 82468 42981 63457 79335 17361 40663 61818 74658 
14075 11050 92114 11212 7687 14009 1936 96513 30416 23998 65696 72628 33943 41348 40302 84970 82325 41358 65270 85512 
7279 96927 85079 16013 65321 84123 38000 50484 10395 12153 7655 12926 81738 64978 83833 53694 50721 64376 93228 22046 
18447 41813 83992 98550 21551 12775 51553 38597 87010 21955 49658 92860 61973 65906 15371 17532 59733 36920 96701 63177 
33718 85517 14410 70207 29435 5161 70954 20290 80457 27780 28650 89096 94100 52467 99457 35090 12492 10813 68003 23517 
71209 81583 80377 12788 56126 10287 54314 69934 12764 21642 33941 90552 34142 2515 65471 5998 87959 44963 892 22057 
19478 68514 34493 15625 2941 5460 8102 64370 34597 33887 31642 78894 15909 68943 84648 1088 80933 83355 71056 93114 
60128 75554 36510 37712 57357 77796 42481 16746 17794 25716 77812 720 57792 49432 73430 51715 32222 29520 43876 83959 
27621 23578 96540 17292 3683 94776 86852 31130 95596 69121 90357 4869 81637 44812 46720 97521 31557 39064 60312 20593 
40647 36142 11153 29825 88816 10850 63105 828 30946 64890 88042 98657 61701 50015 13211 29268 94147 43269 94625 59345 
36612 58055 35768 6868 55409 41235 22353 75923 73719 30901 89040 14558 82257 10700 16626 99080 10141 54133 48210 21956 
86404 99080 57037 66051 60083 61671 57299 55490 73649 44042 86835 82912 60381 46943 7940 89639 63640 76319 89322 85278 
3502 18974 64041 80909 95437 83634 28071 80758 79692 87994 21919 62390 50008 23674 43346 19089 76320 30663 68851 54890 
39866 87101 56262 39415 63287 64407 13046 61129 61908 11445 61579 9832 88050 55269 47895 65953 83545 21947 99609 92768 
58367 41653 76467 33542 86970 70265 21369 42435 27055 70709 38525 80802 52352 47061