66799 29850 25788 69690 7302 48672 35462 52966 80481 84875 41205 17595 90722 6096 8382 44858 53869 69742 90726 58728 
48374 58764 45628 7846 97637 49303 24975 90581 68594 81150 58574 78909 52469 25010 45556 28323 42769 38264 774 78114 
66737 18515 51447 63603 241 30204 9216 81184 22108 71188 39452 91840 17235 41091 92097 82617 14048 6043 7457 1955 
53805 44968 25439 93770 38836 66307 33653 36629 83619 38244 67003 81372 21991 88427 36036 66484 29968 2348 64499 26952 
93477 450 68170 7939 1015 86125 65075 96996 21774 27022 6017 24933 26813 45693 52783 66432 55638 2911 16548 73219 
63353 22962 71368 55182 81745 50122 40552 98971 6810 95822 49830 22027 66684 22335 85676 13228 96092 47572 27786 52333 
60862 44598 26872 19316 96314 26053 94615 6347 9520 71608 96611 95351 89574 43301 49707 94431 20981 4895 3034 67804 
36995 14444 21879 94406 54703 19178 88422 74412 51615 26841 57506 14130 41510 19673 34217 9878 99354 16792 31798 70261 
29614 11833 96041 47918 80982 83663 44308 59966 4670 72389 62337 51793 44036 85995 26197 4924 70866 57787 12991 17770 
61970 68227 26328 93129 69072 96791 70032 92308 15258 4150 69178 59228 26919 70111 23718 89494 10215 23997 93004 65462 
79608 29900 70847 88174 53559 62360 19052 38712 32129 84358 58340 32554 79283 2930 1780 88314 62465 94122 76412 82969 
56751 77844 74464 46627 22921 65410 74740 74769 78390 2719 98421 78242 95220 52125 13125 960 72178 84438 18306 66229 
67539 61961 11496 98936 23198 54303 74018 87700 83188 92034 56748 32746 18044 11957 38645 60425 24599 8684 1563 18827 
19818 82043 5452 46056 54851 55456 26305 88470 53666 51134 65692 40175 70832 73825 7797 74199 10707 16257 62426 93199 
6426 86117 63779 98196 27079 37223 72919 45119 33461 83346 23076 28682 54525 11598 61504 59560 31220 42721 29002 93275 
53953 63995 20741 21551 9539 42227 70242 87401 88461 55087 24449 65454 11026 74010 13001 52418 3445 59680 67589 18375 
14454 63807 10910 41001 41369 61868 93207 43356 77148 14658 25045 66542 13856 78539 76995 44206 86473 29279 29465 81406 
55576 35756 59929 19715 95052 44515 49923 64117 69133 84195 14451 91258 44976 38027 43243 91872 68099 77633 68527 20565 
35671 6169 91364 52631 30634 93391 47666 19393 35993 75051 76742 63378 88913 44636 88092 39061 2360 87022 88753 16372 
67570 6108 85910 74890 4641 38549 84555 27975 82449 76896 99682 14206 34558 54097 78520 30252 81629 43518 24913 3170 
23958 93245 46309 51351 99294 25851 84832 14318 39562 30187 58848 71869 46378 99489 69331 34617 15583 28842 95034 87623 
68424 21118 7106 2996 4558 49341 33230 76488 12378 23001 30296 6412 90711 31162 79414 7520 63229 76235 16990 41770 
44427 25271 98255 10440 72746 57405 20306 30609 23500 62931 55068 12334 14934 90493 48585 97864 95528 47459 57874 71288 
63338 95817 30576 29850 24706 46789 58110 215 47758 2597 12585 93638 4234 56114 74127 15683 28616 55777 92878 97699 
20987 8572 3310 39155 32229 84459 95931 97222 64992 1436 2854 13962 61070 73991 28619 49970 6132 14956 29046 6507 
24281 40214 90212 59834 49930 61166 31119 98663 33268 69253 4773 82089 44221 73303 81557 23499 31107 86804 65981 79056 
88928 12496 12052 55802 75009 99844 8773 59510 40744 88442 26569 5676 62025 55357 35254 27279 27174 90417