19645 51176 12288 10748 57038 32737 56275 5948 47672 57010 49394 69967 92433 77527 72795 35890 99080 51432 48629 27870 
5638 73903 38663 41876 59646 11993 98662 2769 25123 82467 47990 6258 22347 91889 27525 24438 20459 54659 98531 35325 
16084 14968 48799 6951 52620 77480 84805 25623 68067 82744 10004 67689 78149 87412 43809 5087 87635 3553 28457 39463 
44417 33139 26171 5636 30507 18302 61918 82197 52264 5546 85946 8229 35848 88452 95960 63983 38647 41377 94036 87650 
79805 68961 97118 69995 21519 6449 30875 62525 48330 21661 99708 14554 34672 6767 90429 87983 73888 9143 61631 49809 
44783 95574 89409 95227 44208 16110 16195 13052 8034 60060 54913 19004 23996 89950 55190 50667 33043 57436 71495 25985 
86783 97174 3024 75197 40344 75486 83493 17220 64723 32992 68532 26258 81537 74138 2210 44206 57478 23792 51146 21463 
54861 98004 23080 75603 88110 36570 77807 64618 36867 91446 38960 63214 91663 45082 91325 90902 48818 98303 58975 7215 
42923 36985 35185 1077 28582 68014 99232 39558 39804 1683 21440 27019 49973 28051 45769 60188 22344 49817 41552 32298 
25038 65835 58191 49606 12563 22724 51584 75693 95184 8193 16734 74819 31410 62447 82340 56922 58035 21624 21330 99384 
53086 91359 91606 11448 62204 34736 74930 23031 48098 49836 32605 3943 23216 55708 22091 74782 45309 76927 44367 60551 
57033 65937 88707 89917 84399 88962 67838 40633 77886 19207 45573 90512 32190 21671 52201 8766 78244 36399 58531 57785 
46238 37185 66388 71321 76935 74997 59301 29904 62458 78577 12642 66355 29545 3514 8895 94420 18855 32340 87167 57798 
53543 17365 69799 43724 95237 92371 4190 71436 907 21985 95059 85740 64511 35263 36999 76774 95114 13899 57463 14666 
22661 86557 61004 51453 93207 82939 82529 64344 57607 44066 44976 11443 35676 64732 20848 35481 33521 57874 25330 49739 
43440 98378 4014 97409 50857 40215 59693 50651 78913 37244 86586 98053 41318 47795 4174 86702 7891 68996 52856 21710 
74743 15948 98689 99446 20222 42886 87990 48110 93040 83108 22703 64153 93967 76756 43522 71646 59770 52435 32284 5593 
72623 72249 91396 12248 61818 88868 45467 2511 2207 93079 4933 49091 41802 61902 73075 96508 60775 67431 17853 93896 
22157 96892 56397 28763 320 53405 84368 87304 19773 12927 62638 94414 94671 35466 19003 38161 39380 57181 16283 65974 
49 79615 53570 51371 78874 26668 30824 3116 15748 75096 23678 17634 8285 22621 89768 70303 22419 83459 31143 77220 
49610 48240 15081 54416 9368 84347 31649 10599 87671 29364 53823 78698 69386 66198 92612 49721 90385 1236 30174 57326 
10098 19701 42592 27859 45481 90393 43454 95608 31958 11274 10710 47773 11182 44588 74212 37035 73547 81028 14316 66370 
86688 28814 18092 91238 81303 59368 68827 82346 57097 49111 711 26997 56166 81117 55905 90453 77564 50780 27279 3389 
55315 15473 34707 78602 59913 3594 27617 61741 88732 23783 5269 85083 58666 50869 95818 27365 42570 84085 27993 40065 
26293 90597 41447 10956 13418 4799 70904 67023 10002 34838 54172 98357 98990 64533 2420 77023 45331 56805 25567 57884 
28186 23311 61881 75478 35233 8015 30181 24941 24995 82327 45145 92570 82502 87045 26187 23213 34283 19115 6109 88691 
72957 15759 53706 9199 83037 22255 91191 85650 9076 56574 27012 76875 31680 97983 44162 89674 59980 71859 40077 48795 
6128 54086 56599 14294 78589 29211 44667 86097 35394 96733 57155 74663 26135 89793 67659 60238 5723 1621 24994 58197 
19657 4005 68619 70584 88612 3061 38817 58599 20117 45979 62567 93245 58054 74443 62662 14456 9564 66016 61846 6460 
3618 15521 44384 61854 17419 96651 72152 9101 40530 57644 92743 12829 55927 53264 95786 75279 86226 76275 36201 30991 
83971 22088 73997 34900 58405 88250 5148 88436 22408 13051 37308 71664 5772 3963 81520 79297 56345 61781 30504 62426 
80474 88174 6931 18479 51658 1624 81476 50916 24462 82143 83025 33578 86263 96638 7355 10312 35983 94381 53416 65065 
44262 61074 65439 4275 41362 96942 7345 82304 3523 37696 59180 71056 47367 25014 49824 66967 51012 80250 66583 25978 
55465 21342 17535 21355 14010 65494 64381 95211 54695 34539 92168 7873 95331 66847 10922 39174 39463 38212 54546 58362 
77533 4989 64896 3262 75365 59936 22168 18527 38592 57661 77256 32870 67975 76670 77824 49037 42830 43867 69989 70768 
29479 42069 28636 3976 95818 17000 78497 18923 49922 47169 32867 54968 12962 37195 5694 46170 86404 71882 55099 22270 
91249 57417 25928 13651 42476 61856 30442 83911 11673 39946 10587 64488 29245 24891 77190 42132 19723 39045 40195 11548 
97822 75768 33346 52225 98098 60554 58373 98669 75144 24278 62397 42656 93606 83260 27131 54154 53830 31328 20840 39873 
58843 40310 3847 94212 41375 94964 49841 29759 42692 34081 96853 84409 26631 97135 11647 46519 28552 15439 1642 81668 
37110 79627 15493 52641 13166 1525 83530 99301 33798 30657 46722 12420 34265 62539 11909 59794 93664 40126 26793 23460 
74543 54053 24058 40921 26341 70858 30291 78953 27056 64006 65195 23754 41549 46380 26235 81535 74354 4054 38052 21158 
180 45766 39739 50918 86523 16966 75194 24411 2608 98992 41135 9377 37152 5935 84970 59451 85515 13004 90856 12688 
921 72533 7978 53314 50099 40488 22822 64744 43435 39236 44940 59940 64539 30661 80983 56171 88317 13913 51807 57025 
27832 86485 21846 37487 86592 73488 57145 70707 47014 34563 728 3747 46545 29124 38045 30843 42344 81833 98288 53453 
25862 1828 44707 50336 28275 93482 65237 88311 74516 28756 53214 91429 55467 35902 64432 92259 18433 87686 26241 77753 
68947 3739 5481 58532 13330 98278 34627 71642 60232 2722 65630 20966 23190 74807 60640 96452 95117 66296 58601 37813 
91676 36812 72025 92543 9405 67275 16810 65935 71233 30813 1986 22763 54071 6239 55799 98292 63330 35159 38763 97819 
24155 69554 31575 55937 64584 8256 93983 23820 98923 41471 94007 85101 11450 19550 68218 41896 18470 83122 62843 19484 
97094 51398 92753 36850 24853 91589 26544 10312 92924 36739 57016 94164 54414 3032 6557 17056 87037 23340 56751 26098 
69629 29621 22267 7176 58090 13655 74437 6009 11458 79630 2414 8357 92567 74989 64591 98795 23950 63516 94728 79092 
36738 79602 98519 90715 13038 95483 44200 7232 52347 15479 16710 88846 41468 62383 52344 35020 94598 60990 70595 59187 
3312 23062 93944 71558 23611 60985 42761 1202 14242 99425 85708 31194 33602 78523 98161 51813 91437 94115 52226 956 
10202 47395 39548 59285 37162 49382 6688 49763 52555 96184 77554 89201 904 28108 20394 20732 73050 71403 38172 25566 
4300 97841 24376 60085 61262 9975 10928 54018 29267 16585 35481 2043 628 63099 32343 44454 56561 23075 54946 75699 
17990 62080 95755 97825 70392 36674 15113 57371 68609 96561 67622 24743 57316 79285 68053 37698 97920 80769 16729 5724 
89993 70354 72564 54561 16022 7836 95088 39253 65596 70383 76215 49912 47429 51948 87279 95136 78095 66016 97689 41323 
71282 41392 96332 52179 68512 44705 71316 46417 1225 83338 98982 69129 32462 42150 86742 59767 62115 4191 51786 9830 
51862 41334 86181 91341 20871 52582 16339 23869 28152 30358 23547 44371 95579 46951 22973 60706 82961 30795 29950 95173 
87134 14867 6733 39976 14820 2108 88293 19294 92003 20669 86980 33837 69644 47108 92809 6030 92772 14174 95374 17982 
46758 53578 40964 73835 49671 80788 16568 23754 35807 65926 21599 7264 4476 40030 1411 24444 67476 29319 22008 86958 
90406 36870 61858 42091 75907 5523 89954 29641 20375 96732 38257 66932 57519 47130 86159 65131 85673 92098 68920 50476 
81596 71661 22925 92296 71577 6675 3194 758 84935 16835 99606 71134 17520 87671 87100 19726 17924 92012 22582 46583 
17022 32382 70431 35885 33387 79038 88417 57849 94176 81825 82814 85454 94688 10956 26090 38532 5967 69925 32878 67081 
2773 30689 77722 94483 65271 39209 61819 46579 98377 86733 71199 81633 4540 72501 97458 5132 80154 40713 35025 40777 
54997 26655 18821 15811 61401 661 18266 91981 5275 90963 39887 71517 66517 64467 53439 4226 35328 22136 7066 94443 
5568 75873 48330 16850 93219 66807 38735 43690 36955 23566 24511 56103 88712 31465 13069 62901 78453 16776 9156 15451 
34703 82040 39260 31006 58709 72234 56688 28904 56488 31893 89787 4002 99392 65168 27694 70129 82604 27274 11395 86024 
27463 1688 52726 45603 97004 46515 51008 30089 32257 26185 48498 99135 14362 42281 72610 91897 9615 32232 14101 85694 
72510 99730 43944 53854 92379 18045 7158 88171 19450 83591 65878 42953 57655 51280 25053 82969 55105 2227 79545 10768 
95393 75940 53770 99847 99722 99261 2398 44187 25695 94161 42352 69407 18008 6403 28176 60507 43048 97734 96126 60654 
22574 1679 82553 66984 12973 13987 63657 85937 68704 30454 10386 65957 68711 95526 52210 93963 64523 76593 5841 39623 
26044 682 39894 94683 5245 1835 7590 83943 30862 31376 82795 62310 16165 66817 71325 78789 88571 18714 16487 98477 
69463 32898 21307 48634 24523 18863 81735 23815 38991 34697 50825 49986 74871 22100 70367 17227 72015 70056 99032 48080 
76061 40293 52812 29669 81312 67648 18811 18534 8084 1261 99154 58010 1971 95577 16028 22013 11521 5808 46613 17330 
58757 24089 60580 42713 5859 3079 33530 10871 89121 35324 10931 58534 35482 94850 25611 14409 75539 20432 3287 23144 
99848 44618 62919 40922 8861 50449 92891 89344 98601 61652 80736 65915 49956 82281 9068 21054 7348 41660 63083 10193 
20696 53973 38375 19187 2815 57210 28680 71375 62315 18550 92410 31029 10314 979 57717 95737 96493 96562 31691 15027 
50847 40026 52154 48632 22429 24080 56428 81571 99391 25983 49833 57650 14539 31340 1432 24321 44396 40455 51675 87991 
3340 73544 70894 45345 64064 12692 83470 3275 74455 6183 94549 8573 47036 95124 2174 65926 96486 97244 25995 11807 
82499 98084 43063 81065 85735 64860 73934 60434 93361 12518 65430 7890 76893 3137 91402 65158 61009 66232 76874 73159 
62161 1326 91010 37702 69742 44270 85289 46592 80818 31513 10524 5323 67414 75387 77244 73010 92463 85283 33767 43168 
79341 8231 56029 33782 10264 26908 77116 99493 44534 26392 32556 34706 31428 28736 43702 28623 20860 39380 97573 45602 
92236 17804 68680 3405 63068 39723 49976 78808 15958 75366 65795 20465 89553 86202 75070 27140 70863 33269 36661 62759 
6845 22220 48841 83299 91805 56577 36935 57639 9740 48768 52007 71697 77859 78163 26367 91970 69921 19254 14434 45990 
70487 86683 8029 19082 27602 77698 5002 60163 11838 27143 68538 39582 27412 13171 97018 85912 63191 4792 33663 43409 
4558 88267 82703 41047 79126 41521 44002 62974 47585 13569 23019 58030 44433 93473 66517 43850 30651 58629 51518 51086 
65503 24605 50945 66233 99933 50457 36949 44738 75110 72823 53665 30532 21092 11414 82566 95907 84785 23714 99482 20148 
58251 98220 72036 18659 95747 1136 60006 22913 46463 13540 42759 78721 50841 55173 99374 62332 78910 75162 34450 3889 
55893 38823 84864 84656 23423 8500 18565 78894 28308 51104 74917 95321 97880 12851 11070 31338 51546 21766 44181 30059 
41855 33569 74705 66869 66644 35418 69158 73929 52580 35898 22394 89828 99817 69711 12818 5870 83777 32073 83056 42700 
85166 85869 48202 36019 94943 12696 15553 29293 13383 96058 68303 39542 11469 6408 17298 85785 1339 96304 25801 80344 
84144 13643 77072 8363 45884 13585 50755 2318 21688 15223 44429 18034 49728 35331 26174 44107 16050 54960 24029 14203 
42322 20086 84457 71481 15336 91543 53260 99167 50184 62714 38508 39333 81961 71365 13922 51039 85869 40813 22978 33396 
51003 29805 25569 41349 41599 60340 15210 18297 3913 13353 87307 7618 87501 15866 64844 7578 92411 11847 91132 63418 
455 84108 25416 44717 73265 8189 36353 31118 59660 18772 86650 99692 79240 88739 52069 54275 75491 83781 38637 50312 
62633 35784 36225 73197 40591 47191 33873 8278 67686 68269 84047 37214 75315 52577 48985 46677 20316 550 1317 42436 
55519 32664 44777 13374 14788 23468 68682 98051 49662 44222 53752 62745 45746 8446 18264 384 14622 63177 21769 13727 
81363 33054 98376 81171 56537 25938 73957 73645 2256 99185 27108 47856 57195 56076 35398 44912 18219 94627 25543 68802 
11373 1003 61741 49272 80744 49594 82328 74983 46085 78837 81668 21826 52035 14754 77243 51724 65905 49108 26776 3386 
15048 13091 58352 28421 60740 64989 60659 34131 31852 53516 92182 19115 73510 87065 8954 56551 85471 71896 5417 46390 
5309 80733 17368 12263 61929 80036 51298 14681 25482 67025 44537 84372 99289 60231 54515 24277 76017 12409 54273 26294 
53438 20702 70871 28714 2582 45819 16285 95443 94034 87940 91837 16940 10999 56189 85442 96319 97895 44660 9140 88209 
41330 87164 58006 46772 96977 94306 3011 22814 84417 27333 56267 2107 79841 7165 21684 75357 79619 20989 37740 29125 
88077 19538 16876 33138 50435 25845 32336 88317 81851 21269 25882 54165 87833 33596 28941 12442 76599 73929 42333 3366 
43448 69094 56089 67958 3101 63433 38197 50482 92011 38754 98419 4011 61916 66275 40432 7247 3826 34985 84105 5460 
40884 87646 40480 52810 28950 61510 37587 5398 35860 53968 45009 2167 61014 19523 10421 13103 79096 95622 59233 7678 
41289 56328 45585 33219 55206 99594 40762 67737 85200 72551 44177 21909 66811 73949 64252 54102 67046 3717 43592 88233 
83588 48846 26666 33868 78734 19644 29339 29724 83797 47284 44733 72002 79251 56768 60036 20222 22082 29597 42508 88769 
3529 89377 16787 5161 93655 81301 51645 39328 1674 37175 75355 36858 64087 4528 12316 98096 11474 17205 58906 62100 
55616 48163 63343 95586 81743 91517 99684 26808 76095 48697 80956 37681 75624 3660 54545 31023 10657 97604 15665 72815 
78116 19327 30631 38578 36308 64213 28743 26482 85059 23529 23879 67322 27954 17883 65835 47147 20807 85260 6030 65116 
87695 96675 68820 63694 45766 19143 42522 2625 82359 42102 78603 94827 59353 98380 65129 82398 28073 96619 56720 55167 
54530 16428 12916 32116 18260 20459 10694 96474 93621 39826 83320 60950 81880 89108 12735 64148 35380 6174 93006 4550 
68984 93695 94371 66725 63454 88164 84104 18745 1642 66673 55421 62126 82764 41560 39986 12053 72091 3317 75546 35427 
36291 33009 70557 76381 23592 83298 59243 97213 59013 95486 90249 28820 24319 1907 54841 2095 97430 68243 81505 570 
16076 93144 49267 40837 61817 32890 56543 13389 77149 95384 45087 31747 50996 59472 42733 68407 68062 53650 50039 56034 
59472 7895 97194 27750 58703 3357 54309 47533 83459 89052 44299 45152 60499 35193 38272 17038 45926 72041 69473 13396 
43195 78819 57903 78932 12753 12664 4929 58218 23261 55857 47157 75857 44495 37153 9577 14309 82099 10001 16224 51998 
43763 61837 69132 50333 78509 95442 16909 85730 13759 64123 82837 58524 65424 46774 70220 43712 76049 97954 72569 69112 
90768 89668 78280 56517 58668 79589 61142 21945 44893 75918 13261 83218 99583 42753 17197 20590 20454 8908 5606 4743 
4494 3770 67133 49758 40222 94369 78558 33944 66320 244 74113 28937 16138 72199 14159 77468 92087 89938 51884 68458 
23561 38498 74008 46149 71854 74813 8414 44918 38144 51072 17725 11182 96636 19826 46712 70586 40047 46983 81040 77573 
79553 4553 91222 27705 82474 63743 55304 41657 48615 51372 49140 74103 31015 49024 34294 61956 31197 99644 75546 87168 
47870 69634 63513 91803 60647 58929 9471 2163 2869 83947 13696 19408 42395 73675 40484 15385 51317 1508 48148 11933 
77848 17791 65635 48530 69209 15480 12963 11221 20049 81017 35883 66019 54995 97579 35616 38438 40850 15141 34719 16303 
69862 75202 98472 93755 82985 16636 59991 65737 81964 85867 50944 49348 53187 59443 96880 83268 92940 96941 94473 48551 
94097 65992 85051 44795 14235 89930 36799 84340 11142 90647 21579 20446 72862 37702 4049 14848 70554 38591 37497 55973 
49410 50170 39990 97900 13626 53852 70748 83458 69842 85833 46783 70535 33251 38720 92286 86572 27171 39197 86612 36412 
49097 83373 84252 42632 32263 4795 69686 5332 68361 92365 27330 88118 78533 83078 27762 6398 13817 7036 45539 72543 
48944 17426 97395 92927 42364 9250 85232 83906 32402 95396 8077 39673 94772 67845 45214 17148 7290 90983 77074 91226 
6704 62744 87146 64021 90393 10119 72689 45458 37851 9164 47175 22719 49774 64596 71636 78579 40168 8466 33602 78206 
75975 59529 93343 48486 65711 354 35704 61479 18870 18364 98699 72752 66652 65908 89958 12934 24334 89929 49513 2045 
72626 28756 63142 42258 24823 24590 72993 66331 97529 42378 98004 99813 9674 70778 49348 81312 94485 93022 31980 26975 
8803 3246 7702 2115 46023 43762 18185 24048 85681 4930 24792 66555 7092 54794 53827 4675 77755 91071 14836 34561 
1754 39067 50669 2936 80454 29332 73751 57888 98087 39124 96249 70400 63275 1820 88590 34514 14355 22118 95153 55940 
47495 31479 30801 86564 50665 44794 7120 10425 6286 4684 7667 3527 83689 46734 39623 80867 77303 2049 70444 92977 
18542 18184 80320 56135 7868 29482 58130 21310 9684 88121 49904 13157 48364 31424 41960 37464 69246 26417 10421 12184 
52129 75423 70793 99321 30422 5679 11276 27352 77502 88115 60115 10356 44087 52331 58292 81888 4764 28358 27542 57329 
24305 9782 81648 2322 33381 31370 27938 21946 75620 45482 65895 99609 21670 37434 2140 43132 90366 973 73834 2592 
25969 89255 92565 40343 6772 80239 35434 86352 72739 92383 96615 2905 10616 23468 30564 1454 55938 99016 57971 26800 
99657 83609 47490 34203 54159 21702 18585 64309 72184 75579 21746 69747 16619 7354 91894 72778 55414 20176 96959 64287 
82377 94491 40410 24850 84199 85211 88668 73594 68796 36766 6203 52037 39826 14426 90343 8460 87594 61180 94850 38717 
63067 72851 90115 87369 66361 57499 89979 82667 56283 74970 33011 55293 49760 20065 79213 36510 49585 81728 27910 55829 
16405 91544 21723 53862 54089 23781 70622 52487 91232 5536 62047 50898 16503 52973 64905 58869 42412 67967 54976 73463 
58267 63905 68320 61734 18834 37715 89752 5436 9795 29617 54859 30442 40853 60135 23966 8650 86018 79356 42122 2726 
87550 25300 13059 57187 45915 52243 14867 64869 82266 87407 59436 14741 34464 72207 16759 91672 66602 3255 37497 51901 
36379 7292 47392 33631 37750 48568 76296 23390 62894 48210 52424 96448 40824 41716 43211 96966 49968 51521 41436 74316 
29137 89827 43430 67520 88251 486 51445 93115 7860 52332 98925 9792 74533 88579 17981 32878 39223 73101 20164 99308 
82958 68956 29274 71785 59510 45997 89517 18362 68086 14480 72065 89791 35719 59807 41646 96138 97960 96551 88871 64587 
52341 37125 56160 80969 54810 33388 5066 93193 35989 9598 65720 12382 50279 17932 16981 50078 13932 55151 51307 62947 
45920 8056 76774 36370 32107 91624 16362 83873 39504 11537 39892 54399 42686 76024 8549 51994 31644 44853 96236 12006 
48262 52348 78203 84880 17917 19152 12585 96814 43431 81553 71608 64883 28390 33146 60734 19894 13347 90319 83953 86422 
61097 49275 72123 87542 74394 85221 64864 17811 77162 70051 39077 80764 24871 50820 58614 25070 48697 75201 62910 62242 
5777 41708 40335 87332 87043 10541 7018 53130 91152 89305 79886 97375 81998 4747 52673 83900 20964 50237 79391 89530 
74853 88922 45993 36907 66870 18046 95832 95804 3400 98861 47926 41037 89080 54412 17795 19395 64107 12326 22345 2650 
51744 42951 82031 94606 59436 44484 77950 36689 76207 52394 9101 11764 8963 703 13648 72122 79359 87371 61692 24302 
24852 33084 27593 84682 52490 21565 58278 85973 37387 67220 79087 41438 64414 49186 85939 55602 17408 51711 70313 84823 
4371 10891 95997 1918 78098 98549 47253 17496 83011 86491 42301 54288 87230 71699 96751 11149 32008 81879 75685 96411 
66648 6145 38517 22198 87937 47078 97996 7631 76238 37764 75280 34635 93967 41982 75747 9884 88448 76881 12954 17552 
56414 52021 23178 66298 87355 28007 68279 51226 37256 17661 71422 52155 6904 43930 5546 67269 11599 93133 34465 33368 
38366 80442 49934 97272 81564 58115 22397 75330 14280 2583 5939 89015 62481 77441 97154 10749 92963 41959 26479 16474 
10739 83201 47380 6671 67999 30798 16007 54894 42807 28651 71010 8739 83177 55587 14046 88911 65818 86787 5869 67592 
97624 94583 87068 49759 78702 52881 90885 14428 5983 75653 57411 9059 5044 77955 86824 73508 30218 61728 82374 49048 
21024 82763 27669 39294 80204 68638 81541 87095 69733 51081 50318 74457 63896 5085 94793 72930 3215 60022 639 7973 
34111 33927 38597 61477 84693 25256 98635 73138 90091 79955 91165 23015 89171 33911 90832 23551 76173 30713 89892 20327 
90533 72555 27022 60064 54997 95736 90396 35586 59499 23612 84534 67228 12598 19371 43499 42488 10706 60616 56415 76642 
51377 3113 64000 77826 26564 17883 16762 28365 73464 94240 85501 65070 59957 8826 12919 96047 75739 53254 75888 16865 
44272 28974 99246 86460 61299 93288 89266 84700 20278 74217 82250 90785 59705 92232 70346 92269 4105 67338 52985 45180 
47187 38331 71810 92109 5633 27006 59322 99619 9038 75640 47845 41977 82277 60912 47102 3261 54109 54999 28841 10954 
78271 25200 95338 12970 82405 5528 87815 40812 38836 89610 25132 77422 13251 84134 35122 4226 36359 25309 74965 9693 
6622 70907 34779 86587 89052 81647 2856 93156 72350 13620 59371 60633 39917 61440 37879 51942 53720 46374 78940 83532 
81600 8627 90352 62708 62001 11237 35765 47594 77151 74403 30122 53848 24155 66820 21739 91815 29729 30155 61707 78051 
59682 83395 99316 76936 93608 11102 41487 58787 19140 20400 53341 59158 93226 23367 61393 1838 80661 6661 74358 41420 
28204 12181 15475 42451 91430 68367 82804 37013 31890 87499 34407 80059 98788 52801 57526 4947 90524 52745 35643 96742 
93803 48944 70699 63622 64662 6073 67688 17384 90063 34028 12547 94801 97971 42174 97709 4952 18731 64076 36021 74456 
21409 60932 58384 37851 451 93307 33187 39819 67852 21986 80586 7822 44355 91648 29128 18231 39122 25268 76244 75583 
70171 54020 33642 1396 49274 9721 62460 88542 49138 69192 49276 73124 88016 85320 96395 81861 930 41896 59038 58760 
10133 83225 82675 83024 98386 49728 94362 12477 16010 38107 98219 97402 13358 229 76829 86087 95196 97886 59227 88100 
6537 77253 49917 83962 98187 94640 37710 47670 1294 58468 86326 81418 63768 62287 9849 78059 12506 81026 38668 98655 
43376 80553 82270 68115 28676 65863 16510 78148 54088 47211 68836 49397 32652 64633 77046 3358 13405 8165 24662 21295 
85479 83949 26513 49295 65301 57599 35643 57000 59760 44415 85384 34142 67797 89077 93590 27793 98205 13230 88281 36409 
8270 11302 83733 6188 28023 25205 24089 71583 90971 62410 95195 36128 93797 48942 83415 6581 25475 87941 72420 84077 
83938 53373 22722 88980 97142 20180 77097 19875 87016 29304 60004 41371 46198 71476 78243 63594 19832 9282 83603 42479 
17133 98177 23822 66559 53426 80482 31219 67417 24462 91768 87087 2941 175 61532 87995 41551 85553 14915 22411 34124 
99993 39282 49541 58422 43528 35916 72941 88426 74123 19646 1041 52908 11910 1621 40771 68041 34773 86270 20772 19797 
677 934 807 39733 13765 8692 31974 9982 77381 36881 59062 58972 21831 95781 63235 48903 54625 65309 94221 88845 
43107 82265 12077 9533 74485 27392 65607 19052 78308 37028 66950 99815 88600 6429 22498 82756 69154 96209 29319 98608 
75956 39133 93917 12165 28247 61258 29725 73994 80786 39923 1010 47049 72981 28030 53665 42739 78547 51429 40793 6892 
39013 99373 39951 59066 63658 6772 31105 72465 33255 22832 20449 69289 71310 20656 30155 96883 91227 14755 30190 22101 
97588 31441 41902 27806 84630 49185 61256 99636 32569 30181 79725 77543 58246 82892 2470 72831 9167 75372 89053 54590 
6329 76890 59042 25185 92737 73923 9760 98330 31144 27522 26520 42563 34627 91884 33348 42640 96153 26319 34553 55502 
890 51670 17312 56328 18016 83829 23824 54891 17284 99678 55784 94880 56313 37615 31424 32854 68996 19401 18426 89711 
38575 79051 5040 13708 52200 55538 41314 52026 1764 94852 81144 13013 92345 17307 96776 5682 73969 45587 2129 40087 
60707 74520 56820 81319 42886 57153 92442 56810 13354 9417 89633 8255 18621 74601 85570 30708 81229 63219 83995 85415 
62939 30772 90855 33377 58392 56002 61596 67191 43830 40175 63443 19591 74049 67235 4207 1454 64994 54341 11063 45886 
32365 92011 38970 75838 51017 78778 32543 89971 590 45598 157 72314 66806 40655 71895 20045 20971 90756 94546 40738 
50210 53000 71560 97835 92479 12625 7708 18061 84624 24370 94624 80753 78605 6310 67625 13984 40152 80182 17998 20279 
99414 93658 65517 93797 2011 6146 9456 29110 96374 51025 75360 10107 81043 39915 36512 13026 13511 93198 64339 57736 
49689 8919 36288 35411 56716 51390 69160 68272 53911 29058 62267 43074 79385 50385 20809 31603 34424 94895 59157 72711 
27097 13232 47659 5682 55688 87604 47201 90187 5199 35747 14291 38277 20130 11743 3330 88973 22112 117 51539 152 
1118 32966 75232 84706 28561 24815 15304 88965 27279 28574 752 76093 20602 24858 28852 75781 81709 19260 54034 11694 
32249 79743 59129 79423 63549 82981 35149 13592 57329 35179 67675 25996 418 14599 53562 53040 46040 19047 59399 92932 
74642 52556 75396 62878 17774 67559 4957 22042 19930 81880 48747 4250 9417 89023 24619 17152 21458 231 33400 47902 
30164 27492 34255 61383 85152 76309 24573 66047 54239 85862 90034 84519 65819 13986 85777 29216 11335 41692 19695 78663 
61905 76226 21177 32500 70216 46146 72356 77005 4624 7482 72743 49205 75553 55491 69955 50441 75310 51121 10872 6902 
83765 88459 1729 52522 36149 52375 28497 13536 53530 68127 8070 80038 66959 30582 24097 33407 98118 3547 7344 99655 
59032 23842 30660 55521 40112 61572 48905 437 88108 60466 65969 44556 35021 93402 9567 76897 40473 74246 196 90393 
75935 68412 13358 26162 52095 71104 52826 32941 78293 55167 93919 52458 39200 34476 58 88567 96499 76380 73529 50103 
37364 85360 44142 42993 36761 98278 42571 83193 72547 18566 52006 70786 12020 16157 99878 20348 11895 17242 46372 41353 
57923 37924 18932 15003 71243 16127 56163 4408 44773 18079 49159 7999 9327 92983 52152 22473 81373 95185 44680 39165 
55829 63179 88184 67011 56174 28931 8740 4706 18248 92479 52062 90310 64875 18459 90246 77575 4160 7020 84458 71577 
86209 94673 78032 46357 67750 25410 73032 74252 8411 33718 54839 16353 9784 62459 42641 74851 1145 4421 74168 8376 
87899 44041 38645 29509 99744 71882 17696 2768 10441 8734 35959 72505 70613 10884 44181 67562 19309 46362 36501 24671 
13565 14558 94658 42528 71469 77276 10530 6811 74114 37552 44950 90909 67639 26614 32454 70789 70159 18835 5022 83921 
61407 86377 92227 21557 16097 72863 15106 53076 46116 85298 7550 28381 78911 36480 86500 54329 68278 20094 17275 20979 
89009 27937 90838 49710 49516 13748 29002 59110 14544 68046 24265 31472 67963 46812 49456 28122 13229 75715 99128 90650 
28133 53025 62090 37888 71644 60475 41319 94681 83814 8462 96577 22644 8318 22217 579 57845 1051 41073 3278 77571 
16852 44146 87648 69640 17828 55623 71873 41078 17722 88856 6023 40493 27452 81615 56404 50935 96710 89479 49965 83445 
37084 68857 68054 37199 99421 19769 80990 81999 68535 31123 68535 1007 83776 31854 42368 20561 78171 18654 75066 76146 
73589 21586 25541 52791 24664 68418 54117 7242 93559 78686 71191 43712 6121 62404 83405 82773 46478 88954 31572 41657 
14450 36498 85068 51040 91209 54113 60263 74420 10810 88805 94721 59840 27446 89088 98321 35034 11441 11799 52185 90044 
13760 72338 74433 79607 151 23119 74813 649 35120 19774 82347 21499 44071 2455 41838 72747 4050 55726 12552 955 
23259 64363 58340 58909 35459 20820 88592 97655 51718 10530 13084 79594 67092 33270 49739 82761 40973 93676 47544 44990 
79224 14035 74630 3263 41838 85666 1572 23632 51778 34429 28593 66074 10595 23458 93652 23761 72296 80218 92342 36002 
28664 6203 42116 68417 35002 15031 26368 65955 55058 71089 45201 84252 55673 14528 61958 23866 29508 78921 29563 97728 
4320 99194 39711 43765 44038 25708 50884 57829 84037 29383 66379 41930 73730 64959 89613 68972 14726 48484 96372 11959 
20931 79497 40049 75394 35150 77347 80945 28658 77141 92004 12914 88928 28050 92061 55727 57461 74707 12157 86081 73949 
94400 26819 8958 86937 89739 99627 30852 10015 71215 70988 6407 25184 83824 12412 79917 31083 18294 12813 69221 75265 
84541 89823 12176 11197 52944 85893 64409 65407 37994 10231 12187 25374 76646 72778 99129 48385 47799 95955 97845 95807 
65792 59198 5846 74183 71675 99466 35807 64897 5713 34322 12873 70405 99458 73217 65599 60637 84640 80880 90559 64594 
5738 74818 81616 53387 81420 49812 85025 9906 13478 3610 26649 7932 57418 28778 63105 61321 2746 12625 19574 29528 
86841 19246 30110 70764 60155 3556 39256 72227 65506 93049 24109 11752 90298 96535 39186 79957 54622 46164 82196 75309 
84620 31264 56562 80837 31982 24269 3054 58943 21566 26905 99696 30391 11341 7352 8756 65543 36905 86103 5445 88876 
2321 14570 23959 3340 99046 94811 57859 43961 35552 66100 34358 83611 71903 44270 80047 82153 50288 64994 20920 70096 
50813 12285 16677 70042 55023 86925 79986 98716 95246 29762 64336 92537 7764 41723 52977 69985 51641 80777 39620 82463 
96402 93507 70694 78039 64088 28609 84980 80210 26678 5460 19862 71838 85013 15335 4812 84086 81766 64471 72844 97303 
98604 43873 20857 47626 35474 85519 48312 92095 82923 40177 4371 42057 59393 45055 49931 8749 87310 68288 71986 65038 
64170 62679 62877 31803 21924 36850 27053 2690 10828 62587 51078 52845 5719 73549 31805 90428 23687 90430 25490 70354 
62506 37399 79199 24411 84848 14441 90102 54288 360 42925 12776 21341 44593 49720 21417 93877 51810 72213 5370 81846 
80175 39229 9034 57574 45261 96410 27288 95575 62030 84464 93460 28263 35209 77350 51297 24055 93853 79244 58118 3741 
57065 60526 97060 90174 37404 33127 27467 37109 8750 23424 37260 35876 28653 70350 49860 20753 87853 20040 69805 50696 
53393 96908 815 80427 2534 85837 96919 11222 91418 25813 23291 65882 53337 23924 6975 20414 87841 26148 60164 68541 
52894 49526 10357 85789 25505 5257 68849 12749 52248 78668 1146 83795 9836 12644 44283 73328 65422 88241 57893 69116 
35106 71994 3275 41617 57417 56757 20545 98075 50729 65389 84568 130 3866 75201 49278 38439 2633 98815 62146 64927 
51962 81862 46037 85305 94888 91520 84028 89234 67609 93203 61574 43632 1537 48320 27872 99082 11320 52246 50890 62801 
52313 88060 49324 56980 42951 75589 63176 16756 23331 27228 75813 48587 11264 59847 46661 7231 99860 59498 7742 73895 
89403 50265 85727 4448 3596 87902 19599 36380 12848 68022 17084 80466 73394 41338 39085 50540 39472 19290 14661 45124 
94213 80679 64158 31456 94672 1288 26962 73071 28742 94451 39395 54341 52923 9910 66861 32052 27244 99143 40823 20021 
71419 92459 88607 62516 71357 78858 72349 91370 35078 63237 59867 74953 46203 28672 31477 67142 48853 47229 12183 21738 
79286 81108 72405 88717 4717 73647 66979 70053 5551 60621 8959 126 93157 35311 72287 54897 26123 29742 13612 42524 
65705 92261 88141 14112 85693 73104 56100 35173 25851 80127 29483 54042 83963 84988 58341 57524 47675 68229 56802 60380 
14954 98805 89102 28294 66770 11598 86330 49380 22375 76497 36175 50333 38828 86190 32878 85678 17357 49688 46543 38366 
86111 55564 36826 37512 57991 22464 9185 78652 96388 50356 97861 73342 95250 87932 32983 73969 76063 87620 14668 2291 
58319 70240 7504 15798 99709 80346 68512 1407 83232 92762 93446 88591 58482 64262 73398 86796 58537 98496 41641 20754 
87045 46383 14102 17956 78328 19237 27972 81300 88893 74127 21428 73036 88109 79134 38730 56862 15090 18334 27330 26704 
62580 45841 40137 14648 12631 28521 35680 5044 86202 16139 48484 91734 19025 9022 24529 9311 29788 43662 84148 27110 
75376 14240 86166 10465 42111 22849 97147 84343 59377 46945 94198 25103 25834 89464 89421 55949 17994 2004 26350 36067 
27255 40260 84994 28169 53632 87326 54494 32294 10155 83901 80092 54570 48618 94170 85732 45550 69973 80674 77617 20039 
56086 65517 53704 67274 49350 63481 88550 64808 1657 52639 53193 90956 8576 46497 60702 95081 44525 21915 18891 32777 
38099 92975 71120 7985 61654 40422 80819 56249 31949 83030 28727 28509 5688 17404 80006 33030 46392 14899 88252 61942 
90177 86687 38669 98964 44657 76 5779 106 84865 31752 59659 32129 59796 84758 31879 70245 2563 10250 43495 52167 
80433 76648 86533 28834 60474 87226 6057 88731 69796 21034 69074 19716 28585 34206 79479 43718 86435 55105 4910 66711 
40068 88337 6478 33974 44626 97545 72248 60947 32318 57711 8542 4440 24960 13584 11763 17454 96666 51073 68125 60285 
22625 397 14820 28153 45508 21752 30278 99337 59587 72829 97551 59641 56831 54480 27004 62529 51804 2617 65868 53272 
20804 92970 54911 87168 87425 8667 75044 49254 82257 83813 97104 68085 86571 4539 28959 23905 55030 19957 34775 14058 
82917 36038 64798 72015 46901 37470 38119 20143 82904 61939 25024 59796 1229 92869 13590 96660 16409 77325 91660 29717 
58185 5867 82491 54919 58349 18929 62912 88520 45114 67478 45755 45080 60096 93300 50048 86402 9294 55506 71500 65557 
56624 28238 12505 53139 33568 53433 51684 71369 26946 74431 58259 87059 85664 87088 83173 29735 95590 77415 95562 63577 
40593 80691 30321 89599 54132 61506 1466 35351 75949 56342 35423 70918 9888 45531 37625 79900 51191 93644 47680 30087 
53314 13546 12142 58051 47286 17069 99998 77428 65497 72215 2916 81207 60969 39759 47974 53587 8218 60873 10427 38539 
60610 76172 44366 64300 78133 65064 40548 68988 3034 79406 67278 19065 13784 16744 16830 15996 14282 92112 30373 60121 
67785 44907 65508 87127 95837 11744 56947 32862 89754 81284 85249 36740 55502 58971 93541 37512 4540 2140 85114 24988 
65485 17915 68233 4366 21002 1775 45867 12390 40594 82110 73784 33176 49516 43375 52463 81675 96851 98792 39470 15792 
78130 81090 96543 78070 28617 83479 66000 50264 17593 57063 88652 88960 14592 1788 67930 48790 60846 53745 82054 9428 
25718 3220 57162 28348 53788 35388 8103 26410 25142 61182 17469 73959 24383 55081 55250 1062 71403 96719 33382 4849 
86279 36515 49449 95141 14070 99243 53459 7079 27801 31506 12286 90985 39578 43495 84221 78625 25091 90780 50426 66082 
66586 54593 51960 39234 22016 72741 27080 21317 74027 82123 13571 98490 30112 95594 49017 97695 31034 75335 89635 70477 
99231 85535 13482 99658 5293 83427 69418 31939 45911 31099 85594 34879 24250 50484 95070 28376 57927 10015 55289 63672 
45816 96359 35471 73145 44654 61574 25049 17709 89249 67091 72121 2602 84861 72688 12380 3584 92675 42501 44588 71368 
70449 58746 9957 48478 21747 251 36611 18833 39312 27026 41586 84474 41535 78596 22869 72559 33155 80943 32678 8937 
87947 35776 89375 343 12560 55486 17723 40635 83101 71970 36713 48541 38263 18361 38961 42544 78549 69041 41118 58575 
73701 39287 13657 41984 32845 77164 61074 88942 15852 61635 76404 46395 22948 46087 91875 10844 24546 38719 31537 87143 
31633 35799 20982 72229 47214 75516 37052 13117 85328 35056 19865 38007 621 83568 23855 16439 9946 24303 93502 97755 
56271 22452 19458 17609 81596 76414 72761 6107 63799 25787 68006 74031 51825 13495 55857 88412 81984 38541 87960 11713 
53878 63753 39426 74175 3369 79870 47979 80867 4049 30926 41482 93002 16486 18567 61240 63693 56086 4716 53167 29797 
95250 1504 2753 46605 97764 39798 55595 37254 74932 84167 39015 96225 61836 42308 40888 67919 83257 71957 77398 59375 
13074 24233 86611 97152 42864 17667 29994 12190 92794 49811 78955 39472 63267 7667 78412 60854 4023 55387 58259 77222 
89932 18043 23661 9574 39383 5051 98199 73326 24838 42268 86920 68801 50797 59270 81543 47211 78151 43935 70535 70620 
84332 74798 73446 94061 13482 9882 78426 50392 11987 67493 93362 13064 82008 71680 60635 87218 37268 43540 35867 50985 
1892 29722 6871 90892 10080 73335 34207 68908 68829 59194 95905 9181 70658 86335 39393 88080 99600 68024 94967 65126 
5376 10650 44996 1796 85180 50360 15226 84138 20712 4969 34501 49641 47407 19302 46573 52180 25211 36061 80023 13554 
23169 98405 96245 95899 23339 31268 89971 66302 65427 11422 27256 18375 80858 79543 25461 24727 11321 41810 88525 28078 
22904 56109 57857 6866 64329 50619 48982 29175 48326 58443 81448 93880 88895 44939 73778 58753 63219 64762 42500 14743 
14498 28561 49656 5727 882 48498 60474 99660 25920 21937 95708 30089 51344 27734 59480 78131 89444 9122 94125 31253 
49274 97539 26400 98634 81540 30634 75444 57208 72116 91435 30325 2522 38816 64110 96688 21478 97704 76555 82262 13059 
2250 77846 18384 45667 86367 43289 43462 9231 19757 22811 9350 65820 67417 52710 78364 54863 35036 67368 35556 85943 
16175 51042 12628 89177 64772 41334 31293 57675 70499 37014 34239 11510 58088 98353 99913 95818 83828 76749 56084 77565 
45932 30729 41845 70298 24676 76256 76664 90684 11248 89940 16102 61020 71518 66291 64577 47641 55563 40537 54376 740 
44523 19076 97045 29235 27371 33087 25634 22616 61713 78601 47682 36319 45602 19121 37975 91173 66178 59481 50609 75301 
20866 79164 86648 89566 26325 48686 30197 23099 3833 43315 73237 10703 39469 16138 37031 12728 84832 19090 94771 31656 
85684 36268 46680 27503 97229 53734 20104 48992 35183 46641 8145 8220 19343 96266 34481 32759 50011 1719 79922 47945 
48209 19369 46500 11489 21594 50961 30034 54492 56877 62521 66383 82467 27681 86552 33428 76174 40355 79775 72846 96082 
51265 37808 547 96572 33307 103 27842 76673 71418 44265 41730 6094 50478 14336 41861 63814 54181 9236 2371 99547 
50225 66119 72631 38870 36941 89474 88379 37390 7703 31487 13319 28027 87573 65681 88587 95104 64638 35255 36348 74688 
51076 85240 1754 88625 99295 58451 5530 35662 69594 88281 25380 36683 12881 44386 41320 42954 46249 2839 61799 37 
3678 33737 70836 66150 10880 66553 57777 96469 3280 78587 15373 57331 16401 2367 208 23104 74509 24915 93194 66237 
99231 89350 89361 62506 53302 76269 12711 86808 66255 42538 9567 94673 65576 75397 88408 69391 96395 36086 48574 24613 
61183 45816 98938 89326 34411 20914 26357 86001 73242 44315 77458 94888 92469 87255 55412 16725 40583 42937 89948 45709 
61105 84009 85725 96065 22500 50374 44573 52403 80992 63156 73478 35407 44559 91768 53923 69730 39145 77399 92714 97033 
61383 11799 54641 67419 77413 84027 11008 3722 681 92204 32450 57762 17362 84655 87628 2808 74823 32628 13120 60022 
4691 15890 8653 49953 47268 21935 83250 17111 58764 15874 46102 96596 86814 69418 25432 31727 86292 12939 6090 9719 
55826 74569 23377 78463 5116 85257 60463 87277 95686 67524 89212 83146 63611 78827 77678 5996 79897 11217 76899 8667 
94740 55714 98393 10364 91105 21671 26194 51251 84829 61785 90283 44037 86910 30233 15251 6072 91937 94496 65245 60475 
77403 88902 66891 60574 13316 77486 55889 42022 46937 31337 60583 17875 16830 35008 64529 64782 9901 26215 23289 29494 
31048 13903 92791 311 23000 88191 49653 46697 40757 28138 43984 58538 51211 85114 85600 17023 24101 97096 42510 99455 
83999 36752 19225 6082 69689 33724 74143 81466 96127 42123 93243 68441 35443 30207 19532 30930 80776 62368 6399 96253 
57998 6981 72698 55006 76253 42057 25469 62766 8399 83523 29029 44047 32255 86204 66783 63930 84397 96835 39156 35986 
80560 53307 41588 97619 12751 73306 63361 90117 95870 38097 75469 40414 1274 82499 62896 81252 39754 75627 33787 72487 
40549 38351 84052 21486 81179 93184 42184 28454 77295 91112 81494 41642 33504 25142 7554 50523 89014 64362 85451 28066 
12395 28700 85379 20134 37334 86038 75252 99649 75120 87247 40685 31407 70447 77039 50497 40437 78081 17267 48995 14804 
13282 7978 54606 38042 85571 22779 72220 25170 8489 63353 7161 2424 77861 84554 76044 63839 35240 78746 43922 22724 
69480 97939 89904 63244 69976 352 29700 16750 92462 6096 61639 12774 83382 2637 89894 66868 63018 13960 9451 13758 
84997 764 10888 5597 50180 74894 55043 76947 58475 718 26535 20261 59600 18974 72264 90219 59851 91050 42639 69468 
44553 40406 37522 30551 35907 52301 20844 63300 95696 68738 83361 83833 53104 3117 40523 47235 18325 95143 38805 68485 
67944 96520 62217 61515 19842 11907 52477 96640 42277 4717 78065 53642 15630 56652 55270 70679 43630 39827 34684 99414 
88237 84142 99429 25966 1569 59060 21771 85148 97265 33479 20676 10685 99552 39918 84847 58867 3276 98683 6920 24522 
30117 80633 42115 34087 73818 97038 74966 88441 13677 94285 63919 54107 39505 92259 12994 50331 93157 44078 95563 5750 
52611 27743 53479 89598 39199 45879 52621 68323 69629 23298 81707 51062 92742 22437 21777 66368 79066 74968 21882 44645 
46909 40830 40604 72831 63121 15004 42728 92819 55834 42725 95654 23372 48263 5905 96770 21278 48008 95237 59792 69710 
44628 63534 23886 95534 9247 63610 95924 96990 17082 3108 57003 16483 37422 74913 6589 5142 18408 83182 79295 78324 
9037 72511 63685 29097 45498 27752 62510 61615 95827 73585 2548 14594 4031 94248 19483 70198 89682 62325 14115 46474 
25926 77316 44080 78426 48484 67536 59540 15979 4604 10485 23349 82711 72188 2706 73203 12377 78958 99271 17168 81728 
98892 44596 86635 16064 99909 62903 45085 11960 68401 97195 58185 84688 251 34047 3478 3381 42077 83960 3629 79982 
52006 45278 80894 14097 37842 12631 64185 2609 84098 63886 41805 10039 98369 88844 32152 71023 49427 30142 23657 58036 
35872 14132 85080 78178 1683 77110 40827 93458 44432 6516 38606 57789 92464 15130 14923 55014 48835 82687 24357 72629 
98920 39460 62067 93848 21309 90546 77062 46074 92872 9116 56090 26698 20880 11931 65949 51496 82071 2236 57224 49669 
40826 73479 2242 6687 72906 11309 14001 13011 2226 11381 56659 51287 54985 83439 36156 97992 6838 38506 80472 98545 
11532 21168 46102 4219 48998 19393 14757 50112 80257 91013 88174 90387 46809 70720 88974 195 99507 17347 6250 91692 
8546 40769 80032 57504 7503 14620 74897 87805 63455 50622 62453 71954 52663 47651 872 88201 48846 32916 56193 52517 
26507 26968 10594 35696 43908 88140 8446 14600 14025 99279 28104 72811 77846 59178 29827 21682 54701 79178 57591 62646 
94173 50423 30166 40100 41272 25064 73724 23612 23753 59108 80484 70444 33942 70150 2904 43090 78281 55833 47212 67480 
36001 69530 76298 80977 47564 85392 15887 63805 4516 57207 17800 33277 12326 40213 64858 1258 85496 49814 58190 57396 
33385 93513 48376 25232 65013 40387 73188 41689 37326 20671 5537 34054 50588 96400 49831 32460 50685 43610 18073 45411 
22325 51346 24923 41561 76542 28859 97786 80545 17501 74971 61959 37081 16416 4361 23466 85356 90631 34687 29558 33888 
16205 24374 88686 85935 24437 87181 64309 93557 39183 68539 77290 32179 63817 80719 46558 56609 92014 80527 57874 22831 
3625 27518 18724 52319 23176 38962 65561 20531 78259 2017 29474 19866 21875 86768 86776 39903 5033 32961 69734 60887 
18194 28237 10482 14295 59327 29982 33627 29342 68767 91108 5688 31665 92656 82400 44693 93462 24552 10755 64860 38727 
59177 14394 95608 13877 4867 41842 82158 75159 85909 10985 51538 48645 92006 39259 21126 88731 75070 55008 72803 10019 
67979 12546 6542 82636 17252 94873 16909 82636 9131 9019 61531 39742 357 73617 13260 59057 6841 87263 7544 47116 
55310 86514 97242 387 15538 10413 60647 61483 1478 92360 12999 35053 97016 80516 62958 98837 33517 38350 98852 30116 
5293 13589 16958 56922 93350 49529 91740 20531 44133 29712 72097 34465 21612 74856 73315 32121 46788 54485 20550 63034 
13219 1056 56560 68530 52090 25212 34958 87308 29792 62734 1325 76670 26756 21343 24312 96744 31677 2617 58571 14865 
71868 647 73476 82774 11317 62469 16355 48627 45202 31174 51135 18979 48061 94660 89291 32140 23128 98969 19709 10602 
46646 71708 36707 63816 34818 26416 30352 79997 86120 51616 93334 6944 70594 21807 64369 92223 19451 63872 34474 55864 
27952 28429 37877 98665 8719 46072 75194 81568 73199 24816 21606 73254 63479 96177 48921 60486 83614 74344 58720 10426 
63290 28063 5201 78418 64778 89818 96733 39710 92110 2419 47338 57481 50416 53272 36993 92034 40514 80059 63085 71279 
12758 99697 92579 27282 50233 84058 74599 71514 57720 7756 84907 39740 2524 97594 87922 14872 1652 72733 77458 96393 
15314 48627 63381 9582 95864 23177 49555 15785 99396 49347 47041 984 15870 80791 11534 68246 72243 26647 28668 26875 
68425 37318 20967 24858 93909 81664 31993 13267 70179 63495 55662 3944 82115 47133 57849 73077 86726 39986 14347 85580 
82294 79318 76564