8140 40325 12887 65074 92768 48339 88691 3881 80725 54142 70998 40907 17688 95749 66751 88083 26592 79001 23319 39714 
76136 66021 64630 48383 87905 40213 34937 43948 7347 56470 92213 87283 65587 60492 57573 85393 29845 31836 80596 80685 
31647 49527 1071 26475 41140 33829 45075 2922 78815 62706 70325 7628 56034 46878 57599 72761 3496 17814 11317 67767 
48080 53295 51593 23363 86579 8907 22609 85253 36770 13301 71446 26020 19669 27585 63363 73401 24530 13407 65702 27691 
10733 15053 15383 60955 86134 45625 60951 86169 44505 40081 69187 90651 46475 2583 18720 5568 1268 96015 14639 99734 
36890 71890 88990 19478 5153 4135 32162 13712 603 98482 44714 93181 91844 82374 50493 44051 84818 63946 93004 63103 
43670 49648 68799 63992 9140 18215 35264 57925 55391 35848 54706 30859 87111 63805 89736 45938 47796 17182 53249 38406 
42414 20290 15121 76472 82105 24388 69272 84288 60724 62947 39731 18087 78124 65089 90832 25962 11270 92418 37021 18616 
84635 16534 89033 45051 75995 24353 32244 16941 1838 91083 99789 14026 64834 35852 94316 26149 16489 81932 15508 87077 
76411 59586 48922 3405 33125 75553 57325 39550 35526 24977 72114 92396 69114 18241 72928 70035 42693 65673 24933 68202 
32397 98547 18040 8629 55310 40400 80555 65350 86492 71148 24324 6758 6628 43477 61797 86357 57683 87897 91465 72919 
16585 4488 86797 57253 85547 47469 72380 90088 77363 95580 87748 31769 91854 18938 90938 23009 56720 35219 87819 81990 
60538 21756 43942 73130 84089 83375 40110 15385 43168 6097 90759 31872 65496 37507 77352 39902 55621 67498 30531 5520 
64154 80780 74867 35635 84760 5272 31899 55648 39036 68500 85347 99449 28297 3956 63535 42509 91146 51411 3755 30508 
18159 997 49924 85948 99695 56699 74382 45512 29902 99096 536 28338 94823 17726 76058 26669 87568 58382 20864 51198 
96128 72026 48591 72264 32598 75065 86483 93591 85056 90943 42123 73485 66269 28403 51085 49216 1527 36460 44507 80609 
524 39102 91989 63854 560 26097 79072 7540 59507 74559 30129 66597 60944 97842 28332 70522 98290 63478 93603 7386 
60896 99533 33337 93606 11525 7958 65860 11666 95921 87522 21839 43702 92473 11471 35035 68935 89661 33833 59374 10433 
97404 49070 32832 82883 91918 10323 42073 67540 51311 85850 67889 18917 94136 69022 12913 39731 75417 77331 33008 19656 
32195 75129 43374 82120 94518 90085 20241 71847 81670 25238 79611 11711 3386 4447 1250 2046 66882 91698 75341 81022 
48192 77252 68786 28653 36974 65083 39415 10117 88016 96291 39718 39548 6773 106 57232 57010 28309 37943 31796 3942 
93463 78014 32507 5117 85669 72041 47306 8705 61682 27308 75700 36625 17498 3231 43620 96560 29526 1693 31273 1985 
11203 72209 78449 83887 19600 3500 29574 71939 48859 42480 5150 17309 75714 63373 28716 91561 85695 52264 82447 57253 
71525 17825 32321 1104 87351 60517 15525 85033 64788 92910 41043 56699 26844 75862 77840 34242 31015 36721 48714 23131 
56225 58983 78007 30331 98683 26825 90263 67895 22271 25491 90173 12953 43977 22500 77841 64815 3162 21787 81571 43995 
95405 99569 11688 15548 23578 54323 27886 13123 14514 41774 84453 13310 62933 96235 68353 18789 88395 53771 15907 78354 
29458 52518 96204 51128 41217 37611 19235 50745 77536 6917 87383 36636 91604 53286 59435 8974 99866 93723 63088 79506 
50402 56564 74580 62834 86080 85908 67578 86178 39097 99686 11666 54111 8843 79581 62154 2026 38286 59884 44908 64652 
81673 22639 87614 91211 92245 86251 73869 21184 27837 68212 50727 95170 37066 59852 58350 70945 95173 96792 74111 28247 
62630 12939 71512 66812 48600 81645 76849 91613 15385 47272 85143 9560 20258 55627 58573 82616 20504 78757 95913 47762 
9032 90127 42341 79435 94450 38675 37132 12150 46824 54506 93453 3729 62764 16987 58441 5434 48683 45464 60285 98468 
83550 48619 24419 25263 58720 93570 31902 15688 41378 72085 88689 17815 63992 5891 770 96883 22972 33245 41582 7066 
75184 57354 3078 10149 35590 23029 11385 69740 96724 31341 38273 60521 69158 98084 2309 70452 47446 26622 20863 35659 
45988 1743 10622 9107 16353 71404 79515 33479 30302 42140 66437 17510 55740 73320 56764 65828 81391 28981 90316 33132 
28311 23356 29721 73563 4864 37998 93193 2896 84898 14671 16364 42939 15533 6921 92285 38592 59494 57066 15495 67846 
10965 53659 74005 40410 40966 81896 80756 10443 93876 97626 9348 38197 97545 6998 31558 85655 55007 6500 74556 29209 
53327 32370 86455 59419 1186 60301 18096 10730 28536 34896 60657 30940 34239 77919 13967 23362 53225 72702 11964 87443 
23070 21071 8064 37308 31973 64827 64997 23761 74414 80553 22804 77002 31225 9552 72532 99092 56657 87561 49600 65542 
95346 70960 16093 23057 57934 40328 11876 46392 60394 53729 71480 42392 37299 64380 10819 22858 76066 18654 43785 54117 
72100 81121 86794 20542 64888 68541 26834 63233 86721 18112 24010 95320 55416 21603 78063 8375 63933 37963 25273 22745 
3115 35496 9680 92316 64049 84653 99914 83435 16460 16733 30746 10017 13595 85053 75387 47505 68026 99896 33167 55994 
37536 28129 75224 88030 24258 13270 37834 2030 81790 32992 68505 1109 23872 67875 86656 111 65147 37528 49814 60489 
20091 97029 75878 18132 49896 50414 47080 951 29182 94605 93266 8462 38140 74379 76180 88068 1335 61343 79934 86046 
9741 60299 16019 65128 47697 39352 35103 90369 63851 15668 77831 66164 18876 1128 45351 65293 60693 45919 27139 35454 
60671 63408 61172 39233 86357 60782 79334 10668 81326 86044 23365 69096 96825 58671 74368 47818 32110 12877 9835 37671 
95391 55963 4538 79878 80325 4692 7718 39443 62066 58600 2452 2361 79672 79976 64990 82995 58906 79684 18926 33223 
81626 5181 72096 59030 11530 89235 86604 75890 87805 67187 30629 31515 87692 5668 92844 79115 13845 63318 19275 13685 
90612 78614 30418 84425 30852 5985 17087 17808 3768 26295 68308 5041 95449 99622 84165 6197 60702 17895 24505 96361 
98136 45139 821 75889 9004 73363 96779 97658 87309 21023 96207 12738 41177 13592 87719 73041 78964 42662 98196 14321 
70224 63490 26462 58367 93763 15153 50058 62137 41049 47189 4942 68294 68917 58848 5769 41112 37481 33619 2425 71946 
14535 36770 83276 35973 2765 55789 57474 5728 18622 26399 54309 5407 32007 30208 83929 7 31090 1871 14057 92976 
30039 9530 18417 61173 90503 90951 527 88168 35469 67783 16402 63580 58260 8803 84943 78960 75003 490 10211 48838 
2756 50839 18783 64257 12937 5438 39656 17703 51455 3433 31813 56895 12018 25974 79132 21010 43655 87883 63918 31819 
18799 74574 30377 2536 60963 57481 82167 57658 96253 84636 31455 40 26066 57379 44626 43338 65213 51020 99874 26674 
44270 43390 68276 54998 51962 72441 65500 2662 90738 38430 28338 51864 30790 49392 38366 38730 7279 92437 82064 31129 
38816 84954 80968 38674 40629 79103 15899 21803 90623 96542 3541 73945 89503 1837 83158 3204 69243 27547 6529 96830 
75481 44284 5525 5352 374 11706 27465 49490 76447 35620 34124 5157 26651 1080 63398 44562 99558 37035 28875 59856 
63123 92201 40691 39800 41922 24345 32411 77539 10334 52263 56035 71960 5460 73259 69365 76074 42783 49849 80909 87983 
72404 6936 1019 7432 84960 84736 17091 89036 35417 30269 90140 91126 91707 90268 72993 23992 53313 34695 81580 61323 
43267 48549 90990 99967 7935 44957 12912 46738 52585 38235 11093 19750 76125 14459 82493 54504 12283 16039 14322 83557 
39731 29724 97915 57219 3349 8000 71558 56024 82461 79896 21689 95766 2320 76777 46403 7726 92744 99090 89418 35395 
58006 12429 13201 59732 81241 45062 20798 17263 57529 28499 90540 62723 77260 60542 78166 80287 98855 81338 70460 74086 
83546 16826 48315 48525 81438 65620 36507 25861 12905 44943 60179 81495 24545 62718 97464 94806 54504 83978 34871 16016 
22098 89400 63310 97913 28307 17691 39142 15583 53111 48722 75302 82004 66222 93336 43188 26126 88738 91587 50294 25474 
56628 55677 42473 66625 73787 25965 33772 36386 82158 48257 95614 51920 50861 82780 77662 10094 87548 81083 69824 17702 
17829 14854 84900 20915 63673 70973 81155 9993 84959 75378 95541 76527 39638 5933 88671 76629 62385 93370 58851 80260 
49407 35663 70350 89736 64326 45193 65470 51109 44800 15191 21603 48972 52598 44568 84105 59392 4943 28689 64023 3717 
88231 88316 55007 21114 15432 8200 3254 57960 38408 70412 60546 9976 94920 25308 94916 79559 41821 93194 85159 30195 
44053 27751 90808 12399 58410 34016 84946 22641 97881 21652 17584 3957 8863 48643 42433 27958 45406 62920 88412 42384 
57862 60966 35551 20945 98433 93718 50128 19007 91970 27959 72838 52036 62261 15571 62730 15906 66486 17218 38925 99711 
67641 47989 4651 17789 12628 63116 30264 2225 65184 20824 67965 90257 29880 6217 37735 23302 46001 33938 57641 38284 
41552 42490 8971 83961 82486 69422 72594 12421 53895 69028 86754 8485 89722 78896 60849 17155 54501 1505 66308 63089 
62127 23800 53351 88673 84255 72076 13371 5929 85301 63123 77569 77010 22547 35531 50389 59013 57244 63435 82358 68641 
25348 21729 52288 33455 56823 99301 24667 91078 13935 24648 89084 87483 81633 79722 82733 57320 27212 40107 73065 90100 
74664 33159 63312 35230 37115 60669 77845 86437 55323 95317 93158 34005 48758 91547 87387 83447 13273 63180 49838 8011 
38427 69765 2531 72901 9417 18423 7363 57908 24747 870 42318 55154 62610 81071 42512 64900 88153 33450 17157 8904 
36633 81502 35767 43572 94779 27016 98792 51706 36768 67696 87628 75964 88608 56717 41155 55529 98669 43808 86306 24770 
82448 69891 73142 56408 77619 82474 68680 35524 71709 644 67655 78022 99663 5726 4951 2380 76204 72512 74621 55501 
12011 9386 16233 39707 29453 21957 91911 44806 30133 40145 66232 36870 4195 49101 31696 90744 94057 44801 12426 78119 
86274 54044 52893 41361 16527 73865 1400 44170 47882 99709 95505 88938 89513 43070 75323 86625 71720 11252 33495 13314 
44036 77110 7405 8375 23014 94815 11758 38346 67921 25316 96428 41145 17402 55101 65189 72122 78452 30427 28438 22892 
87774 81159 67067 33573 74095 98476 47655 40966 48625 2705 43243 5716 7545 28574 5608 85414 35125 6825 99881 54730 
83933 69774 56493 86936 23124 55409 97229 72498 17976 97413 82817 24653 16795 42679 50521 30927 98567 2187 97172 39765 
80583 37252 72733 38234 62324 30585 38509 88357 43984 2314 50269 38914 2030 8469 51599 86630 37745 52373 13560 57484 
17250 37004 75949 42025 99813 60452 92887 74963 51456 65573 40683 34999 86052 65966 26210 30649 72408 77429 5382 41588 
94057 29985 89636 38407 23468 99902 56979 96015 9025 78540 63083 98921 14781 71827 532 90523 58444 72162 12266 4301 
76425 7595 62539 55677 80438 42673 85990 53204 3492 54279 53425 5324 3689 98593 7413 5990 21097 69639 57478 324 
5063 77434 55770 39108 25237 69494 76298 87445 67647 95014 36660 918 41832 14038 54647 17898 96759 22506 13714 6008 
99915 24022 86561 92306 60770 32221 35500 79837 64902 7676 50930 31690 19340 72609 53426 2488 46834 6438 89852 13324 
61487 73885 22185 91191 28064 9886 18596 5713 83504 30113 22943 89016 93050 23706 36503 83935 20097 64290 51212 42386 
71283 1432 76142 4221 5029 50165 336 85145 41332 74312 54076 70964 63134 93297 11358 12978 49805 92459 84874 43007 
59467 69023 30201 4493 10023 52991 62376 98679 12232 20497 10185 75593 12386 48967 61765 94800 34428 72313 43597 61077 
1622 27833 10318 51404 32295 62582 84264 74205 96063 64216 42869 44431 70111 27617 61271 12237 62528 58744 79998 81651 
75789 40484 99883 70587 62652 59153 37606 19768 60694 53086 58124 36725 70192 83463 36660 48810 42101 86601 36298 39632 
26876 39807 98863 57366 17014 15403 14214 79468 84640 14255 79287 59944 82085 66698 98701 33706 89317 69886 45092 16876 
31663 78592 42642 35742 93868 64751 12452 57930 19509 20519 24457 33482 6484 1483 74353 99024 59271 93273 26325 21270 
26401 5454 9147 56962 56283 66762 93512 22592 96232 28909 80595 87929 5970 13751 63403 96811 37686 9377 51108 31336 
52982 66676 78029 35050 50120 93529 89320 79348 41880 58408 22157 73568 23369 46968 26138 21199 99136 87820 51496 40839 
84675 79194 78352 81888 94299 4885 31057 23429 15938 20259 78290 57078 55443 61135 77822 22753 58573 38107 26277 72986 
44802 25792 78968 80981 19303 48233 34968 51847 48274 71348 53019 11390 43128 79972 74945 41298 16404 66176 20027 11545 
93196 32256 37914 85234 24476 67134 97197 67706 93341 65778 79247 77049 94205 64363 97584 92855 16133 66390 81903 17108 
50971 72995 76193 73277 40573 99731 51200 37864 34578 2416 15392 64359 75545 9475 94864 72277 14347 60821 79024 83992 
88239 91773 83530 15330 23951 27159 66332 60715 77067 49679 48252 26293 11660 67216 93784 16671 37882 15278 93465 82203 
51576 88672 24016 38892 85303 42081 54642 1290 16135 69966 58351 14974 25946 33899 30401 17452 7535 49587 30393 70847 
19147 67614 91138 10715 29195 32601 59636 57363 78383 9738 70141 63204 33683 61886 24042 12342 1577 3267 1477 44347 
9244 31922 7524 30224 88839 97944 73461 30987 91562 68644 2916 51331 21127 80351 27794 96190 44078 73306 80477 22603 
91288 52264 51942 48076 89993 82877 56906 9761 8662 92261 7283 38563 12768 66736 56586 55879 63888 20793 57743 86775 
88807 45476 70691 728 96445 8315 45427 95204 13255 7683 79850 73749 30838 87549 96096 85045 71585 7665 17275 11083 
61583 34881 42972 66489 92146 20816 82210 66918 19233 29744 56570 67633 21516 22363 65917 58635 43686 27546 78951 15031 
21844 3899 20474 96808 25696 44889 14707 44996 5192 31809 63766 6000 70337 10556 36290 12351 81765 47483 23216 10262 
99616 19097 90720 32889 48643 7399 94718 54812 99984 54431 52100 74664 95465 61009 70042 86744 12738 83993 80118 998 
84599 30581 637 33408 25650 85601 23739 60459 46759 11995 26800 5878 42169 72512 28394 46307 56780 44898 31748 27158 
71896 80498 48611 2457 22538 96575 49774 99663 94583 19908 14419 71106 56071 72162 77639 25651 83847 35118 79016 45107 
36410 30838 83512 51749 11069 13507 7925 57201 21565 75663 22843 58696 31392 45303 95453 86070 33736 6710 12947 3998 
95002 73830 67264 90785 77627 51020 41722 2125 90629 98120 67721 91344 68485 97679 19911 93374 28209 12594 16939 65845 
21925 42556 2464 15992 38025 97196 67884 8345 21374 57011 70971 43051 62412 16502 50885 29927 31894 83439 28639 67675 
77456 80846 11181 82889 24302 8355 90843 37565 9240 36037 67302 47710 86943 53319 81364 33567 66639 32616 63509 59828 
83353 94604 60277 26077 19933 59241 28182 44705 88458 96276 41617 22522 34658 82414 79169 85695 39521 59057 91551 65991 
60423 53853 64346 78071 68614 72601 24681 88859 9951 69360 38593 48094 93569 93691 94614 17276 66156 4940 93245 84875 
22412 29164 61660 66129 81489 44338 16059 55619 32616 5712 31596 93024 40418 59872 34057 53284 60716 84730 13758 85349 
59731 63150 26856 10666 56437 33090 95965 75050 19849 28002 56241 95494 41958 5614 93630 58662 88568 8894 82425 31300 
39943 69608 93399 74631 20701 40165 58017 61131 70513 12634 71420 47990 54582 20357 93572 22148 30929 69440 35223 70034 
28866 95127 72048 17132 58738 14934 79167 92495 32485 1343 57021 11148 85875 9441 39098 34610 64844 69626 17608 23466 
71790 40121 60096 29396 25438 64895 72143 94059 33498 80218 75838 23844 12119 74583 43684 50924 96769 90012 85820 34785 
32360 83196 27244 37276 2586 58729 75083 20141 39014 51704 54244 12300 86380 71180 92118 55293 26389 28215 62938 58024 
75307 91565 81124 64406 25313 48519 74700 49078 14552 85055 11722 61382 2468 80618 91293 17462 93164 21385 53968 34245 
17001 13234 54936 51654 71364 891 88504 75516 84938 44796 49823 63409 29649 35488 57167 18101 86710 65055 45066 32395 
30577 81784 4292 56177 73347 8241 35317 13618 20005 43532 23377 21888 46032 7218 78244 3713 61725 74677 63392 46006 
48450 65493 30259 85262 79757 32302 10681 26749 2300 79939 19930 95427 75459 25164 56661 99158 96366 30288 35761 6103 
39168 54344 96084 86933 1877 54607 29911 56862 29541 86108 30011 92007 17450 19441 63095 33219 88542 62009 20730 14881 
97097 27111 11446 14280 55735 36279 4641 92962 11551 3601 23198 27168 92612 74867 7386 84464 93902 45329 78872 30596 
60806 71316 83609 21385 45534 66863 54268 59851 83940 25702 20178 22297 88870 14056 46501 79910 49533 65611 41867 18560 
77145 22800 60507 91983 51604 4133 4717 19598 48514 29647 36437 84948 37921 33696 54592 75682 39591 22154 98035 80842 
28364 71567 82754 32989 51933 59538 74045 31426 73440 26075 8506 15964 11100 85158 55569 12253 77588 75855 24486 59522 
64307 17441 24532 35911 12857 433 41260 28669 4929 24412 18281 94615 44198 56989 55051 9788 85530 93943 5278 30987 
67770 1678 71192 94072 80844 90197 26141 96578 9861 65458 79416 51990 13004 43473 31476 97117 75121 95850 85780 71342 
61130 73021 30141 2907 55998 53511 21103 98423 37055 39839 55608 49585 69129 49410 30447 52035 58889 77725 12731 6425 
95074 19001 14417 57060 69026 51446 48540 40988 72560 38301 16269 84847 29756 99797 34308 66022 4830 39218 9286 37290 
78586 41674 68162 5267 98762 90229 5839 81098 34968 60147 81463 50148 19177 21572 2523 23124 63138 33179 88836 37449 
26975 24341 59100 59408 81945 81860 99040 85984 54969 4394 45273 77091 51712 89145 39068 90527 62542 41987 8198 64468 
31844 66248 23651 81326 70335 33639 47186 62679 40377 75715 27420 12119 37793 49905 17282 28149 55217 64104 10081 86537 
32291 22870 74270 76600 25242 588 51249 25168 69361 65797 54346 8948 80256 8835 7535 35140 26015 80372 97677 48061 
25960 96136 72416 79445 10103 34851 5610 95612 19315 62817 46108 94099 44167 98817 40180 24386 37308 13530 96514 60514 
58543 43455 95850 98978 59716 61236 15851 33861 46696 62826 95201 31259 695 76058 46491 35754 41193 17134 76234 70294 
84305 51960 59901 55988 93211 65754 82743 36680 99025 75676 17016 84737 10447 54842 60712 68929 57994 68518 59913 79060 
72025 43840 59064 48478 65675 8188 10215 62467 9715 1629 27936 78409 22479 17108 58096 70482 48193 25796 5071 89436 
6903 86539 37633 93019 14791 13335 63009 73478 61254 45833 79533 85976 20966 91005 27908 46177 59520 77772 57950 91840 
34211 56863 92375 92539 46012 70312 40580 78487 33158 73696 75264 31765 16827 6911 28573 31873 8677 47277 36331 51885 
62868 22358 68146 31572 29633 37395 41003 54014 24469 96531 96055 55899 72098 12471 66195 95411 93187 92186 60191 94000 
98037 42015 17535 6620 91554 70276 96731 83943 74958 79896 21685 28171 65051 34518 72903 20394 36149 45465 74589 33200 
25019 44547 77535 84446 50189 31527 20104 42494 37776 10574 17722 69231 34440 52834 26557 25874 55864 5522 58583 16102 
58991 30934 43994 16077 61362 91773 9098 12806 49272 88692 42642 90882 55846 64634 83796 40148 11326 70117 67302 11013 
31343 57745 28541 87641 83809 77100 63056 30916 65685 18149 50079 65417 80958 645 53922 59906 49839 13428 68696 84523 
26227 52484 66163 12965 59228 53778 49351 97497 6026 49602 57561 85614 79558 99370 59715 2509 52915 78779 43057 5046 
47021 17972 74605 15369 96138 5055 9602 44948 51353 78441 37540 83721 12571 85441 31230 98210 36976 69249 33639 64063 
8492 29624 81979 16962 75782 58141 3544 30381 48681 15339 8378 36154 73216 78365 20547 72111 85954 15338 21077 79001 
47727 81458 14926 59892 50822 72482 15589 21610 44905 91339 11452 29527 58521 18133 89889 57439 46939 17413 45956 63077 
93394 58264 31215 4249 74193 20270 54757 66200 80890 10627 50735 32598 11595 80125 55332 14622 88941 47469 55295 63841 
6158 41211 48295 32678 36028 55200 78622 2371 67518 8621 82155 10239 72711 72496 10840 57096 84020 786 88216 83941 
22019 26684 98196 61206 53415 8188 88156 21493 33239 11597 15117 18685 96205 6679 91747 45289 12772 49950 84564 10959 
21073 19165 67590 11755 39717 53738 4394 24181 98730 26520 90658 32451 35692 37129 43797 23949 41095 52902 70498 59663 
3757 80418 88134 44789 81909 31356 1668 71375 88012 64313 95750 97545 45951 16659 37908 91570 11338 46430 60656 80962 
78095 47172 15213 23472 22491 84440 63064 86928 45035 68242 71853 62649 77523 50106 61247 14526 59231 76513 80323 3758 
23086 98596 27928 86466 77213 58457 4652 81381 12546 11317 79652 75788 89855 49536 9832 4386 99786 57000 34980 93482 
42295 58066 48800 83400 15164 3230 72073 23267 69338 35450 68298 55575 38198 2131 11301 50741 83645 6653 68661 99210 
72480 84566 96984 82762 6145 4777 25253 5365 55940 10687 12986 10791 103 32915 5526 61091 61930 60730 45233 9255 
51184 4477 29480 27354 56818 7490 89427 14343 27923 63580 57886 73498 68359 70380 80505 41623 55854 29607 61054 49815 
47255 66083 62841 40825 53706 4145 17378 90731 78137 70768 93053 82574 34672 22498 58776 32949 98800 68028 90959 3079 
35353 12787 61187 43818 10453 6037 67815 99215 80499 27679 46082 27033 17430 12396 98400 45434 12240 46487 42872 72751 
24904 81629 22623 51237 56794 64601 59757 50172 75052 27254 64876 5148 31833 93994 8278 85380 37014 33477 13491 13632 
5580 15331 78695 6432 73237 73528 353 38417 99398 51849 96107 98019 49749 18898 93797 94205 31848 79896 80276 32892 
98728 83281 75051 20738 68671 21342 21305 10146 61120 13723 90615 19518 18079 19285 44435 24836 82714 78234 81597 37808 
84286 73285 31991 4570 40941 52314 21364 20646 9411 21189 28872 80450 30146 33787 33968 7831 16620 59981 53011 51301 
3145 55705 2029 9950 97247 83033 50462 1870 67401 35491 84226 60789 30979 49341 70141 42807 84331 31685 66000 485 
94646 70211 27406 71124 73466 37796 57960 65733 57627 32466 42606 26948 39937 7036 18945 52526 86757 4748 40024 44513 
3615 22207 63614 94924 54368 32037 80276 88073 10684 4243 55903 5533 7663 27720 79705 4241 15327 63195 48104 68727 
70160 10448 85210 49333 74813 86143 45366 8549 57981 37810 75012 1472 31245 27438 25861 85046 56868 30452 79329 61686 
96780 44521 97205 94941 70018 72205 780 65901 23094 48455 81773 94413 3982 84877 81145 99814 35142 14182 58543 75560 
79408 44570 20268 31076 20274 46780 90131 18204 82291 60550 3541 72398 94844 43921 42039 92128 27636 77816 40328 30281 
28530 12264 29849 45212 56772 83661 60986 25007 58150 37004 21347 81647 50224 15350 98598 35079 33969 57620 96116 78196 
39712 94520 32708 20223 64455 26304 4937 25145 65660 68708 64178 46751 35858 39539 33288 48464 2347 8283 17424 60860 
74726 11688 27197 43546 91351 75914 34059 79024 11960 58035 68995 60314 55373 32447 97653 66780 97552 34135 15149 47647 
57130 48712 30031 86909 66565 4476 43161 98393 25974 88307 72445 53550 8417 18335 62981 46960 60200 24930 3773 51550 
23028 59591 42994 66550 21524 60027 29000 32787 18965 16284 76847 1565 41386 91763 96809 90902 63800 32162 57887 71012 
54744 19614 89144 8307 48084 87745 66707 68913 76802 95134 2370 39844 40402 46402 45047 25809 8532 77287 16129 99891 
17880 97276 78742 41687 52414 45479 90443 98021 84828 83738 37413 10893 86777 60975 21466 45935 46600 65213 92289 60163 
8874 95793 90601 76633 11100 61130 58802 40654 882 13363 29160 37045 6114 75139 62887 96290 98648 82024 30253 76577 
77416 42300 87632 17838 77674 20001 95125 732 82348 92826 69056 40078 43912 92344 43106 5924 20830 32907 75688 75152 
96437 52732 64603 96011 66905 89837 78109 84461 41396 37761 33500 24568 57765 11485 35225 34974 85347 78299 61628 28726 
6329 14396 17089 83749 82387 51241 82967 47262 17719 32182 26317 44905 26986 69205 18820 7046 46594 15084 95232 82950 
40829 13687 31820 23559 96718 52620 10565 4577 50378 6006 96980 27735 81637 96288 70763 16342 80144 65030 99319 73490 
31597 80982 47652 42964 95976 47057 6897 3288 47693 74649 66495 79279 87110 24212 54975 58113 45330 42810 83229 6194 
83433 34656 89589 94698 92442 62615 82459 61871 38877 61753 78702 3134 62982 49655 19636 24447 83595 74698 49755 10111 
51364 44219 87205 42195 58637 22800 99528 91051 3941 90292 67727 59884 63865 38130 5433 46143 58829 43731 47972 90940 
29696 10672 32966 81945 5442 87289 72803 59650 47319 33718 66231 49693 30413 2113 36793 56660 57189 11187 27004 93407 
98010 41164 57510 22616 56246 82794 69411 38106 34636 39088 74253 6819 18696 74505 38288 38610 64620 87315 5786 72822 
38509 90066 60371 61868 64745 27712 59930 30088 81040 1103 11761 76280 67866 94682 91363 92848 89386 20951 61763 46552 
70685 82513 41885 43982 60834 44480 35531 70074 45853 86780 60335 76387 87486 2328 13682 2354 63412 86567 29663 6592 
34537 21750 91392 80000 54368 23403 72414 13899 15451 93912 30681 12053 90597 81421 63825 42779 57979 35404 52589 36242 
14097 25149 52308 72130 34256 59099 21295 3361 35223 14540 34519 55100 80882 55429 42479 3011 36301 74950 70853 77251 
45065 51417 44344 82792 53740 12363 84946 23114 12231 36581 77206 73427 98111 74614 30177 93492 60309 95624 35694 5916 
41582 72525 23280 92425 53099 18927 58891 74600 63682 81232 3594 38116 73356 18509 96957 8330 55093 87905 18290 99038 
29935 25351 468 3684 29113 70355 46471 96120 44315 61275 438 25007 76157 91943 14161 77599 8213 46106 79777 53851 
18455 46663 59838 63545 57648 5718 92047 93897 28349 79820 57350 27545 31823 98668 48598 49433 23699 55786 56719 54323 
67611 22830 31898 86440 48524 63861 96883 54649 15269 56671 9233 99416 41527 95158 41392 84544 61764 26252 4109 18898 
32006 51462 76336 22659 2992 51185 47604 97870 74271 22123 71777 19255 19226 99866 53146 85651 32454 43240 34353 66623 
32 88318 96532 14191 57200 58292 73237 5067 62820 69980 68825 78140 16968 35579 82151 81964 75971 76625 41006 78920 
13298 84645 24171 4734 99394 76409 62390 18229 93833 10272 301 80233 72233 98983 83678 87782 72199 73546 93656 25909 
89428 35731 73342 11607 74520 56511 27389 27128 61868 75206 86506 6479 93358 88507 85217 2198 11733 96007 29211 56740 
34532 71202 62596 19586 33835 10723 75707 97776 69489 58922 49799 76755 33256 6910 4719 8265 17112 60015 88509 78613 
92880 95219 32686 97959 67940 7781 87898 80238 78269 65647 25341 47955 75475 67545 64689 48351 96807 75009 53955 11412 
95383 11136 97173 968 54168 47591 71476 9289 1711 3556 80692 73936 48099 23724 15104 16692 74578 55337 35728 80662 
67464 86156 45427 72475 82608 11303 79714 61011 30613 25726 74251 97381 74050 31486 69344 21580 85684 79756 80669 12264 
99418 75971 48 93165 17635 54853 75874 57431 32216 75080 76951 58712 20737 13179 148 57357 45548 15108 24868 95593 
32689 42727 70245 46247 4444 72670 75922 62620 69230 56676 28540 72214 56353 77584 89035 65792 12209 12463 83513 27741 
65235 9822 34714 95454 29843 58121 61508 42888 83050 37483 86287 58101 39498 67882 55148 41472 73764 15907 95098 49044 
15670 28298 35811 81858 25167 43185 29203 33532 84101 96478 87171 10313 17389 86729 46060 5619 12706 19666 56124 64530 
30710 23038 25931 54949 74050 39917 63821 28178 99409 55528 32284 2438 82151 54076 66976 8263 28243 90252 35439 45812 
71843 48363 92834 61616 78909 54036 8199 63723 51003 79602 21555 97261 25928 6484 52888 37083 9668 22207 95881 27278 
17052 24729 35496 50530 49256 45635 34686 22195 13264 29133 10137 307 77995 53775 54792 51020 3517 97529 22726 6492 
77506 80538 13256 82500 66847 62873 1028 76460 32380 87183 61332 76940 5462 69235 52476 19006 18718 81232 50305 48657 
80914 41552 63636 48780 59798 10417 46044 71487 79054 83946 9300 37483 14297 16612 47588 28285 28107 94705 81948 92043 
6077 4545 24608 43745 73518 59515 68913 66706 19687 36569 8242 4902 88845 69753 97216 53186 4220 24814 22214 85078 
82781 84131 3777 18885 20319 43928 57644 40733 12762 5700 33396 10765 36301 23935 42878 58581 19196 77874 88403 97886 
59887 14361 81252 64861 43880 95700 47128 66640 99781 58216 40070 21325 6396 71818 25817 57247 51952 79626 87744 42223 
90574 97967 40380 59306 63760 85748 86673 62658 50765 68434 96114 71791 63620 76776 22549 21902 19168 22675 7279 15968 
71037 17495 77808 13041 41385 66947 20071 73781 38161 20682 46818 34357 53762 77545 30017 85182 91681 29020 79122 89131 
82543 86334 83318 48859 3342 63143 68019 51052 32612 95612 99462 19970 72032 68220 63847 60633 17969 89816 64231 6420 
74322 24396 16554 71982 99578 12935 76887 30405 7682 76161 98390 68333 76778 9835 98681 47701 4598 13158 4808 34341 
42006 34697 97897 98416 39775 65766 56097 17772 33981 97606 53273 58625 97999 11204 67131 79370 95119 50709 1260 7483 
99043 49956 42190 79466 87058 65117 46933 79160 95849 72744 18277 72118 47519 96846 50024 92393 47133 62520 81038 62100 
7765 72175 23597 93418 42969 15706 14232 44874 77218 81458 47841 33207 27271 94383 58116 90698 47833 76143 98209 23747 
4684 81049 29678 57494 10884 12615 27245 21476 64447 68332 20654 55094 85784 60648 80335 11994 2162 46546 34952 79467 
61534 78943 27799 97400 96081 92485 11696 94410 3300 65056 74340 13114 15037 91414 85230 88069 11522 88817 47572 57479 
82726 62716 72667 40902 76860 83374 61930 50617 6667 59277 35856 53749 38021 76101 54807 40742 65177 34139 68957 17373 
55440 64162 81030 81868 54678 84349 62888 51645 89778 73089 52579 18918 96890 60304 47751 34331 60251 29893 97015 13372 
59736 59828 33838 50162 59516 73798 33507 70183 81803 56538 43686 66510 40545 89307 79161 58624 57185 27953 92683 97917 
27098 84170 80603 57728 99262 63252 26574 34318 36458 49227 87706 23217 29910 61388 46095 42354 84092 2544 25867 80808 
9404 99338 5266 95666 76210 67890 77626 3066 19006 5995 43436 27209 91606 31086 83378 55817 8773 72129 40338 2222 
40986 14702 31270 84552 83048 20585 46812 54534 18790 54781 23908 1809 38831 19054 18616 61883 58550 36535 54431 6589 
77051 53003 25674 70825 31454 71085 49791 24735 10424 16369 73310 89937 46928 93962 8645 99282 11304 27086 95132 69724 
92774 16203 22046 89371 40131 4648 4264