27909 69459 63119 45901 26255 31711 81884 97515 46289 75525 85507 74610 26041 21070 2734 82567 2035 72447 58211 18815 
4216 49522 51504 21647 91923 29904 93903 34658 8788 63905 19604 17902 4635 60651 73310 57506 94796 56819 32298 5780 
76996 82868 95861 63756 27543 23033 49189 37345 65097 19390 52744 77951 98396 73686 17331 88628 46946 8390 2346 91018 
26484 46295 97981 37162 10065 28114 18875 54114 47654 5421 69926 53826 11685 40780 41793 45093 67166 22515 70525 17723 
53068 59824 93102 51931 41571 91794 66479 5686 64628 36950 54434 84319 34807 36354 80509 5276 37697 11663 81316 79332 
83841 73772 93056 59077 81436 85802 97159 6939 84991 94923 56447 79714 73469 5937 36510 97116 65906 4554 73567 93004 
5585 59571 74411 25348 77522 92074 9044 51783 20360 12438 76347 92812 30793 10301 37195 39997 71707 32759 30460 22018 
68475 7029 41567 11771 94846 91975 75158 69081 43266 77217 58317 8061 23583 13266 54860 72598 30014 45222 6604 64649 
68413 86133 98828 6844 68647 93627 94187 67937 14491 99380 81021 95383 92267 86916 16417 13036 59876 46844 97876 37085 
14321 95215 89934 50036 47875 27484 33813 35869 91409 74317 6127 36682 96161 99283 7007 96489 10421 51430 37233 20115 
34060 19996 75048 3664 81930 28616 4116 23079 79616 19693 37956 96770 60851 69697 30322 46959 14268 26855 9496 41975 
14844 34389 45628 66817 75857 25811 55836 427 61386 46076 98996 97425 66548 52497 93552 10640 40918 70425 33734 72073 
53055 62572 92136 79980 98408 15780 28537 94979 68159 6186 29412 99247 1745 58542 1251 71723 85567 41843 45235 81881 
4763 82392 93421 2918 11391 23066 80157 20192 63628 72701 79298 15076 70428 66057 25701 87161 76979 83299 54063 77767 
94548 22290 90093 83680 77299 48910 27166 95756 78966 76865 3969 42421 58364 98283 28471 74257 40508 64157 25122 59504 
73882 88442 44204 73258 36605 62835 35289 3398 50704 44173 56982 89338 68718 17612 24668 2171 13839 68973 95540 9484 
95093 11855 64118 9325 57562 17949 11277 79456 66299 28083 29682 13142 98180 49456 397 13147 69988 35552 51723 12682 
42100 34902 15665 50492 6939 74175 11979 1730 35441 11790 27244 71357 3511 95928 35938 24520 17447 7060 82015 37012 
29564 45162 92685 19966 53510 96618 24260 5878 8002 30451 8790 22783 88828 31322 38305 66494 91756 64110 13943 17954 
99983 42644 90058 24020 16379 85600 92454 34024 50899 55316 29341 15427 70580 79201 66684 74839 83413 71787 57701 86624 
50271 61792 27733 10077 11924 38046 76334 10985 67722 27886 7495 31656 54582 44552 47152 29435 30714 51268 48788 38546 
38870 25744 45429 5806 9225 30141 87629 4042 68166 83387 19870 56197 81424 97708 70269 39773 74834 61485 2533 45478 
65637 49135 6968 2580 87221 358 97416 41254 56265 57618 21649 85015 5290 4440 62550 84715 5669 47541 84884 34624 
10180 66260 44080 9806 23332 47726 29064 54785 4339 62325 14518 62484 8110 46297 18871 11272 89552 64226 95646 75551 
57481 11233 83566 67967 98100 3552 67082 66208 70528 61631 64837 72655 93511 31263 38384 18843 64368 47810 27190 29135 
77949 99846 5527 48120 92308 23043 14062 15863 59369 83181 70213 7958 56755 68671 2497 9685 83151 78189 46381 3675 
90807 92615 88322 40214 5109 46967 71363 2000 28961 30965 65881 869 81436 96142 93178 73580 94461 8561 54055 17005 
46448 45881 63647 69148 51751 25201 68353 36716 71206 47885 48289 32168 18794 88404 83803 18669 43666 43701 32881 76373 
15914 46683 92150 31682 27192 5652 31630 79126 86790 59219 61683 24245 73260 92309 81558 15412 56185 88374 10119 10796 
9107 67197 24802 71410 52387 37985 78719 39810 76714 68406 95699 19630 60932 55080 44284 10833 48380 12850 68238 35633 
14004 36622 21546 92722 82963 39825 37529 48900 19475 32241 37712 7455 50122 65647 88387 85373 51413 80633 42248 85906 
12278 59218 25097 41746 19214 40299 49788 20989 94330 89168 83595 87795 33520 20087 22209 39563 80975 56655 84601 99469 
78101 12062 71834 46428 80208 72007 38973 10801 34514 74645 46221 18888 16185 19559 27184 13877 47914 55140 17309 13149 
66528 88941 76081 99216 88310 87254 6439 28002 98598 65226 77945 20978 1921 21843 22897 96689 34315 21414 92728 7085 
74204 99753 86157 72398 57387 87604 20864 6796 19531 66250 91868 27394 1928 80243 78495 54834 32583 13020 47105 4229 
28486 3801 37612 33116 10029 74518 11876 8956 41662 98136 5848 26387 72486 32548 98718 99912 74596 70042 37629 91706 
62117 84453 52770 14472 10339 1262 73095 76090 14460 74443 22870 31536 17385 69270 28983 4611 14171 24979 51085 6729 
90609 96367 86663 37715 72463 55574 61004 93972 84434 92959 91085 4935 65647 82169 42231 62763 23914 2872 33521 96031 
49306 63095 41268 98923 57670 45193 94609 95467 50402 91399 75143 58704 79450 81477 78404 89963 85739 1600 48458 37170 
56948 19613 63437 55903 17808 69013 66651 63908 35931 89784 5548 20216 98733 27733 10274 78314 84848 92303 90261 13620 
22213 5913 1882 20594 2905 91020 43758 12793 9714 31574 28522 40318 86572 58377 15636 12437 54643 84043 22969 86439 
51679 88335 28199 58419 67237 62255 75966 56237 73861 5135 10211 19755 56244 14915 76036 96167 38012 52279 93149 43023 
20245 9927 58980 71929 30460 88884 20111 35006 38001 65325 57244 20658 17769 48071 91093 85173 91027 34822 27789 38449 
6144 93289 68027 57409 23389 70872 5042 16359 36135 63934 3904 67104 67670 13549 11192 61409 74855 40507 84574 44842 
90907 3540 72638 74581 50067 94315 59095 28076 30997 113 21237 91204 30255 74900 88317 44708 56394 8969 4597 88930 
81773 91637 58832 62146 72547 51604 49324 58351 87538 75572 84920 27480 19279 45945 58767 87206 26570 54962 19730 11896 
60507 68824 95080 44595 11951 97350 94441 4888 32841 17900 74144 79666 92714 54674 59578 53051 418 67711 4886 27701 
33532 14021 24426 78465 88964 33069 81334 92851 30221 35653 97903 81730 30347 92902 65570 19073 37422 8026 18041 55814 
57242 46776 6449 74987 22184 2203 75478 30346 25409 93400 12497 25386 74273 24996 31614 51859 43043 88387 82245 94561 
32305 96134 31189 17188 15036 10643 31302 546 79000 27961 7147 78735 19392 38790 175 24814 45409 29253 29383 48922 
43292 65222 89657 9805 70464 70740 41350 99616 50095 65061 2182 83353 61008 34550 88111 52594 25432 69699 76772 3439 
30104 83779 2174 5600 62689 17091 95662 82908 56413 82297 54178 84852 40771 49682 99466 58129 81888 30888 6361 35488 
11867 80883 24548 31324 13174 64683 57837 74722 29633 72111 37891 55391 13557 72096 75292 88222 96117 48722 78480 14007 
62712 31564 37581 35299 73803 67030 49115 21085 16982 81703 78515 70677 58423 37241 93147 44072 10772 9363 34172 50894 
10624 97257 79696 45550 83461 6574 13339 10337 35314 17709 90122 68859 90261 79001 2429 30413 15615 82429 68699 42099 
95461 88286 31374 6625 88 53246 40374 22194 78838 51616 8803 48108 10478 22487 33392 18858 89582 94818 99321 54566 
89926 32755 19938 58230 86269 62529 7843 34405 51590 76874 39275 90587 33739 16525 79474 75197 77749 78658 35249 84716 
65506 53292 56218 71652 22168 46010 86027 98727 21823 62701 77884 14884 96122 90159 17674 65246 83590 55528 39796 20776 
16876 42428 63431 24377 5583 22816 49751 89920 48201 51541 58019 36804 34827 39685 43979 2993 81415 31816 78199 90902 
3722 46376 41118 74849 63221 33515 11621 94534 60375 62612 84735 90648 59140 35475 60749 50205 3827 60891 38813 1569 
65246 59077 29826 75069 39510 81210 83354 97609 57453 21637 40914 77902 92992 29096 38779 58304 95057 71252 85183 24475 
39548 75416 89992 38294 30569 2987 5768 15938 47737 15115 84548 80906 71497 26996 58096 50628 88163 614 40527 95560 
52083 28513 91786 83784 55430 72672 81858 54096 63263 63989 7750 18005 29635 46406 9865 19318 13259 66802 50418 87397 
45368 66998 58779 67915 37217 55234 85661 56275 49004 52921 90768 51575 51568 62164 70373 67295 32414 20712 8421 56318 
90530 21039 13137 63472 21511 38796 665 57793 54740 56574 80687 70390 85475 85548 52526 96914 20763 90453 69096 84904 
53720 82204 8841 29182 48984 22502 32874 20577 95219 15615 31917 292 12732 39775 7954 1006 37365 91882 50111 66910 
47745 734 44284 14731 24853 39971 31013 63802 51693 82620 85140 71578 91699 24126 61938 65650 78975 605 96826 23210 
68578 6042 86970 24963 61893 5442 87122 73733 59924 48987 93529 32927 79688 66125 47752 79563 29578 22748 5619 7002 
35486 56710 66319 36448 28761 74463 65795 11851 39054 58680 47755 50508 38470 3369 33294 74066 79326 60794 6280 69704 
78686 30411 53542 1773 80297 90853 51529 53695 98203 19388 37754 68386 80931 90206 2485 8688 2792 14236 43348 67281 
34185 6636 6719 64107 69578 50349 84056 42834 36139 68780 99158 48243 324 52889 1755 39817 36344 57563 7506 10302 
14499 15526 62290 40912 11288 81370 85044 86499 95177 65630 70918 30434 56597 95477 46322 54195 80005 95276 51916 79574 
59573 36798 38359 19187 67840 18409 46562 97274 4536 43847 86280 21854 44332 85913 2477 23224 11620 12450 76649 96833 
14337 39732 64747 3902 91481 42498 45859 53173 52635 35319 95171 81474 4506 34004 54597 46968 41271 52144 64669 59282 
31930 64368 92972 42010 75563 23355 17902 98779 46393 25398 26200 48136 22490 52874 79428 28311 68810 38106 16701 14428 
14620 92317 8534 69623 3863 64952 72376 42818 35849 20613 85709 75258 71913 65777 34928 74698 12947 46947 33051 57150 
99779 46419 84970 34121 55792 61764 73636 84442 78852 84444 55928 46448 64367 71212 76195 60878 4611 6312 44560 43981 
51285 88096 34052 86783 94210 62041 18427 10170 5193 1542 20654 66826 2323 20445 14101 57511 28141 40262 47317 35079 
71635 50833 70195 3799 96228 23993 29074 16333 93531 8168 76448 81047 91097 12819 58915 71607 17424 11698 70291 48236 
13543 50008 6082 14521 64216 7913 22817 2201 68818 88422 48790 86345 68800 50174 14385 93002 32254 23245 29138 62281 
70750 31434 10877 72738 13513 46210 48624 10520 86923 32902 1998 88466 12505 54109 99555 95993 32755 77975 19728 52359 
87234 94035 15475 13096 86368 7815 76130 48744 13828 89880 20095 12132 37399 92906 40688 6195 72414 71895 68403 10792 
72612 38667 47398 56277 32116 12948 14191 11183 96857 53159 83987 22107 52410 29071 68452 28166 7716 63 88605 38485 
76005 92664 94275 1261 95817 54676 84821 17771 73757 34297 84915 63334 60781 45119 69873 12079 59311 14393 9262 73059 
13135 74805 49546 18665 59123 85136 59341 42620 37903 98644 63 10429 95214 66715 85447 20200 39518 21200 75671 26706 
16400 58296 76508 78169 71054 62108 2665 91075 89073 6236 32758 20760 89911 17334 57947 53913 84430 3370 65797 56383 
26901 57852 95987 83364 30542 87692 53489 47275 50512 21155 72266 66708 16223 55847 51953 83196 75647 21627 36931 80032 
64277 42499 40466 95147 35832 66357 13352 89392 30858 86440 66280 50746 82431 85919 94063 55535 14029 5393 59772 20032 
78102 7810 52093 5628 92911 39781 33139 25614 81585 37282 15981 62555 24857 790 11759 72576 74672 16030 54801 94535 
84334 13209 52568 13851 3025 94270 13523 4071 72366 70894 93945 41323 76355 30723 23516 68264 4817 46288 84102 9673 
17820 1558 52916 47397 83502 99156 82325 69322 11277 30252 44186 46576 23550 11160 91984 41108 89808 79702 79480 30405 
73256 69145 94074 88963 93483 63772 57293 55511 65630 53711 39212 99258 44878 25016 78788 81359 13291 94830 8816 69029 
55422 39214 33626 8476 3630 58463 70411 19883 24589 89679 79876 55807 76235 12527 77723 19609 98149 31464 11718 93607 
27799 61328 29009 72897 45053 15897 89808 93936 32280 60773 63934 45137 18555 97164 97259 37668 42555 65507 93278 51298 
42777 64012 92664 89873 8142 99434 69005 3169 57697 40281 28173 52760 31684 86192 67369 3166 24268 52955 740 53501 
53946 17133 39079 17215 44104 24219 20691 70195 57519 77850 94289 18480 21295 51400 89939 86954 96968 95953 12231 51435 
88514 43520 9431 36310 83646 22560 36310 99378 56660 42170 94729 87844 58933 89183 74816 7494 24148 63322 76603 73504 
28409 4700 15606 78435 99128 26704 87953 37712 25126 23054 76304 39415 9618 78554 38802 87971 15926 92423 45626 55544 
62555 36711 33220 7981 67870 98462 77184 74774 98355 67314 58014 50279 59908 57946 66212 40808 61589 93958 63216 59483 
57210 12931 88760 45244 95353 45856 60299 42634 32451 99063 25359 42927 20923 11189 8407 71988 86796 39944 72681 2449 
90574 3767 13786 62244 11141 30198 70410 29841 21994 92711 63171 24378 60198 11293 60555 69308 53023 49576 88772 11368 
3796 69100 95710 86123 26085 12651 58387 60353 94091 81555 86923 88253 38570 76468 63537 2382 34841 56429 78430 22341 
64435 11844 69479 97067 73797 24473 73107 14993 88780 93350 75840 31691 10259 46269 42846 83734 27595 54999 11344 83091 
56967 49693 86317 50296 12732 26806 76950 610 94905 28099 91518 17533 86583 85000 31532 96809 209 7245 96507 16481 
74108 97230 35365 41184 4523 16718 61265 85617 79162 49698 30294 20118 67737 10161 81245 97000 65723 65320 48595 67007 
96080 90878 51732 96422 14455 4330 41704 47438 38790 76355 72613 68592 22278 85942 73421 92029 14164 80825 37270 17332 
43781 96018 49011 96008 36590 13367 5740 13320 19812 69656 69745 65873 92064 70501 5791 64326 41562 2390 29525 11160 
58854 51266 37563 44113 46297 33473 88657 37575 1593 7845 1622 96378 10523 77980 32863 36689 61102 70128 7360 13479 
60811 12681 73966 78659 3094 68757 87550 4667 80449 17139 8469 99425 39093 4532 22651 70140 8106 16813 93264 84190 
47730 26200 9817 9111 75792 50414 71282 22698 57475 91768 51385 66934 31853 46158 55364 11206 38924 11948 20603 42889 
46872 35942 6434 2831 56015 4171 21578 83632 65374 88205 99108 55563 47039 93991 64581 92934 52317 80415 65560 75693 
3726 60809 86519 96083 85077 49764 95810 87238 44773 58608 77346 97274 85962 36175 24504 52036 68572 16965 46930 56848 
47368 96976 5336 19689 23694 69935 82087 14370 42630 61815 64371 38894 68952 30743 60130 71555 92733 49171 64829 2251 
50037 21875 25561 26422 90552 77855 76783 19413 73529 90295 53048 26358 12324 86842 21585 14828 83436 26705 35601 41555 
24182 28106 56799 58197 5847 29428 8470 49659 7927 12944 17594 9756 91291 99815 99279 50152 85856 71149 34168 76070 
81379 81413 61587 70187 25639 10182 19618 67705 53961 75558 5022 26087 4153 97946 34827 38499 4959 88969 47744 26130 
6521 29365 52112 94862 13700 47359 86734 94007 8934 6773 51808 19190 3443 27421 2164 83307 92604 42133 34044 18949 
4483 22491 17332 63193 69836 29969 80718 30273 9573 97919 75369 78108 3023 75555 15812 69342 33246 4879 18245 69364 
78835 20832 60049 87332 94719 27481 31360