20040 7517 15703 38099 12190 91844 90990 89513 81003 20491 62469 10409 63814 56684 68419 47800 72085 47454 62771 42017 
85744 8517 32264 69177 36221 85225 18474 95290 5108 59134 80282 66433 57724 41804 69288 47576 84192 39737 38981 33177 
28788 64774 36094 63290 7193 45479 2897 52497 50161 21999 23225 75916 73735 89339 23628 91993 49414 52484 36694 50779 
98163 9033 87638 46355 26095 3653 35059 64115 31265 76701 68079 7784 73029 60962 83338 57056 61223 72258 57875 94389 
20369 15288 72120 40515 93174 71592 69260 3755 10971 59610 85186 87037 71949 68718 19989 61020 70938 35874 65401 42761 
15705 95509 25675 10425 4429 74504 11543 51463 40084 11314 30476 5563 17314 41804 61661 32828 53699 33472 77203 12777 
61360 70527 54889 71283 48299 56108 28004 20627 48559 10334 10100 53242 63085 65780 14316 27765 48558 44253 1634 972 
51487 47061 72648 26503 57208 73360 79280 9871 35462 97363 21996 45038 4779 83798 13223 64616 60533 19944 2250 49776 
12825 37474 5940 59187 55172 98389 5557 13189 47243 52616 56104 64110 66987 22259 25302 68209 20917 57451 67275 46448 
29118 18768 99972 81144 55027 44097 14264 43928 98858 55893 26591 94695 58073 74963 74165 751 13454 56493 11429 13719 
57108 24607 64818 38125 98084 68266 6116 83844 58417 311 32381 21455 29360 43974 48145 22063 15325 42911 59685 12070 
94498 8051 37286 94666 73317 7053 11224 30832 9599 25177 76788 93878 50207 787 46678 61321 36146 97079 65983 59216 
7919 99675 11140 12447 12682 83991 9104 79547 1467 36922 71518 84261 57543 97783 64998 35219 27979 39185 893 73816 
31317 41192 31900 76721 10049 20394 19955 54159 732 26699 7374 61465 47282 71814 76503 2629 44340 43735 72967 8799 
98921 53013 88705 8821 86128 78384 44680 38554 17619 74134 46615 16181 61674 423 11987 65730 27131 94457 99789 41518 
40880 81777 47011 68775 76175 58279 24586 60895 66912 83603 76200 30625 60640 13564 64617 66788 58890 14471 8360 76183 
92488 62982 46949 30494 13814 57647 77442 83869 14192 2581 10883 24602 42170 24958 5229 20447 14441 69955 40484 96461 
9817 9311 31440 44520 54937 10539 50537 57132 47467 11551 45824 67478 32594 42863 56052 58231 65646 50094 36222 82632 
85764 52761 29981 36604 73279 79610 88354 37144 96004 59517 79448 73081 37390 5001 60243 42095 89261 97268 17920 71739 
12266 10745 23831 453 81260 84729 73755 25981 52548 51132 93877 54782 43967 89198 3087 31930 67884 91503 70796 23666 
41131 42077 67558 49147 36593 21566 19004 76252 35349 82916 1848 4687 69579 68907 46272 89759 841 63117 71998 90915 
57440 36880 67919 6206 15126 27940 16826 61799 78653 22304 99735 77107 72954 84661 28634 88243 75906 73030 57402 17187 
92465 79878 12836 78240 36742 17386 51133 16455 8663 14201 10424 501 96688 4681 2873 39724 68275 64886 11945 59040 
17898 19862 7790 66683 39289 65608 19771 73853 92981 31622 2596 88510 25038 40380 40240 78796 5178 6178 45788 31974 
40347 64531 42233 30193 68154 96257 52284 65406 73617 46801 70067 93188 48574 17682 99573 32412 13935 91944 90500 2779 
42604 11778 40732 79318 3184 86432 13169 6939 40180 51059 41263 32991 1613 37200 30940 43610 79010 7922 85740 71537 
53748 30802 72171 13041 83674 75988 97525 93300 68062 152 77528 96188 32993 39349 99866 85082 55457 64213 79960 88754 
41160 66123 65268 22206 23130 99121 46534 35914 27425 16360 35911 81655 23524 42074 14223 59507 60327 76311 34695 82627 
69759 39259 23114 56759 11518 69314 41055 75791 86637 91810 4696 28188 9539 12773 58123 29182 82092 77474 86002 10557 
47924 31892 21898 50502 49649 6562 97150 25478 73593 19847 58110 8836 91512 72542 2060 73471 14426 29127 75222 90292 
29506 33990 57962 80264 98833 34118 25701 92743 59454 55095 68039 74428 10627 53827 53030 8218 74561 49309 98307 2087 
11908 79343 41236 32658 83660 64150 50594 15525 90331 21440 42094 22686 77744 54243 38113 27492 48015 78861 34835 38635 
66511 32426 73451 6811 248 53307 3763 54318 70912 73397 3812 93731 25289 30390 44880 40254 28825 84365 63444 33469 
22915 41592 23173 86218 4109 45163 75917 93232 99707 37553 30523 83547 82779 68396 89711 33268 46369 82580 95983 37738 
22510 71937 11513 97728 30389 98434 35871 97393 2756 99764 44104 62943 94812 65337 5925 1820 30184 87402 26657 55643 
45113 92697 82118 34377 63226 52649 90352 73332 19976 36115 92831 51445 648 69364 92193 50141 2227 33880 29827 64430 
78323 65925 85463 406 83278 89180 57638 45038 8350 49138 13006 22928 23778 94677 51322 49088 54189 43243 58956 41812 
32599 16411 8209 72691 2108 57942 99681 11892 27130 81186 18671 24915 19831 10276 17103 38443 37501 92234 99197 74552 
20121 62812 55360 73958 58362 86766 89160 57591 67777 60022 83192 26531 28659 11205 54768 31292 20372 39237 12252 72333 
26246 97773 19617 91106 12233 14861 93839 2610 87700 23745 15495 48649 8441 28898 50333 71044 6399 7256 79101 6379 
91916 19114 17788 54879 64328 51030 83206 74874 67647 96009 60753 3982 21148 66934 71075 23098 53702 89249 13089 23524 
71058 63443 49665 34171 15469 88685 74540 38106 25346 81122 49603 74077 4962 71808 31045 88114 93085 40350 8764 10825 
3143 98640 50177 34729 40440 14481 90467 46603 20920 19018 65233 43090 16427 69718 1338 38613 92158 45825 63492 110 
76347 18774 3242 24202 79885 11506 9406 66647 16032 44688 4682 7392 1286 36765 19288 98146 92806 89807 89833 13914 
22090 63953 56277 47714 8026 62812 79157 88623 24186 43420 40137 60954 16936 74367 69164 17983 52559 85061 53827 93946 
33707 26996 69367 9321 50537 77186 91081 36484 61924 77651 2034 60900 36131 26153 44383 73484 45739 47143 22108 66866 
43164 43794 91547 42604 59429 46422 69518 13088 93120 83043 39436 25336 3074 88703 87479 26099 65185 6533 77366 95277 
73482 12109 53890 18066 15250 11337 70432 70938 33102 41673 2059 95288 43326 85524 73515 65308 29104 73199 98351 44135 
17089 20932 37405 41507 22974 22172 75604 72585 43840 89358 33770 84081 75797 59179 49899 9383 71097 73544 26801 60506 
99721 720 52066 14573 67401 43172 22863 72971 36773 73006 14479 83469 23893 66629 64908 16045 57368 32647 73152 3970 
51769 10967 82338 12744 16875 98915 27246 89083 51236 93447 74108 17961 78328 91514 29804 61308 38414 80367 86796 40021 
67241 52300 95516 78509 12981 29306 48597 67673 27459 68971 15217 30092 60792 46561 98016 12523 32479 16577 72712 31019 
37044 50957 4395 53161 89321 2623 33729 63065 60667 352 8649 72163 28218 61333 43690 69351 13867 56776 86587 44343 
92929 12924 28942 2331 53466 42063 60138 51830 22367 17745 56924 29034 18439 93601 54919 5322 79930 30876 86968 85117 
50547 68155 71134 75123 31233 77151 66320 36862 7247 85926 29191 16383 61611 63886 60528 74644 20042 45604 83886 25984 
59281 38914 49241 1192 52205 23522 54895 80274 46526 74793 63060 54641 17404 5875 4222 19891 6031 61103 45899 14938 
35684 61236 17721 88020 77407 19908 98795 64144 71020 12880 645 82017 23930 19907 44738 5019 10635 7246 85002 20336 
35906 46948 57708 50018 93376 94813 28798 73363 57830 19347 57868 8907 54072 30719 17689 58381 98811 18912 96790 12768 
42464 25326 96622 50083 75342 9598 36614 80961 13763 14912 7697 86614 81020 87636 72800 94589 67192 26358 89295 14587 
11998 46132 15832 67228 94015 74715 34427 73936 4378 71081 9058 94581 89968 33472 97725 39512 44584 84741 704 82494 
76267 9230 99406 65644 15680 2677 35569 48108 53461 48862 81660 78603 98971 75290 29256 94548 46241 71675 98758 79097 
18377 5273 67409 40244 40170 61813 88367 38835 12558 48198 98450 83156 75779 47824 13079 23691 83270 86444 70476 70046 
38963 98485 26840 72396 50925 87550 99462 82845 3024 12898 24216 60866 6836 95787 99296 93660 68734 52343 3502 80458 
16388 94204 21546 48491 60224 51385 31777 58429 27047 58144 995 91468 18350 26013 45229 69751 92630 99108 14626 94790 
69941 27293 93883 53826 85536 60079 68607 58810 95439 80460 76301 22797 72475 77357 12003 79683 65696 33905 52602 54792 
25755 59002 44565 7442 28588 61588 79255 40401 38815 59928 10050 89551 40244 28125 56597 36563 98392 90759 10374 57035 
8363 12155 61675 34881 79462 83870 26492 51691 84218 23062 61666 30397 56911 60069 13094 29339 10628 32339 43885 44587 
26157 28083 38281 41242 60316 37199 17564 66699 80820 34189 63543 71902 5164 82270 77627 84934 64817 33517 89572 71751 
55534 31834 1582 52513 83659 20058 30980 33315 45481 34031 22660 26705 3104 34699 55819 97212 57730 1454 24865 42557 
44807 49441 97663 4504 36494 87068 82001 80123 70894 97297 53396 18906 95301 17635 29988 6783 42355 80789 69549 55195 
6642 79955 91649 58266 62549 71018 81857 18111 25182 468 99055 54765 59817 43436 72851 56799 55650 38317 34450 88547 
35910 29717 30199 41735 85133 33127 8418 72712 80664 96541 50318 78938 59967 90354 29362 96044 24103 66072 97940 17352 
53547 24640 96486 40133 9333 45988 47600 47102 94698 56043 77731 36747 3541 57235 12137 88406 63842 61941 6555 77854 
7258 14512 29459 28036 28596 10407 76330 397 70088 89085 95317 36271 82981 90367 56162 71541 51488 61051 17241 4927 
22495 9300 79850 73355 49164 94788 72166 5801 50949 24340 25969 7472 78558 91798 83695 7433 70107 55263 42811 17475 
79803 53353 11906 67377 27493 63727 50751 55346 6631 60461 48944 97995 53530 57795 46849 86533 61678 88913 52270 70969 
968 13873 98791 19858 13146 85200 55651 61861 32194 59276 57905 13336 82316 93545 19563 86343 55400 23763 99382 24346 
62473 99978 52602 62916 62997 81961 69494 1032 68929 56360 86655 32075 73871 93098 84138 90147 78461 4522 62820 11657 
42322 63172 12885 66736 18392 33611 49656 21215 45844 45146 46777 62613 92675 31737 91724 95014 17485 59971 67544 88604 
37841 8851 20545 14297 38930 22911 12520 35457 78192 49565 41644 15872 2859 21510 59406 78613 58763 55080 28507 68195 
85112 58260 25916 79803 68677 60730 46296 14858 60602 60162 40977 95856 99024 48984 39587 89131 56924 59208 27997 30710 
3693 24081 90400 50672 58005 69798 77590 67188 82853 50735 69847 20285 90333 39538 67899 36459 47147 316 29137 18289 
49405 93874 83578 88067 94780 79239 35306 57326 41797 34448 5264 19235 21331 84737 98529 1554 52727 74078 85513 39344 
24701 46072 96251 88597 72960 30524 14459 10532 12833 82621 65089 5760 99701 56739 38693 21328 73330 28223 2900 95248 
70695 46989 34937 76235 72529 15733 50422 24792 87839 80614 94212 61088 41524 65704 20205 41743 43120 65453 7268 90551 
34868 30144 34559 19519 17372 6043 44321 3670 84695 54793 50748 1378 79092 81412 40279 15732 74533 35819 2155 55275 
45346 21084 17575 17763 52086 56677 43288 59627 2436 46674 1605 80434 78481 60528 96010 81846 89862 2191 93392 38438 
84973 34202 44852 8860 69085 87917 56914 77337 33881 74008 46172 59238 56016 31357 87321 70754 19431 56734 61062 67492 
77727 79908 70305 98354 5803 71639 7995 95042 98909 48411 96869 54045 42274 54734 86742 33390 29742 44024 70935 5183 
9291 23778 21957 62963 50707 98810 38944 57842 92574 54706 13036 38281 32302 62563 59028 46807 80790 2869 30151 4654 
96055 81091 26832 15973 86264 74617 1962 11506 92341 48378 57821 68865 35932 90318 41610 96792 32167 36707 62315 73964 
81674 11938 27478 32214 2045 26660 15720 90206 25399 87635 12871 21839 61572 23136 19329 38627 10670 89434 75498 14667 
38108 61642 77155 3498 66515 45824 99236 52938 1036 51921 12380 22595 13902 59754 84336 58582 52149 21349 87493 65855 
95975 17279 25487 35913 10070 9693 251 55088 97664 8502 73444 2407 13891 63410 49001 2650 30729 10459 6114 61227 
91448 37089 84513 71861 49761 60566 35177 61290 29059 93068 51232 40282 43504 98808 89233 23875 84753 55160 6199 84117 
27800 79571 46814 62162 62502 47951 29574 30398 89756 30477 96197 13845 87783 18286 23004 81283 90949 45030 54724 26615 
95247 13558 781 12419 96680 48363 83928 85335 33561 65605 39242 44182 38808 84674 72920 63813 87947 57708 33348 86243 
9117 71147 49126 45842 24078 91920 85956 46742 64781 96745 87233 63401 50937 5530 5675 83887 80143 40709 59443 14836 
47013 68126 70577 29526 45580 11247 30175 17007 97511 58236 57063 78303 24006 79898 5323 29435 51102 14537 259 75623 
21889 18222 10982 70254 36051 18780 12963 92215 25961 70115 58708 86131 18371 9960 61997 3683 95524 5278 32213 139 
13941 86111 9738 84568 39034 39900 47289 94491 88691 46632 26891 9749 34818 66151 59786 23879 5625 77006 44932 59853 
1173 15924 34642 71209 65494 50193 87566 6342 98616 61886 98048 94708 67090 62628 6758 35907 17851 93870 2544 30203 
94453 11535 78474 62419 88173 67905 3053 16583 85446 12907 66880 68305 36808 81716 76009 25211 96763 34696 10925 69408 
41496 60107 19362 93968 4355 85693 34744 38450 7182 20489 58868 34687 42084 67872 95842 78876 4868 96499 53299 66222 
55072 60498 99483 72394 86457 68715 65017 16973 3471 61046 24976 3352 3222 99913 61240 73894 4929 30973 53542 39460 
39865 56702 90301 21426 67346 26672 1221 86525 39595 37653 48292 48363 19340 13965 76860 90950 24157 41911 84296 87608 
98909 91467 98511 57557 52463 7753 24802 92362 28936 85158 33793 10836 47969 34787 57629 76243 72357 17264 50862 6431 
46208 28775 71528 90016 20730 65482 97938 88942 47466 81743 77342 16901 40848 42269 44772 2240 21990 3915 29807 50636 
89498 37174 91160 38289 985 3154 81803 28064 24503 33031 37310 54552 23187 27887 60813 23411 91517 71741 88283 44294 
82027 20234 33991 31234 41167 83488 10447 6122 56366 78840 72643 18296 27085 39335 7455 49879 56710 10597 29655 51107 
11052 55524 15484 1627 35657 3156 41695 12219 57654 53349 90462 46570 2193 95287 80681 5822 23668 41970 27026 13936 
42575 31244 90797 9599 55499 26451 61914 66309 64168 1222 48222 40403 1865 17998 29710 76747 50676 52381 86831 13455 
33751 69042 2688 56001 17930 2917 44417 35448 63796 12057 79975 30537 29926 1739 89239 61106 20995 67039 35867 52773 
49652 83725 73526 18749 46073 22964 51063 2599 86909 83509 38026 87489 18477 74051 24262 43081 12986 32431 72848