94520 22454 78325 73879 90058 76286 46709 92993 46532 89011 62687 20220 48746 58423 9706 62119 21512 8502 72556 36338 
95510 6954 23569 40778 48184 30151 28584 74161 47433 13145 89882 18101 86299 67715 26559 77270 91637 16817 76825 72500 
48292 17700 90660 27950 40683 51202 29600 40770 17452 89120 45931 18017 96164 7129 8661 9384 47642 1458 7726 21112 
11724 35358 57354 34701 30915 15912 67684 76878 39609 28227 27507 45816 40429 85513 78173 77005 58368 9645 58781 50231 
65191 79106 47007 60523 72181 37451 46833 39389 19402 7816 61100 75153 84904 11867 2863 14338 44822 85552 97809 41386 
76894 11472 44792 2074 58125 71031 50636 51796 84035 20482 85389 2225 78715 10925 74068 33875 92369 24582 91452 46089 
43375 34530 80841 30832 64875 25856 5974 52054 84080 83408 11959 36971 78698 1780 7701 33196 66236 83864 37181 66778 
59883 46172 87884 9975 62760 53202 56075 49342 17455 51471 71941 82551 22070 91716 2213 68204 13948 55156 66251 30755 
32700 48626 55995 90802 88995 77267 99283 84303 94241 85140 74704 6110 35672 29539 71578 87415 78040 36756 1118 37375 
94874 31748 56986 5146 35020 48104 64387 52870 88617 22743 3019 68029 2982 90859 62396 16168 72675 4933 41936 7597 
44435 94354 75740 65550 25404 28140 60275 62888 13590 97181 86025 84895 72570 44014 36716 72890 42864 95030 24917 76847 
60043 47737 37963 62110 673 61791 57560 67736 6179 60792 38999 86001 44890 78480 18216 25060 88093 71596 44542 44084 
35561 62005 93881 36049 89888 73174 38847 30755 50433 55597 75147 33512 94623 41857 51191 24630 88641 85491 55588 98864 
97287 49536 29306 11544 13486 78759 47726 34523 39358 59527 71610 35278 43113 78740 41420 14517 41412 14271 85525 64619 
62543 48384 6691 84675 63084 79414 66216 99043 7112 8668 72251 54681 78595 11822 99312 36144 66713 54944 74717 19283 
78852 95936 29722 3188 52069 22728 78654 36234 63957 5110 231 67149 9665 23275 67977 99552 71830 42351 86670 25388 
689 96281 22849 61600 67976 66321 83848 85384 77364 45503 13777 23157 83728 53322 98468 11254 69588 72842 54027 3224 
61304 48338 4083 59217 50200 24875 58389 61526 9350 95755 24107 31182 15402 36172 94169 74319 5352 93282 73129 33805 
12222 56141 1745 98234 4454 57154 44869 51204 26153 80454 51822 3950 52086 48826 21749 62705 72211 65879 25942 82023 
55301 67985 64069 92978 5153 37765 86846 81419 91653 98959 59707 94520 83422 75141 57916 40381 53636 78339 9798 26955 
20326 17129 19426 78668 90632 78348 19817 77521 20448 17154 78227 33474 64226 72157 61049 86235 29930 77608 15743 57604 
66259 97202 26881 5539 93271 81822 76981 25478 59353 56914 2322 43650 72113 2113 80330 42620 13570 6857 38683 61322 
95876 18650 80774 40706 1071 43092 47381 5861 52549 90272 75087 85396 51426 12344 4020 19566 14500 57463 58853 77870 
35852 58088 46546 65525 40411 11146 61338 14664 21574 96279 19067 62137 20933 44842 98275 26626 86559 42591 19732 75053 
13685 54808 67257 12595 56921 58822 14649 66144 15274 24554 22528 36922 56583 62113 25521 59798 19493 13771 67689 60686 
97722 60895 11182 64566 50326 91002 58431 5476 10445 18000 52980 62647 18911 99596 12433 3558 92081 93390 37519 76841 
46577 12863 86395 61042 68937 46063 26351 44601 66966 91971 85852 96373 12306 68517 65050 56275 47566 38354 58663 30373 
3333 53442 29524 13108 41850 7970 97555 37098 86777 54939 891 47571 33936 45581 51710 62397 24805 2067 82357 9453 
10773 73814 72068 66939 2098 5637 54778 54144 33998 18324 19785 47982 35930 47388 82517 36341 88026 50492 3503 62991 
33278 66049 14148 39607 71955 60528 55136 30388 90668 7003 54258 31520 82442 88870 28140 97086 33430 69884 70501 75074 
63125 63923 9511 74880 92947 61158 67996 83172 12666 42355 47269 67281 72244 73440 56962 52944 20563 16230 86615 88459 
8719 69080 8428 94408 83298 46893 16866 69215 31490 91246 55149 20347 94390 35877 37267 27121 74448 80277 23974 45444 
12674 94829 29302 82705 88736 71893 32755 65306 90611 19577 89781 47894 77961 98926 9816 86230 79531 67843 75601 47530 
15164 29287 73677 2042 92260 76337 29699 60642 31404 81975 61055 77004 59069 86 58007 21405 65843 80561 63621 40905 
87699 62693 76410 48887 97198 8879 84970 32817 73704 19078 29016 89952 49404 88280 54068 7354 86928 48199 28805 78330 
17828 18165 2167 52768 41431 10078 87681 87966 21376 29698 89975 72233 75344 59656 34269 95977 52344 47643 51045 58888 
34678 79544 56527 84188 89651 43524 79919 80609 22496 88526 46401 56197 28414 4555 37741 75645 14987 51405 52308 6487 
29123 10647 808 24203 23350 38516 67714 56397 92608 14446 66222 51752 3983 65055 15862 20315 19446 61245 33078 32327 
53300 71916 3393 54926 63633 11759 35228 29796 97521 45087 58876 74071 7080 22766 49960 11335 5073 70984 99495 41955 
99660 22055 19141 74732 6692 24038 34773 74028 7060 80985 66124 28158 30324 41908 98426 83112 18157 11237 23614 35670 
44582 86695 38711 79635 57656 61883 70381 95989 61195 49162 32267 99879 83515 23199 1927 7444 81779 72629 48031 91188 
50072 78094 81838 13104 22278 49717 26114 35011 58912 25851 18810 48759 61042 20511 74441 62633 96574 51770 25740 49628 
52822 8207 38727 16769 20099 15413 24838 590 63075 65024 64729 80432 19852 50886 93832 58676 75458 58376 86834 69127 
77768 59591 64465 24913 90946 36213 82357 47967 71573 19748 92621 37753 18930 58201 54903 80232 31612 55381 60583 19787 
79704 38401 43048 9691 53564 87895 10266 18381 8269 35113 70442 45205 44720 4958 86699 40253 43704 70465 5622 85583 
21127 15329 44829 70468 85309 15881 4684 99672 16827 2997 22024 25628 47549 28297 30545 8151 32575 62406 6966 17006 
71496 41720 31543 66845 49192 32136 39918 77636 49901 57985 68101 12348 33816 70359 57444 49759 26526 67304 40999 27832 
88986 77548 42575 23676 15422 99009 79295 61262 11007 39693 50591 88669 5400 40118 38705 9496 4003 42332 77408 43365 
26478 36218 98589 72532 12499 31778 61666 79800 68546 68198 66911 52370 1445 27511 87366 69804 2259 95746 59162 24664 
65912 51969 86865 56925 35613 9396 66511 86656 75278 27256 91278 12639 22831 50793 77854 84912 60895 68487 92444 90058 
20011 64387 62502 96409 53963 12481 47998 23723 64672 9196 48540 52909 24535 50824 38406 31039 17158 99783 34607 17551 
75029 54949 12398 18720 14119 25443 93895 3690 77549 77782 65176 97077 14609 36418 37756 21334 27179 1326 663 95705 
4215 10551 74524 11868 99740 59984 21549 93007 41615 52004 65247 70854 66195 26521 79692 6049 48525 59679 33480 77358 
58746 30685 93872 25143 76460 12958 96457 71157 43808 82460 85669 1034 83291 15010 979 19420 51203 83820 32322 8992 
19380 88792 25642 31606 43838 32296 45066 54046 68689 63966 44099 90492 60121 38578 24915 68250 53531 35343 9981 43465 
49783 74267 4253 23751 78138 40107 19961 80704 57390 89217 64889 61090 11578 58303 77957 46790 66617 41031 34218 2682 
11435 22640 18701 25226 26751 10042 1423 73101 38871 66565 2123 31527 81660 12424 45067 23353 89157 27739 91034 62498 
24158 21462 50466 54814 20985 3601 60183 69771 88767 91150 7876 59610 81680 72618 88671 21769 22409 66817 16239 76906 
35513 35312 97729 14701 67462 39985 41415 88592 28771 36650 5668 16103 4149 1748 88258 28193 51305 67960 77272 94246 
91053 98966 76292 71224 4618 80250 53078 55967 51638 23011 98136 25777 44414 64880 14943 68698 51614 6957 60783 34237 
28782 1239 15643 50213 4118 85647 85999 28354 9363 50569 36633 60102 28323 95881 3303 91388 76459 50073 16165 64605 
40541 39536 59700 74864 36507 12796 34782 2422 64171 61791 9027 34082 36131 58216 10859 87489 62602 67993 19475 92316 
24353 27648 77785 54014 59938 33877 50178 84510 82556 91267 82837 82125 53454 76986 40598 58236 31696 30535 30385 39005 
16756 68440 55987 94285 52509 1747 69419 49409 45104 94823 61220 25258 1741 32211 38128 3682 10279 55189 46840 91074 
49301 56441 81089 3756 38756 96788 15131 62227 78046 96105 95326 96454 53665 10110 51413 14258 16286 95584 13645 35675 
80043 10838 52519 39538 78136 26188 72429 15501 14753 68112 16360 54482 41696 49002 23752 27462 61866 3861 79079 57669 
86621 44995 80310 63807 91848 83378 86659 63569 87849 89332 97935 31897 14835 51772 74179 26392 37763 42076 84077 21961 
28468 86978 37712 91638 2919 27189 99774 22295 5213 56657 3447 73410 1730 9228 58499 76907 29534 68105 95388 57227 
50302 51271 99929 970 50563 72270 55373 74909 65136 6081 85709 18564 49986 80888 13077 94865 17851 3662 31765 99923 
31040 21318 67513 53068 80739 65612 58776 89663 68092 71654 40483 49611 18800 32272 35267 116 42855 56491 21687 26294 
86284 82090 95949 40049 5125 70516 84289 85811 56413 39131 84845 99078 46390 20186 18321 53068 44495 83855 76336 20607 
53826 27164 99534 97215 86983 21911 48709 57266 37893 37288 70385 97148 35302 67560 41172 96546 83678 22798 18620 25037 
11301 71982 79560 73182 95724 8335 14709 61745 99501 43446 67310 67969 68227 39150 63477 83070 6373 70903 53165 37897 
69401 62872 28325 27163 55554 26336 4251 13834 63124 18055 30226 51862 72057 90645 96537 44811 55709 57927 54733 84077 
57665 12564 18102 89166 13817 34485 58169 31730 16377 83994 96419 6431 66406 96411 31474 22797 1832 11213 56592 47021 
44826 66287 43963 25964 26140 90648 44785 68971 68518 97558 90226 36609 49522 22717 74413 73183 51059 85048 65631 10281 
96375 87430 51407 53728 38090 11806 73582 84923 31108 82978 58881 95683 4188 95909 73136 28821 47641 63539 59548 68447 
15113 94638 51732 94544 51130 16270 7143 28659 90415 84443 57358 22523 79264 45149 55924 43491 64177 49367 71226 18971 
15962 35295 45134 57235 64149 13405 26142 12982 2126 94848 28593 15792 2701 81898 55340 46389 90959 3190 51478 37901 
35473 99012 89478 24384 97983 87377 40668 76083 16325 54174 3250 34293 81817 37811 29363 54804 23085 27153 86607 73348 
98697 20877 7616 19982 43481 51272 76416 6013 5666 15029 82835 88789 46018 83767 96484 59483 96088 85327 9331 71244 
58112 74341 28742 20765 61219 98571 90326 30276 41266 15208 14149 9341 22943 2783 91036 64939 69287 2776 24366 78340 
40651 43760 76868 88688 25192 10450 60307 88946 9139 51795 26144 3433 2968 4156 38965 79420 77556 22925 70636 36210 
92579 81615 67343 28210 68441 99928 44946 50110 15802 63377 86918 95911 61672 40047 95471 15825 26618 60523 2310 54862 
45356 39162 85042 20868 23753 38406 76963 68133 61915 10878 2652 3774 42205 21461 20353 14862 68261 25300 35903 31609 
2226 85200 40198 60419 35583 20701 67700 77017 36906 30265 74958 13649 88382 25454 83675 79354 44620 44627 80248 12210 
75037 4830 32640 50005 60005 34014 53061 96759 5879 43690 94905 70634 45291 13727 85295 76831 35620 11227 99305 16330 
40305 25163 92508 89566 61497 95207 81642 59806 62796 60025 88559 32647 8485 13593 90402 96298 11145 71562 48352 34908 
88302 32799 15032 39396 68736 8386 80182 59874 40151 73210 12399 32718 45252 93365 56153 84665 13941 24481 12277 49268 
74382 71108 99043 47526 82662 46371 78929 50558 22882 36340 25060 58593 69004 84492 95152 9986 44522 22248 84645 27898 
42492 91132 51565 56843 93069 97115 96452 11503 44335 95899 38212 56928 32675 50577 53900 96332 21416 39097 96040 30170 
61190 61856 88959 28828 474 82471 33371 68144 45591 85420 87096 60843 81154 68394 9225 88177 42035 20643 48032 6639 
46211 93466 3537 55785 45738 55206 8065 59127 74822 50290 40821 5568 10495 69254 57208 96849 96158 82255 39597 66907 
14279 96258 82210 42967 67665 96228 77019 31727 9262 96918 38970 39925 63689 40917 89311 97165 82131 70114 4998 22993 
94189 87111 87271 11578 3712 29815 41309 10452 59805 16291 70889 94309 96184 89305 6111 69683 72665 42688 56870 89820 
98813 41270 52884 66761 20555 68533 14358 37392 67198 46619 48604 45949 76974 3535 31881 68504 39277 7726 63073 58428 
26846 28311 39826 7912 11430 13653 8892 17417 20430 30630 46769 83077 49790 17374 3095 81376 24286 9992 4198 50795 
98397 64759 15863 16826 66557 26125 59722 95334 35003 28099 15598 25006 70565 32828 18725 18597 53560 63703 60341 85837 
6457 57495 10588 12970 21984 47923 44284 7836 27378 68146 91785 54873 64647 89388 68212 88272 73200 14081 30552 67889 
98523 79182 86867 14995 6795 14756 89896 16845 93214 79890 30829 54400 61315 28433 73907 50960 1486 71126 82727 16430 
77097 8208 24204 46124 84725 26594 17097 89620 71623 49511 48218 33896 7570 39816 23092 32004 28230 54150 70020 61758 
15084 4430 29752 413 59271 47330 28233 58338 81684 52787 72737 20834 36019 84658 1187 85885 74033 81953 61335 93771 
8886 86328 39201 72996 90778 11523 46451 38200 50715 18043 42750 47784 78369 80079 19127 93584 75820 32022 99051 97450 
37263 6370 52120 8906 28815 30768 6088 45513 30405 24317 54295 99145 64548 99782 11856 62361 85696 45842 34299 2380 
86547 15230 62801 12443 56567 79541 84756 49456 52144 46995 46610 33172 24911 71260 23385 40789 57219 57503 95651 55499 
48290 62318 5053 73907 31990 26826 86966 741 83855 57583 79715 94364 54102 88563 70889 43500 25125 4880 33832 24145 
70655 52010 92729 25777 14834 72041 25288 10202 19495 41996 55276 97833 16760 48134 47206 9620 3328 15349 11588 13772 
12614 60308 13549 67684 30570 61952 77547 16259 71490 39298 71865 67950 99642 30375 7283 78837 35509 35988 63605 43476 
8965 47141 50901 13165 91976 23542 92961 45419 37667 26427 30757 77257 20136 63368 18658 75141 568 51836 11700 43800 
96461 58040 35615 58080 38127 41420 82883 242 51858 78091 80931 26562 65729 95538 11171 69933 80431 41931 27915 63799 
57280 85879 53337 37816 94542 53349 32602 23948 12647 87690 22034 54712 16223 67344 51414 87659 65057 82171 53154 10016 
64908 36017 34409 58920 61355 74554 90125 94349 61451 43465 77649 48658 78449 97093 2680 62382 50976 61415 91215 61126 
53422 4836 32253 48555 69171 89019 76482 60799 13030 21928 15292 7317 34016 5239 90742 54497 69372 44444 87138 46273 
53065 19691 68916 9735 56735 94911 96666 33742 50243 66368 49789 38935 56544 57173 73472 65348 31645 73069 27778 70915 
89421 94743 47529 59894 98837 75389 40002 26116 47000 53232 12159 39441 33222 31291 35680 34087 53444 71641 42111 91024 
25787 32304 91203 59246 7565 61754 8330 70605 81529 31610 18205 69007 41161 40435 87816 30989 7764 31560 75428 52177 
2674 92466 51680 26689 66561 28758 41511 55264 56957 17170 15503 24486 1806 6320 16881 35780 75814 28076 45729 65265 
92485 87342 31659 90844 29092 30492 50477 12614 32637 29895 32445 37628 47851 59756 36526 78231 21730 12746 89846 84745 
36118 47306 36381 31346 8842 66927 22098 83975 74335 5745 44655 2915 11263 18970 16287 76730 78163 2049 77120 71913 
43843 75925 15411 8554 99398 48699 59074 43636 86016 46029 48016 50198 83709 43592 51377 85468 41817 2923 2800 93502 
82061 5968 73430 26687 60024 59010 5739 9726 15861 52408 47248 93035 69063 50250 10554 63217 87994 59052 62715 63813 
3116 83399 7836 20352 45889 81361 73082 57216 99441 21256 35908 77121 91443 90132 33701 53878 40827 26364 7305 35591 
29570 6437 17484 29489 88074 4369 24450 8011 46688 34311 37285 31478 73010 74916 62554 23208 14778 96225 80882 60664 
6518 34029 42440 88691 47870 32200 99407 31559 65149 8675 93710 63348 36490 41880 15281 68097 73368 49924 95221 98572 
89381 43877 57166 63795 39757 76217 79938 15652 69167 25313 60521 10520 41968 36663 59329 44476 36295 10372 9624 34681 
28631 44235 61793 96271 18564 1031 61234 25151 66825 18102 53607 3615 31625 6106 14476 23508 73997 7844 32162 19448 
29671 97824 48690 84670 11907 3053 18419 143 35291 86039 52045 53866 16480 42798 57011 21754 88685 22498 72842 92013 
91332 1578 59394 22635 68762 28991 70600 27905 72949 94664 59655 22114 48553 2926 86767 93829 14981 85335 74577 44519 
93979 36347 86851 85264 8018 14212 64839 15516 92318 10636 48184 91179 20198 28792 85086 28944 39837 94333 24530 65815 
14670 67779 48686 6347 13970 93504 30893 70294 31018 68479 65340 8604 38550 25372 50347 58791 87549 38565 57114 80337 
53903 98097 14941 52203 97607 7290 37101 77424 2769 46076 80438 69851 29824 73512 37282 68675 13239 64636 9023 39456 
48008 62112 79243 69621 1663 1933 45090 57557 38276 81967 13541 77391 9969 59548 10646 76374 38587 88527 15978 37638 
95308 8643 88991 56245 81612 53115 18793 17977 75325 24449 72143 34751 1544 79331 20458 56827 43615 22542 39326 26986 
58631 78207 41184 76029 22236 56327 17410 69917 20478 12598 8864 67301 42447 95955 77041 68622 20170 7820 11607 25394 
58851 7522 68106 19729 66065 61002 71255 52365 72026 44037 88152 10347 96865 4736 90864 58325 80055 56602 918 3796 
89118 98794 10154 59798 27902 17854 91500 16320 23401 58981 77819 78453 78903 83274 31381 80517 82904 11412 34675 4752 
15481 98314 88328 36133 97182 51478 44576 71646 7171 99962 55208 28560 7826 45638 52672 59023 33773 85466 88525 30130 
87916 93528 43266 86587 8928 22993 35858 22787 13191 57659 77644 15663 20040 36728 57427 34479 37181 83970 80695 92932 
55225 24025 62586 80563 21122 58051 99610 34793 19921 76131 79955 23461 52487 91051 69138 66520 70117 80986 87898 3907 
81467 93435 2988 61094 88821 99656 6201 54118 79451 96716 80624 67957 4172 21998 86280 16274 72101 37924 87445 74272 
25456 86416 71126 57429 14680 49679 22325 41222 41957 74793 71588 31765 3712 8726 59722 99293 79668 37013 62232 81412 
49688 52627 75406 54055 25106 27048 2584 13626 99323 63974 91790 36574 4709 96001 20732 76164 12588 69233 99961 56556 
78988 6476 4666 20509 16972 90431 95708 53514 10696 43067 73328 38196 66789 58745 49880 29978 23046 27607 52258 50135 
73890 70236 92916 34262 23146 54851 78584 32566 64525 54904 25751 98008 19145 15602 38394 31679 87731 38451 21635 14142 
86079 71793 62205 92551 50774 41524 8518 90106 42108 82546 69239 50666 2557 29929 91161 64528 30812 67800 7581 8618 
25137 21266 76141 14250 87442 65014 54619 15708 51885 9663 44337 56078 51439 96486 36567 10571 7042 36683 50123 30128 
39790 29453 93404 98508 97985 35344 32883 32061 77016 56315 34897 15284 32071 73767 91745 13832 29061 7006 17650 44044 
98254 31281 60105 51143 36904 30815 26118 72373 12791 97723 42038 25336 72329 71040 68892 89123 25886 69618 99790 21606 
42985 15084 22584 35660 63423 30976 53839 57825 99971 55332 63768 39033 75422 39475 55181 79653 64964 53694 34543 88644 
79773 48587 27551 19094 49174 52041 42572 74166 57163 66288 95308 59585 15756 56639 45662 96397 4855 99980 97424 49941 
49112 5002 91629 67459 85602 38701 4066 4423 19032 46891 96676 86667 84002 17168 94997 12167 87661 38593 10244 86006 
10400 6810 7828 1061 90913 18198 24836 74133 30116 76432 16291 9145 44630 1391 19869 37075 42255 75414 37186 90008 
92909 36456 37165 91667 17877 10339 31352 37893 34192 42028 84718 76863 85867 43677 33167 35352 43505 26981 91049 76268 
42533 89500 88590 80160 7784 62361 53861 40694 55184 2916 19846 35678 11808 6454 7366 4576 87532 58962 24051 89507 
36921 77735 41201 35841 52063 39771 49535 84791 52172 79040 69450 94580 38156 44509 45689 10376 99135 36205 84458 3270 
98495 52344 35762 42776 20820 10873 1993 26439 19101 55732 71644 44178 74085 71057 68469 77099 75068 41573 49128 76048 
77969 27879 68228 11447 59457 34825 75024 91628 15038 58702 33715 90024 73433 43470 8843 41888 96226 74346 89215 90100 
34575 22560 69627 41820 69042 98263 62129 11561 86961 71215 38315 69409 47693 73103 13838 87172 5881 64919 79725 81833 
85111 64687 81294 55383 13654 63830 53886 83957 24252 9740 96157 76353 50053 59918 53820 68862 47485 36715 72368 68041 
72687 90218 67484 93191 54095 96683 64121 26856 59312 4834 80468 13249 93467 69157 51318 63834 36668 25490 54665 50775 
89213 97629 32205 37388 30091 14864 18908 50708 97457 25773 93786 35719 82532 79463 91658 25259 9284 72291 5638 41873 
6826 93680 90218 21028 63112 54213 28615 40720 89026 38818 17009 91607 56035 55643 56844 18165 77940 90583 56709 35685 
20222 72105 98846 4730 25200 55622 12082 44473 55454 62694 55877 53063 86608 36684 31182 20554 64114 39007 86709 57125 
70285 28701 27545 81784 83908 61465 71809 20298 92742 12433 20901 60717 67863 30517 97321 41593 2599 66012 59442 2262 
50533 14561 71388 48069 9425 89105 22049 78131 33608 90738 20846 6877 7247 54278 63073 18302 74762 49611 19959 4315 
40881 24652 98012 11100 28250 91375 44585 73607 57836 6419 85012 12828 62473 90028 1234 58688 78921 20221 61358 33059 
22204 34745 52355 79816 53055 19804 51698 48272 52865 37495 8456 69642 40375 32695 67029 48523 15867 5704 84153 86357 
43168 82129 4303 55229 3240 57832 70740 67992 57892 15491 13743 86103 915 76091 78456 27170 98732 29488 38506 26094 
63157 14438 38666 48606 62035 81864 92236 81883 12625 16892 76886 76278 36402 75845 37782 64507 28390 61669 45731 7905 
777 83139 59726 77175 29706 36317 55578 12337 60887 55180 76042 49586 43758 8627 87325 91650 92356 89422 88582 95481 
28004 78755 18370 56751 42018 47937 25811 48190 57233 45495 43193 53952 43006 74543 94449 42893 53962 1696 63362 26818 
95358 85863 94979 485 49812 65730 53990 15259 26656 59077 36355 71320 68742 44995 24256 5789 2917 84026 32407 7920 
31614 80384 19805 83491 53945 82124 54745 87697 8658 70574 29110 67196 35686 19570 23941 66507 40635 97199 11066 41097 
23956 35466 92755 1377 43952 45033 46826 2469 32115 83141 58446 32537 41370 88795 6878 79817 38438 15797 8641 34836 
88270 66102 70751 39456 54941 94054 3003 27346 20816 35003 20105 97858 51653 94929 74486 37039 50220 90774 19070 10173 
6355 44525 30193 96292 20587 81244 25793 2369 50655 56933 5779 90928 64828 83300 86778 13475 33243 11180 8500 73543 
15051 72153 88516 30411 48474 84536 29006 50241 72987 10192 67833 32484 82290 95026 37727 6782 67478 52567 71576 75845 
53916 74787 71162 76895 79978 28462 13391 40064 32540 2691 44568 75807 23887 96161 68199 39490 69386 24370 87667 31766 
62704 60559 19248 26763 82833 79895 83903 93235 62024 52758 79589 83232 33249 1317 81548 99435 1256 41573 20364 69494 
87969 24919 99912 14162 91458 70469 78502 85195 91840 47194 31837 41697 78584 44125 43663 44300 57382 15923 83199 17531 
31578 6526 33385 91249 2641 1078 22998 64529 63254 46296 20190 94740 98186 57016 68688 68429 11089 84474 76320 18430 
90485 23098 78762 43101 85368 89968 46787 39002 52659 83647 46770 93009 65551 31792 17865 66209 16312 50798 6729 64081 
59518 88190 78123 34042 16215 79462 85311 44169 45509 86729 96598 49203 19299 10676 56059 14828 88136 89607 318 89192 
65668 84476 93031 9891 2389 42095 67520 97949 85550 3170 66105 34161 35415 60062 13773 62533 4051 93912 77294 46493 
98396 78485 15638 23717 18731 6660 6805 23196 22746 23129 78356 14887 9883 45166 6614 68497 859 77522 6038 704 
86099 95544 36293 62041 40009 12936 52288 34474 74276 58532 53740 64982 49231 74322 49587 6166 673 81635 99359 34963 
70821 49948 46775 81244 74435 65483 95914 59528 51026 41291 5367 35524 76324 69791 77234 97435 30199 35032 77950 51965 
81971 67285 1011 95604 77320 36595 73118 23226 34102 68142 38201 86576 43855 43988 74475 73128 99117 88846 1596 84721 
53434 51359 90046 71813 25059 61408 44054 42098 36472 86792 26497 2513 68436 55573 38392 8964 49114 28280 24602 40206 
70734 32248 82131 10794 16222 77416 68018 44977 64144 86607 3713 5471 86684 75958 20549 32576 1529 72845 98183 30157 
64845 17397 79861 16123 41699 87664 91790 79890 56872 74846 31473 70334 87428 21844 76946 81767 89459 102 3803 1369 
60511 94873 88032 40071 34959 95026 11054 92282 53224 18678 41565 46355 25191 26465 72663 15599 81891 46118 94834 79442 
82802 58005 57292 67005 63381 1021 65912 1389 43289 67631 61885 55477 37271 13657 29663 51084 52637 83389 99238 7112 
43238 30664 80716 64603 44455 55925 55052 2441 61678 27351 40624 50000 54972 7629 60753 89602 14518 34228 33431 58034 
31402 65031 79064 91273 2461 7277 95484 48742 72755 55051 26157 49143 62079 42893 73421 21833 6256 37948 75555 17266 
78064 77023 74337 80602 99141 98577 49433 74005 76145 94326 10390 75259 99180 16894 41456 17106 17037 31855 36887 65777 
68662 45334 70783 83779 12421 4215 7899 23023 15809 26974 60705 92354 21004 18078 39105 5783 84968 45688 91559 28000 
88878 9546 99237 19400 73143 79735 85461 12162 88537 85804 66110 64356 10826 54110 16336 40244 46596 92510 40271 73270 
23848 85177 25549 440 58601 69929 84494 75115 43781 3697 92529 93533 236 56106 63353 24111 10168 34199 62549 72544 
36021 3512 74206 90110 9431 21678 71288 11857 71797 31876 59244 14076 78468 62892 80935 19992 56499 35933 55193 37980 
15963 30091 24234 9513 77777 30140 47017 8994 77995 97364 98987 66327 3435 45050 92146 17827 43867 8773 62593 62837 
59332 800 90000 46244 62937 13368 36467 85863 24738 41579 66677 58604 10315 88096 32605 90173 78310 51823 10965 42140 
11578 32256 70671 12589 55114 91250 31396 33377 88889 33569 18807 75756 13341 16286 36161 48728 7501 8119 97625 5109 
1408 5755 36710 59813 14777 61316 60135 17444 1708 97503 22899 45457 87269 17914 59419 93761 35798 86113 70240 20770 
52009 96721 49786 56841 24846 60263 71825 8445 14130 27035 20721 60824 1597 543 14700 10520 46095 242 97935 62372 
89943 80110 36629 81729 32391 30145 86559 16286 58878 84592 30431 71970 58863 41663 18871 19741 77015 17178 9501 43426 
68721 27366 64639 65021 62694 92803 93860 52811 88656 2139 28419 80108 59377 90188 4422 11422 68739 77584 68401 93755 
99594 45087 48298 12715 87642 2964 84712 38007 84454 45607 45081 39541 39288 30928 86933 88672 81948 12096 7716 24053 
83151 60631 57088 74376 16141 1279 26692 77309 91477 40220 57264 91811 40793 5579 25307 53701 86704 87301 35559 65176 
45885 7133 89579 91433 12929 57587 9740 29931 26038 62583 9457 80791 31357 37807 24059 22050 18233 98127 34884 61447 
3687 1035 69176 52480 72360 28833 73076 6466 30389 45112 68861 34436 44338 67071 40066 32669 29629 25653 8333 5592 
19416 88209 35608 28528 37271 27754 4710 40228 93737 17898 36051 32149 88941 39674 10602 61165 56664 28618 19 38117 
47153 99227 38977 66334 33757 68545 2182 59255 95285 47247 53376 72482 29005 17084 52540 18074 75226 47834 41374 5172 
8385 14242 77152 52445 77331 59662 89241 17394 23338 56739 54625 15104 56319 50678 98889 88657 13565 86676 73559 26252 
2433 93189 54093 82939 3329 21335 804 85615 96972 91814 61525 35483 86628 72202 62772 11128 84754 37222 50803 32151 
78781 79354 72523 58878 6725 92809 96549 45245 87040 20901 5780 40377 89769 50250 66024 5465 59304 72216 19680 81074 
3572 72919 53989 75828 57697 10720 52141 44879 48261 68424 62030 7219 20623 54532 20633 68867 59216 13423 19149 87405 
21112 78277 40750 25712 90233 99237 61839 57712 20841 81145 85632 42817 77998 71791 4674 12298 19955 82107 44780 20784 
69875 51407 19703 76326 4761 23439 2056 57323 84491 32192 13757 67729 89986 97523 85138 96255 1806 85424 18063 66814 
7733 76430 4029 74122 47311 80002 68595 72241 27647 23875 99364 4717 7778 37368 41097 68742 66037 51473 25433 97582 
53497 88282 42392 56958 71482 37080 86201 52892 33390 72002 13551 1626 49386 90266 25646 87725 43386 15887 36636 31363 
33740 45365 3391 8822 89449 84022 34348 32059 80624 72144 59403 38109 5363 98439 43042 33676 86772 66108 34820 688 
76003 23708 19521 48395 24491 81420 19027 79100 41913 46787 11643 91829 93004 1953 73453 33104 56075 37383 12442 90914 
44233 5260 35429 2989 37436 67922 57725 13141 81958 8607 40334 74511 59937 73458 39172 93548 39019 54712 81115 81284 
51233 18823 46656 32422 10316 44486 95442 13085 45012 5156 6232 89228 78541 2207 65305 47350 54153 96238 44756 59820 
42179 63523 62164 76704 77669 92206 25371 63395 3201 67490 74180 8004 90340 22670 38542 29701 22243 42822 33186 99400 
65694 44972 91093 19705 15615 92480 42234 10083 2815 84407 6744 63397 31477 42775 97136 58328 36194 71381 85761 33127 
35958 95065 17091 18788 81487 88578 72920 97297 72539 81983 77032 16491 86611 68571 72161 99019 88827 54711 56593 45857 
46455 1827 27154 63278 81276 20467 64044 23307 69474 78980 30714 92723 92662 69678 40729 58886 29350 30873 125 63596 
37007 61988 9533 4551 53588 39101 67125 27636 34360 78076 19619 8341 80550 89885 49548 85265 15489 64819 30426 43543 
77702 79536 41320 19974 20358 81024 57288 69889 28284 8245 46377 27143 28820 92030 11093 78394 46089 54793 17613 62746 
90954 61672 66558 7494 16402 14280 38437 75411 21624 54310 71794 80842 75367 68189 34125 96956 11958 34217 9820 26453 
58736 60455 23382 88247 12742 50507 23158 93913 75668 66190 79415 21889 83285 12539 54264 9815 30113 78469 58466 48669 
77227 895 40471 68496 55271 49927 83735 84900 36594 34113 43929 57195 82182 47351 46182 47431 78080 55491 86569 7132 
98117 41922 92618 13179 27927 38176 11298 10037 5164 10153 86515 7754 54919 11364 23845 15791 61350 27281 26090 42526 
6773 27054 27086 26922 27844 75184 33357 66620 31412 47131 48337 13877 78632 54563 57534 34057 12087 18992 71614 97102 
54079 60190 52993 14625 44953 39656 66133 83016 63961 79282 35683 13653 62124 93326 36194 78675 15748 41313 47636 32380 
61521 93973 8363 98130 48922 41985 39238 58799 19258 15706 12043 78085 79781 12387 64755 83491 72450 52985 28259 17223 
81800 73210 94313 71719 9070 21389 6247 88412 95905 12294 13654 97985 61925 89478 23717 7088 76913 72707 2234 45870 
27654 21455 22065 47721 94287 27444 24604 61650 29537 40237 73430 69379 95428 45873 71619 47084 6675 59777 49850 41688 
10360 85148 462 76235 85183 29412 23274 75355 41872 16311 62879 7073 17737 16671 88246 53699 52753 89526 27182 72290 
91312 69371 66453 99203 29150 52894 83673 22109 84054 61632 46087 96008 36157 33309 10743 11097 8713 57699 96023 24508 
35600 63937 82786 72198 76867 76502 51392 15800 90944 22198 78424 29030 44090 51886 74884 2779 74046 14642 60312 50034 
6914 27216 54305 10714 6194 43051 10968 91944 82265 51892 98336 28610 80799 17824 66764 53485 78387 75774 21713 31962 
93518 18345 90692 24431 18474 62463 30924 11302 2691 5658 51996 61370 44207 23837 37585 78569 43016 25536 63367 85422 
5438 40160 89540 16291 84436 10715 82652 67987 8266 93665 11881 45100 44396 26959 12154 46111 50423 55140 88239 90530 
12994 25871 7445 34484 31921 18757 3901 69225 51080 60514 73427 39502 51309 96919 96879 3104 14550 71803 2284 97468 
85643 10650 592 22651 14377 33526 81521 86559 97857 17764 67609 94564 11249 67245 4410 88813 39550 32370 55623 45054 
47031 62266 67730 81097 21103 31400 41180 53276 82488 19537 88715 8904 95529 97117 77859 11445 66344 49374 61211 61249 
53736 73789 41047 10538 18896 56747 31851 9334 97003 8477 3912 45101 89532 46111 64984 27816 80743 6163 71346 93004 
34050 9126 29272 98813 52733 5296 96216 8434 86902 14914 69698 95377 90341 49453 25202 49976 72246 51846 63633 54176 
28343 29015 86281 85449 74899 99849 20295 16264 79038 96572 80543 68302 5426 69585 72080 97437 62161 48148 49189 78391 
83073 5442 58912 59144 38032 87604 77462 10013 80866 7318 41953 16625 36221 53560 3515 55491 59383 39079 63257 59473 
95433 25424 85420 76084 57239 15480 75684 28101 8844 63352 99469 95230 27718 67237 21431 11197 2160 93966 69314 40820 
78320 87537 88113 34824 54607 28189 55777 19467 95708 47494 33962 78036 69715 82110 93783 15673 9962 45341 78523 79792 
46598 28275 9604 91954 6495 74603 88107 56979 22238 28241 38059 55922 69394 85287 39106 4564 17013 40850 65466 29987 
36694 28015 50672 11700 36914 3433 46156 75728 60080 74324 94973 24034 13786 11354 98080 12489 21785 63296 71565 53064 
55791 76355 18391 24372 42723 99532 46770 26286 55194 21736 99254 79422 10100 60636 24101 18137 30686 36345 43191 28106 
86734 42667 52981 82824 36859 34013 35717 56057 49474 76649 13632 26399 80123 56657 22754 78870 55555 95377 89275 19971 
26801 68444 71660 55032 76628 22410 81614 63035 29726 64965 90016 21940 9545 44936 47407 3030 36642 33781 91819 63870 
28353 50242 38193 23449 94407 31621 66359 70506 86521 47316 85614 47264 57439 62206 39542 56307 83494 51980 21959 83888 
96996 81675 21205 6383 90851 97220 75382 17062 81966 62296 82816 22716 13241 31008 83625 41632 77526 26551 92284 52944 
30979 53816 81990 14978 3414 84570 91614 24297 1172 24938 55558 85549 37640 71210 20959 67043 37794 27732 82157 88282 
75618 84504 97595 46074 87685 13155 67619 90664 81448 94201 65573 45829 42632 19085 43818 85831 77576 65587 12769 38384 
31354 38518 15775 71662 87558 3591 34763 45000 73193 64935 53759 15708 33705 12749 22735 12559 26894 19384 66803 93148 
18178 72938 89162 70676 17706 22275 30498 70559 17585 65048 8243 49386 71112 31465 15304 16094 96292 99625 76261 88649 
19725 86876 84917 12612 21704 28575 71387 6256 6793 12411 17882 20290 73990 26036 42716 87726 60631 64745 13611 38135 
35990 39149 89079 26185 23940 59314 97882 13307 62318 56552 28227 90729 15076 57193 15524 17441 26963 42031 36391 87408 
28077 76123 33566 77734 12011 41900 18950 43109 8370 4735 77906 47795 31840 91510 68744 54785 56137 99213 75549 28300 
65276 73220 9169 22960 2581 46681 55864 78623 82659 98250 57914 91955 35079 64865 23939 2160 91224 48025 53286 6104 
93190 70127 52218 34387 200 77439 94105 13055 62227 67089 47774 25474 1887 57139 50129 64134 4118 52385 93841 49983 
66050 35012 7079 37092 60523 8895 89145 56721 764 12850 53605 65406 44972 9902 39275 91188 89732 388 14490 8782 
48770 91334 41332 72734 16218 58016 23632 52752 3727 80525 39672 6110 64265 76719 92352 15234 18985 39264 74453 99397 
32392 74827 12479 53305 80655 58910 45870 32992 6856 83386 71650 44711 2866 12305 10300 24505 95791 83186 69359 84445 
26952 24334 14762 19646 98298 52378 33236 34429 10170 68854 10129 52798 8684 45895 68179 1922 65808 68296 1030 75793 
32782 43529 52139 46892 30351 49206 92044 55642 40308 50376 98917 6968 20039 30082 56294 47653 65843 50011 94555 58051 
22192 79385 43263 57776 73747 28700 21204 81282 44229 73572 52847 66753 97976 57551 49732 82187 40855 68450 98952 9471 
80147 24982 46033 97806 11387 36263 12089 1640 80164 8551 39341 28777 20314 2396 84370 77151 37044 59528 50905 80290 
26188 77059 58930 14664 69494 90000 1136 12129 26912 43740 17482 85847 94407 92069 82375 66311 70237 60540 26845 42767 
89985 8331 77526 43141 97884 44016 51192 10214 95834 91926 52404 4774 28599 8396 87704 5922 22723 77282 34339 65516 
76444 95902 15998 56835 16561 64186 19212 22365 25871 86817 21243 95912 8877 36896 57591 32101 23588 41539 27275 81708 
45934 49523 8820 21051 52109 58997 21592 50555 61202 96055 22862 44732 19731 67896 97730 71093 88364 13040 96458 72191 
97544 73095 73302 88921 9590 15567 83588 70463 77858 74658 77294 17213 60231 89551 70325 3056 85762 21514 71042 97668 
45177 3571 82218 72548 69332 73952 13836 72404 1341 7416 71025 56314 79693 10771 65649 75504 19624 87866 7716 30133 
99073 35468 66287 17371 4210 57277 57625 76317 56843 14129 93043 7921 22177 11070 72272 91351 70126 5603 32471 71689 
37867 66691 8652 36444 80929 18203 37644 91572 43907 82157 13068 32660 89354 77461 62610 53733 67923 24203 23582 708 
13520 98993 17875 71067 50229 91294 87894 62415 20578 84894 94900 6215 61985 82775 31997 16232 2220 31795 41254 49136 
10459 87463 9743 50831 73197 47647 77395 30826 78029 71087 61002 39177 98740 9815 45148 2238 12216 67734 71602 28469 
61086 79706 651 3591 20673 17212 23498 57026 82331 12218 12637 25823 70123 76543 42872 6937 37429 11144 17294 67253 
18430 38624 57685 89593 8231 73621 69791 85932 95923 2807 25366 3258 11793 36689 79742 32957 59662 55832 76261 78821 
22893 80769 85311 27167 32748 90823 32720 82280 10534 31937 98084 53858 87528 1237 86784 40401 28905 90348 93426 36567 
5657 43407 82230 66 53155 41100 34358 9650 60545 65517 7958 20980 37685 84334 67722 82338 81804 53482 21461 88123 
77216 62194 55455 95728 47961 81562 28326 27230 83082 57912 14396 17591 26092 49280 90569 35918 29005 5101 51523 554 
5925 43751 22756 85555 97634 93109 91978 15265 36300 98721 76393 45273 29710 47311 84072 69076 26455 74545 66488 61984 
93562 95559 14040 90650 15058 19231 6863 23435 81502 9942 60875 82919 14559 70273 25390 64703 24364 10824 35223 60074 
80274 23542 18515 76420 78692 63870 33366 21521 95287 52699 18031 89860 65392 56145 86402 61135 64651 73197 63282 92301 
57286 934 66041 66030 69312 13675 34568 91155 92966 58172 12184 588 39591 15278 88852 69268 90064 27234 80299 79008 
12110 16174 96051 54059 26298 90630 12879 89005 77816 48228 95088 57926 69844 71530 56344 17674 88144 4915 94614 83652 
94161 79605 42980 67641 1956 50321 91440 3737 67851 78143 64087 17838 46629 37463 7496 91040 21641 52805 55976 36422 
61935 82949 5021 44081 24839 54115 92092 75170 87930 14453 89039 26285 67864 47676 65119 25236 81633 46867 90153 9527 
14293 90249 30491 67702 11705 37447 23836 55189 30212 91439 35807 80666 68 94189 87513 17508 20777 97287 32382 77295 
66945 58470 65840 96739 60942 69031 20780 36252 16496 24076 52627 14693 71252 70133 13725 85047 70449 69555 72017 52310 
72379 82669 60916 47764 93115 42089 52044 25195 28715 63326 1277 67299 31495 19591 48635 12326 29393 71834 77418 16993 
61115 28728 99318 13725 79254 89137 30539 25252 47747 48746 9418 51227 39071 11976 82303 89676 12226 71299 79373 57118 
47313 23032 83010 52024 775 50604 99958 14083 40381 70507 47978 87376 60846 79161 2273 86205 15239 96791 47141 66028 
17770 72504 97389 52883 61811 36852 88265 57839 86935 59341 82148 35975 72149 11176 77288 48208 69352 65724 70397 68640 
80864 1035 79667 93874 95008 17137 24261 72785 47948 52592 33937 64831 44615 78410 93980 2353 44020 34257 8981 28521 
17002 73672 82274 5443 32116 76713 26695 82277 1790 87887 48585 70320 79561 33584 44937 3744 79333 74394 42816 53060 
50270 88074 79640 64891 25879 91108 83083 7044 79454 1810 75390 16287 55207 98085 52243 61515 21371 44918 50269 77323 
90553 61863 72683 47556 22034 53072 38856 74641 75316 84935 57698 56401 50973 41126 95804 16132 13724 43683 87567 97808 
10178 73348 12141 87966 40810 97377 67573 6703 79259 36454 86986 71840 37782 72097 67062 72131 41270 57487 76083 41564 
29280 14623 91526 34251 56875 28884 91595 90793 25389 1902 13577 82755 33849 9948 36170 26893 52644 59621 44934 31236 
87512 22707 85884 96067 76007 75049 78314 45774 90525 59384 59000 68356 34422 20429 25121 68005 38733 57644 74201 449 
44670 11565 97544 73567 47914 5321 199 59842 50716 52351 13133 71038 28902 2847 14332 7050 47961 63228 49931 13943 
40351 94255 7641 5652 11717 40447 88211 500 76722 95685 49051 72531 37200 31 30442 10142 45739 82753 17513 20742 
13087 34610 12829 92694 1011 1058 77733 8281 38783 5899 20661 83912 82245 69894 9465 62071 84228 40538 60487 76155 
69621 58789 5238 3895 21477 25194 22578 87309 60523 87718 7325 44488 85614 39870 13010 63470 64475 63754 84324 87601 
53864 94534 85885 56557 21251 20044 82225 68388 35047 78254 90200 82978 49670 58655 62915 33447 86301 16461 96937 17708 
25914 77273 32274 16660