61034 77572 88265 13838 51710 86958 19597 35243 7311 37473 40359 5273 94871 86030 39466 55139 25893 75774 73357 50494 
58663 63675 46167 5875 75766 6429 22663 25649 82311 54538 13892 81475 64131 74204 72362 21147 6374 11285 3072 80513 
55547 36962 90876 14188 63948 47458 81481 65404 92536 23672 70783 14300 85389 12443 4397 10633 836 66241 18340 55960 
20515 24570 27554 56124 57631 97138 86858 28879 99938 62299 80086 61499 58808 30830 77302 96583 91244 34644 41309 45649 
91504 25058 50672 52675 7636 7098 64264 87866 12560 46548 87211 63461 61712 37338 75081 73320 47386 9278 10805 54416 
86943 9082 62425 56334 16163 70953 97447 52564 60831 29954 8232 33652 14863 41535 20738 44902 83765 31826 98304 71521 
85091 45526 25753 69348 74357 54677 6900 4901 76658 94226 82312 39401 98054 59247 38631 4476 38713 33678 83086 64033 
2223 89234 93359 77769 86639 94521 48660 51274 87597 57431 59868 62930 29697 96198 4667 40492 92550 38153 12114 59673 
54265 21011 32842 25796 61817 85763 89216 84172 88027 86579 43807 34398 56763 99471 45830 86838 59250 21981 9582 10431 
22592 54121 12067 78190 18636 79391 90235 62703 5449 84737 64064 2001 29254 17348 95692 9880 2045 31524 41885 27316 
89743 31696 179 3805 32191 49576 15961 74589 11143 11831 81592 9761 66305 12356 75749 9346 27993 70490 15341 44166 
5645 3281 13584 90029 40132 4211 3627 7906 77125 27935 40914 46251 80383 75075 61710 70953 30405 23618 4631 51388 
41482 10906 98514 54731 71014 27166 57158 14366 38832 83647 74289 74937 81884 41188 34048 29359 67567 55020 49826 51011 
46259 80349 7832 46646 15833 67570 51062 76942 22938 39755 21764 70040 90383 37562 7206 46493 32474 4003 94645 72223 
92531 36310 7697 57049 43785 73608 30186 68106 50804 62239 64951 5252 28939 13621 89296 79288 13041 36731 23 22681 
88772 62933 41946 43270 7514 5053 28260 39302 79619 30682 68950 39805 96179 76012 70770 1540 96154 56313 33921 96541 
34487 44675 65769 83081 64386 14087 20622 50980 18177 79086 67397 83526 48560 3726 44774 80057 97558 72894 32065 14465 
5426 92591 75588 49592 3876 87016 29460 33931 77876 41110 99185 25918 49635 97397 36002 52980 2048 91202 41301 87837 
91911 89589 39495 57485 23361 61373 3648 31471 22267 14220 12636 34098 56565 29640 6905 9157 34632 59235 77844 42264 
50403 54910 37664 96273 54596 95836 65246 18802 54254 97795 99200 9002 23761 91905 93008 26748 57184 55555 94519 1445 
71148 16771 31143 76198 88552 1267 82733 41430 6595 4410 10342 20116 66922 68309 15718 39027 7532 42514 79673 94660 
58169 23898 71533 12308 63573 30199 24372 85381 94017 2378 55675 58786 61782 67282 62429 22565 44465 14920 95956 53756 
94403 15846 99058 3483 26329 22600 51772 41611 25861 54469 11688 11693 56863 6131 34095 83846 41617 37433 30656 7306 
72605 3451 64888 24998 70929 66870 97747 79358 10052 3021 1453 80311 51563 78021 90755 25 94404 89347 26185 69522 
98948 58086 31796 98652 43614 26766 98553 59917 97566 24707 83902 45232 78318 92632 56725 49865 84418 43316 85699 61346 
78902 49947 84729 82878 20731 71064 84598 52617 12393 99248 56400 14723 41670 32891 19417 53911 955 28335 62794 21151 
95486 38863 3061 5084 94057 6747 95038 41106 75195 45659 45495 35766 83145 27041 36091 11514 44250 35979 64756 19610 
8028 87480 44110 50192 36462 19284 36360 66970 97739 66619 37589 41615 47693 62871 84177 24424 13483 13983 83019 911 
78438 57399 40138 16403 34224 7215 4530 96616 76044 59070 27233 38096 7419 51387 39016 10796 40570 80866 50107 7021 
50962 79181 88919 56605 38119 35779 41636 80290 50669 82331 58002 35263 30032 32462 75852 79426 15711 11929 70619 3468 
45089 44077 75061 41703 87203 35500 61133 45111 46566 8971 8447 34047 89077 30102 94446 85437 41049 66756 67240 87545 
1204 62654 32081 43170 2115 36298 4900 29471 24019 8188 20838 91265 4162 65695 45529 50528 51929 12821 28804 17912 
56776 33114 53062 6567 58318 59394 88686 24223 15029 76939 78593 24039 72767 3569 93129 24767 91116 34083 24668 38778 
12462 43150 46166 85895 97540 32528 27517 50819 89520 58230 69623 91856 86624 8840 97928 31028 68350 92527 49294 28862 
67799 40622 58361 190 42801 5282 54246 50222 38071 97534 50560 85261 80609 77430 36853 43726 60067 50133 75658 11575 
76313 9880 23577 16382 41438 87152 44070 23934 16145 8554 34213 57145 82914 75968 31546 14939 63929 64796 36651 20525 
66238 58820 60802 25816 56111 77765 41905 91338 10839 74797 65895 26114 49315 28382 4753 79697 51749 61337 72610 15622 
484 3557 95151 1075 41733 35057 87539 56133 64277 89656 25348 48661 75319 7456 28554 95518 35302 13588 414 96670 
18675 83496 96573 4033 1074 22228 68748 92329 92926 33196 87634 77653 52521 37041 58025 64832 82761 46090 37578 89888 
3380 11317 47371 35276 63843 20792 88096 15091 13661 96880 83663 86574 56990 83276 41792 15101 30900 8831 87329 22902 
22855 18853 75196 80965 8262 51916 52759 8589 83308 14470 3514 91769 93431 94014 47144 16031 35135 15750 12667 24277 
15493 1575 52130 74026 73510 50304 52903 91798 53918 90514 15324 27661 95708 73955 71697 75043 43210 47853 20926 75815 
38058 27355 6758 42603 38269 8023 70941 38662 80129 31558 88558 26082 48673 1903 18062 31747 71115 94856 60957 99869 
82552 68696 56510 45674 4613 71943 13177 65245 38040 6500 64491 86417 35628 41438 50709 93070 53820 55391 37606 73898 
95066 20246 79116 3004 96445 76810 63373 48538 14396 18138 89478 67543 63247 43487 92148 9534 35639 74750 69653 5915 
22537 21367 18462 86417 83324 1145 76418 76828 90181 89623 18362 45229 76050 84228 55434 8934 23417 22430 38749 45481 
41702 22032 81665 28838 34303 18868 22001 24360 42421 32219 9046 18620 96656 36526 91628 66085 54235 37464 38669 95038 
62099 87834 38089 92525 45871 19031 19568 97808 53821 41527 77669 12694 19395 83690 37913 92918 68518 39348 94971 75758 
53834 917 8337 15299 40688 33035 55530 21111 82538 48487 93149 73766 67641 25119 88314 27541 60294 40949 43125 33579 
53101 30104 18575 43785 6837 58702 67776 62768 45201 34835 38717 3476 53617 64699 83450 43928 83454 97210 63700 44420 
54171 60586 77052 30608 53065 93129 86016 25895 60102 19831 63172 6968 81768 544 55439 39536 25753 73493 73966 90787 
33956 96983 3258 17508 68696 36844 1559 66057 5667 71840 21750 61024 37460 9129 38609 38547 3714 45215 3699 83968 
10852 72454 42209 17422 39107 42371 80388 98432 99881 11045 69512 99775 32184 85474 27891 93358 26845 15259 1277 67727 
50023 43170 20323 6992 68681 48525 24848 23366 18947 34464 63991 87924 42310 98856 20669 48374 16972 57351 46470 73806 
28575 83248 97382 13895 14343 57534 24708 20621 1313 5758 70912 29218 20377 59512 72822 158 64097 57460 29123 60923 
23941 40491 24621 72013 62120 52288 87411 34680 43435 53957 57698 58262 1127 10060 83254 41547 24076 86950 34134 44221 
84353 49727 45462 39051 22865 20850 78156 30596 89540 38248 7763 43186 79027 78239 92720 53770 42186 3445 40120 85526 
50003 18790 3572 34719 71998 47463 55549 57339 99821 71080 70091 58945 88141 6375 99528 4640 58281 64853 99155 67169 
80808 81804 96919 44128 52849 57719 67323 93711 33210 51788 1533 37334 15207 71703 47850 38642 28060 11365 60784 73806 
83727 62608 64146 47948 85486 12423 96767 7199 45530 75184 41642 10828 8141 67164 22874 30039 39139 74458 35541 18447 
22375 4175 66010 97360 42632 35711 48306 27325 89817 23337 19218 47442 50586 64935 26245 7159 26611 63772 73107 28954 
55911 18825 62654 37011 91509 77946 47778 21006 2105 39997 86070 22216 59620 27568 21037 95550 7059 39300 55090 36026 
4611 14467 27137 63607 68744 79264 50519 94536 22683 58510 38671 62439 70199 48751 90189 9131 73441 61598 49271 32025 
41077 91813 60266 29220 40534 4243 66503 24477 32436 73957 53558 14188 14263 78014 37247 82704 34961 37068 51142 76082 
18902 48429 99975 27306 68311 57351 61229 21625 42690 59514 84229 89614 94645 18936 98841 83070 66108 12379 8884 38852 
73175 30178 61345 48508 47289 42348 72237 22187 22545 24692 8054 18450 93889 43622 3458 34010 17418 57362 44347 49287 
39778 66461 48581 33302 77528 42641 50455 99651 99537 60481 23634 80921 19024 40017 91658 93059 63814 3553 5576 42893 
46482 66366 91440 94404 48642 58192 34501 3696 43942 29662 7530 63991 37712 33900 83410 98258 32594 48052 62463 22746 
89012 44541 73373 38496 27624 14189 62545 97122 38564 67468 35042 44230 52704 50666 69093 97031 27016 780 86459 24098 
1390 6819 70592 57715 93732 5250 79742 74522 75170 35605 84856 75692 47134 86010 78172 31485 64521 80494 21082 77904 
18265 62229 15233 74567 35226 64087 57334 39866 31408 41435 90417 34680 62515 74802 195 46412 62732 68074 13527 85224 
30756 36909 91566 21004 20649 3368 90342 41907 49147 57238 97451 53129 57568 87231 91060 53098 66562 81532 30473 79234 
48233 23286 71912 99094 80354 13064 92072 28886 57382 2985 6269 63140 27224 83055 93250 2556 95081 53642 88717 48067 
8263 14492 16966 56352 51112 19104 79360 79941 80334 1739 46852 11642 33392 50559 46630 93401 38370 61053 95852 15653 
56434 71240 91500 11001 64316 42558 40455 17479 62724 31866 99169 50920 46227 46008 1582 39102 98044 40631 78444 46840 
56313 88332 71264 52953 64478 10541 16123 43783 39916 25686 37954 72358 59727 1633 17764 97985 80676 46961 42629 24511 
25533 2661 21138 93714 36196 15477 78023 1820 97879 29289 23164 71322 41555 7099 89612 81738 31246 20576 15973 71767 
54184 90918 62751 73623 80521 53918 70939 39956 82099 72590 90978 41644 37026 3242 7365 49478 65997 40419 91484 38605 
78819 3940 67902 85380 90057 17601 57763 15714 33253 82037 66593 94567 50178 3493 9607 33620 71034 65439 43921 99792 
53826 63885 48480 45000 3429 75929 63105 10054 91447 85624 47705 99868 57415 93344 79867 4547 11553 98828 15687 11934 
97054 2394 19936 24702 8912 74252 83859 20119 34015 66031 41746 90168 50155 94185 41141 19179 86015 88172 20281 86008 
44330 94223 1043 4017 44162 14094 95533 56737 27963 93965 76226 13525 16668 29909 51906 38210 91019 69117 98864 72220 
43168 483 17988 29024 27648 48962 92046 81880 51806 30785 58086 5484 61322 82234 54826 67058 4793 97359 63039 26673 
12020 48789 65667 22800 27086 61627 12839 12548 42149 64322 52446 25901 27874 27510 11360 48803 58278 81730 97102 73461 
49825 76734 36341 72636 5383 89852 72493 70341 29676 19808 36859 70963 95722 69152 22867 91350 47110 12707 45427 76155 
29439 66974 85284 16302 37202 55880 73174 71845 94424 89781 76172 47755 33095 20726 13139 14117 81148 74485 52323 70581 
72381 75098 80162 40505 77063 12540 93218 3893 9164 56434 1141 35956 77940 86376 46705 55215 81686 94860 24569 63901 
81197 43476 57655 87365 35760 28076 34796 85169 18431 87493 10339 58896 69400 36059 97716 6137 18312 20464 78549 87386 
82796 66001 72803 67834 75933 97645 47679 93563 94837 12251 88499 15980 31490 92323 35832 9348 55519 64352 26180 39403 
52347 25275 64623 2545 7307 6125 87357 21197 80406 36221 68404 2991 44685 2636 50003 36337 55877 42613 29461 21262 
56329 98497 75841 4316 18785 27203 37316 71051 53343 9960 64224 55579 79802 42324 41281 46563 92793 1932 32847 71220 
62365 76966 54211 65941 82799 27228 68916 50412 55093 58235 81602 68173 86226 87053 13668 54307 54003 19403 25061 63704 
85478 17687 38331 92863 28678 52105 57491 71127 21449 57729 44892 87522 1173 77685 97857 67380 47055 9603 68890 61843 
79048 9671 91707 39808 90010 67368 46752 44767 47913 64479 6240 8780 63593 79512 10054 40895 62973 73814 74874 566 
742 4023 65267 34435 52330 51643 23603 42794 69338 26089 5600 75369 93068 45667 4121 29785 47696 81089 72979 91795 
60215 5532 58568 52991 98516 87698 92274 33574 65398 93925 78653 3330 93466 89783 29971 11731 93043 47087 48316 50689 
94813 76458 540 74552 40997 12511 10364 15741 53755 8242 25047 32514 20695 45243 82217 92997 45161 67325 30256 84594 
55940 24908 18879 54451 93639 65372 25076 41564 54787 98682 24161 24805 31282 16128 79688 10626 94905 38993 75446 72415 
1104 39275 72585 18006 64014 2090 18885 33970 33655 482 53523 86695 23102 13966 85695 67232 85077 76457 61143 46260 
18941 96937 8752 60929 98979 7736 13297 58409 29110 90808 58111 65592 5056 61410 86644 3496 23081 93152 63850 53532 
12521 89306 26986 5718 55879 62414 97982 98306 16296 37768 89043 37587 14833 14545 82982 15068 20137 23179 82681 70395 
38751 98560 50872 14520 95680 3897 8525 96438 71287 9793 39939 37359 40237 56750 48547 65336 99290 8553 52987 46264 
63328 82604 39565 29459 16072 66806 71952 74058 87257 43298 21166 60105 82664 66100 81366 21699 23146 62373 32292 42272 
15064 71244 42771 9302 64500 99696 86400 26569 75428 56412 73262 37130 54941 32648 85723 5190 58005 50682 37931 72732 
71153 81073 84660 48386 70804 65928 44367 22460 96294 6455 67255 16796 19206 6268 96592 92738 49866 55437 19746 6689 
25457 57106 44143 3407 61430 27422 82770 92079 72567 31429 27729 37452 91607 78111 31586 38975 51637 39275 16858 50604 
58509 28628 76321 42719 47312 77512 67909 4250 82242 58334 73139 68558 30606 36070 5483 74317 24083 22752 17429 4023 
9054 45691 5570 35760 6058 86817 59402 54400 30591 69780 60296 61661 21178 52010 5194 77605 45846 71775 5812 56823 
92161 82884 67705 62823 29752 72905 1340 73091 18630 54100 21360 42780 47941 76502 24291 28043 98746 12380 85701 76793 
50643 26624 87218 99166 47939 52447 90041 23407 18985 92518 61827 79260 46660 28260 49919 13602 16016 37967 19125 87629 
72862 52802 58617 40287 87133 20418 9000 25322 23076 43054 37196 65143 79630 81269 4181 88983 58667 42114 29045 34344 
98383 96561 98623 20769 97784 40587 88556 57020 40809 8531 11046 21249 72142 51530 12559 21804 83448 2206 43843 24701 
57942 88948 10256 47880 35343 39719 10799 19699 70794 5263 8092 70698 38931 43877 43043 36573 32273 74059 13972 52800 
23845 17347 7629 32897 89523 83105 60242 88386 80002 41217 41665 37467 55092 44322 85393 81034 79523 64492 18561 97150 
25135 3727 17295 99669 85105 53763 52348 93878 83111 78934 22972 54358 81483 64679 10932 30487 79403 3730 70598 66257 
64488 43586 57212 46154 432 12320 78096 33034 36155 63424 17500 98486 70793 88498 54248 96066 38941 74098 73450 83230 
15297 14891 50334 68043 87980 78830 55477 26742 36232 47415 3577 78122 97259 70472 72361 65121 28581 88420 43617 8115 
16490 38588 49177 76029 12827 5404 47704 22641 87745 97414 80168 28498 59998 93873 59840 35656 65953 51022 177 2089 
27618 80472 8740 43561 37703 67326 19670 5755 26987 6300 4622 47686 44027 80340 89670 22856 67701 93384 16665 37242 
41681 60492 87374 99616 49883 80895 48062 906 34096 56578 36693 16570 14222 62846 97841 60916 86508 23120 94048 34321 
4176 18110 59750 56807 86210 7982 38883 88148 54534 65990 98595 82201 95878 79902 21420 23962 38054 91736 56770 15228 
193 50463 53119 50538 24931 69095 3380 99139 4475 98868 91866 56154 61036 37139 12423 59950 48268 55558 95527 16450 
10215 82876 39997 8804 5033 24975 18777 51811 58597 45989 60270 38399 6165 86964 54536 96991 64900 32283 40743 90259 
31148 13051 46461 95134 53197 14880 31882 44036 22467 31224 24920 74536 51204 17992 42643 48792 39473 70201 86581 82577 
54633 16989 61375 43311 47988 227 22812 9647 54527 82742 53664 72247 44755 36795 18033 23837 2529 53554 47945 65963 
77757 54357 12471 64343 70044 20387 72168 58747 21119 1151 99234 93839 26266 39710 51430 88587 20675 46784 60217 73079 
28252 85395 22856 19017 73284 27230 69057 88974 53650 20413 13204 74386 40052 95805 74775 23508 81186 69093 8823 84574 
76116 75465 40828 82461 56887 85975 62876 6206 62491 73709 10121 44689 96897 85435 63193 47792 79475 62348 29317 74018 
39110 78804 63732 60755 10299 58047 15933 38948 50220 44963 87570 63639 67377 48244 18828 46316 59375 13718 26316 73079 
13351 94841 48025 80918 2004 12127 19254 86635 53469 89710 8624 70607 13940 50578 33748 8528 43184 80247 17157 31938 
72406 23565 4670 71351 57257 65986 4457 26802 14144 83573 82288 21967 83326 43958 87495 81366 39371 82701 22483 92392 
74159 60543 63942 62790 79759 6135 93146 33809 93615 37105 9418 83197 48101 95887 75795 16279 36671 11441 14774 67614 
86644 9060 84054 33747 62291 14275 18610 22384 41975 48280 49308 47514 67315 55967 38534 6558 83867 47986 38971 26767 
26454 60016 19812 18603 4871 12704 47144 68830 59998 17012 45796 34307 17575 52375 55110 33806 99235 83142 36970 95095 
29473 91214 16531 12919 21559 71639 52922 8752 72701 73250 12380 84495 34477 76366 20103 18827 32593 78501 9394 14120 
57287 93868 14712 1422 73866 64638 26837 94121 76643 74376 29547 78956 41458 2266 75070 51479 22843 45835 21780 28200 
22893 89237 91280 42028 38688 62871 65064 92205 38279 58192 91625 11456 43995 89146 85748 22147 74968 71744 66084 39476 
51917 94937 40248 98030 66845 33551 78795 83213 695 32484 95670 14076 34929 75361 84102 21759 15573 63150 8659 95871 
409 9036 15006 53659 78468 96713 69897 30304 93398 80339 34202 59364 91264 30958 89702 88447 62662 20464 92155 30211 
14700 55447 77414 50381 7025 68567 26221 5364 39316 57159 58713 57969 45609 36230 56044 84287 16939 12103 8312 76196 
79295 40243 49491 99675 16282 96388 12575 35090 49855 76748 18979 49807 4057 45584 90271 29392 9446 46397 88371 99780 
15728 8334 9414 58983 60037 62822 83069 63423 59328 35774 53918 54343 21384 43110 2830 46587 35180 27510 78705 79036 
33700 47679 10514 6175 77380 59072 58576 66463 63379 60526 87704 63512 44632 433 98840 41103 36603 20689 83577 77868 
60372 36649 98833 40716 45450 47955 30642 76778 37994 54426 99554 75103 74274 60747 5494 51900 27733 2842 64522 19425 
17626 40976 73025 24390 20027 27734 46917 76713 19076 23244 83515 40326 98955 74841 26985 48829 49210 59009 76251 53738 
68195 80582 85893 52744 48940 85754 87279 37111 1395 41286 52627 73698 59445 75153 39626 84610 1771 58837 67099 37959 
95489 16146 6112 6059 61470 35963 9941 44023 99041 41310 32922 98675 80019 39254 15151 78363 97484 3265 37807 31205 
78389 23543 50780 45482 58407 46693 15685 6347 95473 94265 69355 52397 37129 74523 82223 65040 94235 11148 3558 952 
939 99491 77911 58821 96534 98534 60863 23584 86219 58156 65571 93867 31069 78589 14624 12827 6579 24778 43049 19888 
17365 86802 77301 84061 49018 56472 78475 92008 10384 50824 79596 32744 19853 75181 99060 77287 66912 27165 58734 67552 
6063 97147 35634 9972 21447 82216 48082 13484 91736 35004 53924 36667 7845 63886 71865 11479 68568 8713 49972 69432 
25386 77678 99022 12051 75856 37587 36747 19882 51402 22363 7848 96919 62622 40120 11477 22498 25265 64835 60697 11063 
4697 34633 39349 36128 38249 77521 86923 47218 35286 33743 24282 44009 11808 35552 55068 66395 48256 22274 31868 30446 
89410 36317 21985 88562 226 11102 55864 31924 19152 42494 52425 49717 82335 66782 43140 8803 17584 7547 71901 89572 
35639 9135 47807 7380 7052 97526 77100 38438 45683 937 13515 5312 60063 64670 67362 38691 7130 65185 73085 42326 
97143 50890 83928 4086 28157 81178 45001 84084 8600 38522 1128 40122 16333 14434 98648 59089 51224 58626 79888 7070 
84103 7629 19645 31499 39368 60645 23546 25978 3353 77720 85882 33533 34181 16067 25632 79946 62923 12108 79985 62897 
76424 57353 66245 29121 26674 39765 15775 18084 18395 3810 51963 38210 55167 76875 54839 87089 58102 68092 55132 96737 
60976 99899 99839 74329 19443 63328 65331 34456 50231 6842 38857 99862 22170 32787 15364 58027 26739 61591 16427 5611 
13216 93189 59799 20762 64657 84302 70173 86623 48051 98891 22678 94989 66651 65721 42876 29531 98796 51969 70196 98426 
87335 62568 2197 52525 78707 18280 61809 36392 24622 24536 91989 38822 23099 76430 7171 56644 74737 85682 66715 53476 
88970 88836 88321 28065 19187 5796 54403 48558 8817 23871 34298 66871 11388 65090 41932 4427 10504 36714 26118 8946 
55146 82107 46010 44460 27497 10925 7734 35963 29795 88077 83296 15511 89980 46564 36295 25784 58466 47751 36079 88310 
25191 26619 15750 29413 8736 57786 45726 55247 16076 10226 74597 6602 25477 27382 56795 23705 6216 68710 39728 66267 
7822 65456 48344 9006 74296 97065 52930 75601 62040 96496 3547 74484 86550 88297 72842 44625 74850 66243 46641 22592 
61481 63636 28950 58084 88721 69119 95609 31869 58746 65832 51733 38244 44503 82079 37740 73262 25353 53443 32403 48724 
51334 3726 72818 51129 57048 15504 656 65085 52962 64018 62171 73055 35520 83851 32034 90259 22250 13925 7274 90134 
36110 61775 47944 69854 23294 25142 96725 77829 44519 69786 39369 64380 27693 92934 98922 79497 56136 96973 44950 46820 
50304 29292 14192 40566 79054 1560 49468 51281 23153 4715 35527 33865 18934 8306 75792 97771 8641 66915 70438 99974 
48462 11412 78221 47653 80213 8847 62704 780 21829 38653 27384 6834 92608 34389 6992 60526 84710 31530 89539 60248 
30137 13918 8147 17325 83700 84450 82227 98552 20832 38757 47218 13036 26810 19709 51821 22857 36892 98067 34232 23816 
70753 31367 7572 89389 7509 34457 99691 42547 81573 19079 34623 4020 65167 19938 29018 46701 63904 62185 45382 70620 
83567 45495 59214 98063 25981 67395 53839 51801 9306 3238 43903 36225 51243 25576 61709 9928 35358 42918 25865 69837 
41577 61256 88285 84909 63743 62711 21709 37345 15495 87850 50553 70306 32275 53850 71409 55457 33745 70529 74892 83229 
72346 85814 59729 94433 93228 98284 95405 26878 4134 79126 67141 75022 43916 58547 87811 55958 35771 69023 50419 31523 
50263 80783 3736 81737 35602 99487 30582 88609 73858 42274 17950 20194 48344 51489 31897 10174 15940 80964 83965 69368 
93953 13665 11804 20875 52907 25190 16331 39695 17687 70428 92435 75584 57402 96372 89479 43416 53291 89856 24407 36237 
55356 54695 3198 36441 85827 79878 56984 2404 5462 14846 25139 19768 43931 26289 69991 52263 99944 73072 69515 77533 
28212 42213 31008 41543 11741 57630 79764 8636 42439 87830 38312 81926 40172 26224 66073 51158 23536 92080 98570 72640 
63580 67228 30191 33462 56908 85850 60430 42124 5872 86825 97485 84372 77536 94529 81040 99835 5361 99892 87214 46495 
40600 42430 35966 80196 43678 81953 49973 74467 19500 49431 22287 32232 75147 75127 13947 94301 86966 53735 99827 412 
80498 64265 12195 82547 31443 73703 24318 60828 49784 24468 91068 6314 5513 2969 26654 2819 64415 77410 13886 49117 
65376 52348 68148 15250 35917 39115 50133 93815 86960 98427 6870 96204 75981 56278 59160 94895 4518 53548 42348 91856 
44595 87151 61378 71360 36902 12885 40183 50368 84578 81687 34692 89877 81935 94677 48173 32421 47566 17523 50031 92195 
49743 95747 33216 83195 71293 12486 89843 52378 43503 23369 31773 13871 76212 20028 69475 49002 978 76118 2164 43557 
64478 24055 62197 54328 21550 18142 65204 70242 24481 32995 55122 94770 74171 51079 28213 76195 40555 26363 76676 85179 
15385 17263 17395 76233 7422 55552 64467 25825 74845 30138 70740 47228 26871 75583 33641 62687 89656 35790 86591 9417 
54273 95515 17840 96776 97837 85558 87148 28398 44172 21340 88298 79653 88259 88834 23435 48947 86205 67814 57315 10501 
34041 40220 17155 6727 53978 32060 62667 24666 171 17696 63413 61510 32227 32551 69338 54485 54598 55093 57571 13572 
6465 1152 72209 18755 25168 27176 66734 63464 7494 26945 65731 30723 19554 24708 10825 8667 47409 29323 87761 26229 
22933 80882 26306 24912 25121 27430 13199 89427 1442 92923 99574 6407 73049 65525 32855 74848 48990 7420 21685 89634 
94224 38131 28813 12687 85796 77174 83470 51472 35990 75978 86904 99055 40741 71064 67259 34687 22473 75678 70952 91988 
67529 14573 20232 67784 95142 52260 54956 99454 31159 55589 31448 69470 55665 26337 87734 79432 79342 19577 70770 2477 
73456 67208 84294 49872 74075 94710 98024 69558 90189 73945 99607 95943 72574 70698 99840 66034 31461 55543 38361 89744 
64919 99306 77409 76216 51561 21753 66157 85624 22999 52317 499 43086 48837 13375 88064 48173 26290 18561 5357 77111 
49467 78219 25776 54982 56538 84057 40990 40932 25729 75878 48566 51972 24592 95006 59717 16726 87481 77459 59754 41640 
54979 35280 4263 8722 43648 79279 44419 35973 47783 59908 96358 42666 85073 43288 40963 98412 89533 99153 47277 55007 
90903 3169 67903 30768 33712 14034 9106 34812 75519 47379 11975 74103 24691 27953 75701 81639 55700 97764 11900 68972 
58468 76939 78459 78982 76237 96300 59501 53647 57812 53851 11374 84954 42059 20591 75864 94950 32664 34812 98921 47031 
23616 26033 34125 2655 5834 36193 92737 91999 21018 93990 62941 58041 13572 41575 91693 57008 21728 37644 2451 99177 
51712 77118 84026 38195 25127 92894 78786 40492 66049 15629 61471 87696 84572 97252 76491 28855 1313 80231 45868 7013 
97154 35350 78581 90807 89911 85435 86476 46599 98415 5500 71120 19537 94466 41354 65900 98692 5156 62018 68681 1323 
9998 8721 80247 53729 90631 4262 81592 864 43717 93674 19622 66202 49831 78587 13529 64423 39828 3926 31933 36120 
13984 27276 3469 90765 10800 46073 77749 73531 39554 78470 34036 1625 54426 35849 75590 4811 99069 44838 85872 17217 
49804 81577 28742 69479 60549 80364 86994 63221 6061 44336 80610 21562 6655 59053 63211 94806 47261 80517 42555 28343 
48685 23883 8010 2483 49575 51239 77096 14691 99005 60840 16997 19866 30099 36471 96687 22226 13170 67218 95152 71901 
63830 92496 74588 14983 14683 90191 46993 13104 32328 77175 32508 99146 68839 85457 95559 76557 72293 79513 65125 42568 
4866 90665 80032 23690 17289 35190 13194 44079 39290 20278 38525 57951 37322 54296 34947 98130 65900 71150 48629 73498 
90875 33381 41445 33444 53852 97228 64922 68847 43114 51844 9910 53021 21944 43035 98775 10936 87564 58440 82864 37290 
80421 68049 44048 89601 19067 8833 6122 17101 99237 30825 92727 41069 57964 37293 73430 91685 99543 27985 77598 55913 
87425 57540 82390 4714 36431 66302 56853 26909 741 77692 41921 18817 95479 42665 26370 74312 98920 48149 80979 49166 
84525 44051 74042 84042 84838 48459 65057 80568 49410 79085 71807 93799 23088 18196 11322 3731 28854 57796 23543 89288 
92906 26992 3842 9375 60733 60287 59950 43670 12009 10318 56439 48440 33855 12970 55376 61906 22486 82778 39972 81922 
12262 77590 33148 64405 54319 99016 74310 36560 22861 14762 38903 20422 66101 69051 84023 88823 77237 38025 87779 96642 
69359 74802 58972 25891 24693 47264 19883 61621 16544 76393 59301 16058 52868 63221 45688 32309 29847 72272 72928 92052 
33049 49707 45817 11968 92704 19285 15469 32860 95068 8038 76098 29668 18329 2454 73663 94733 38891 47377 33238 56045 
98476 18760 77333 98077 24521 205 3295 67430 20821 15317 41756 52154 61633 25575 83957 82921 79026 26322 21822 64754 
23308 22076 48806 19903 26165 24305 45757 1436 64772 10955 81938 61757 34148 99866 71381 66468 79851 93805 77065 51176 
22544 60745 55005 69024 18493 66221 90215 45646 40985 75243 40942 90997 51617 74935 27414 60073 4241 48039 69704 8670 
15106 17934 88864 67790 6546 13136 85147 34246 85724 56083 94274 45832 65093 18917 40078 13511 11808 97573 98889 16620 
92926 20314 43666 35881 11459 20970 23735 24738 93243 80656 39796 15154 29896 87522 26722 77246 58475 15560 86704 66719 
89429 52015 84314 87861 26038 66124 40036 96550 56423 66700 26596 72985 35023 78304 40950 38289 48931 6909 40739 58621 
26854 1420 77444 475 24622 13840 33081 92859 91129 49130 77812 13953 78089 43522 36151 57935 33328 5117 83001 61916 
47562 15923 78675 51198 37754 2582 99657 71746 58962 86850 26130 71977 80747 77960 93093 33789 34165 76085 15030 69348 
11797 97767 90888 91634 219 16458 22755 83125 86389 13003 86980 76245 14475 21348 64666 42819 5818 15190 95436 24060 
71565 29214 96268 11948 75724 97434 38246 94001 37410 86877 12396 17993 99610 19051 50791 78785 31823 16399 39674 7567 
56495 15423 22934 28239 31161 72964 27022 48470 60869 46665 49887 78508 37291 27627 61513 97918 90496 97798 65180 78176 
17953 52982 28838 4945 33880 84472 99920 90834 80286 53899 56659 30511 37978 10283 51098 89920 53097 48728 49332 96749 
38904 22954 29173 78948 24288 8973 73216 48933 4295 57194 79365 48389 54195 1177 10629 1761 27029 21434 74635 80419 
30187 58985 10390 26313 46100 1665 99445 70979 38023 660 66897 64372 11693 30516 64738 45169 54999 40147 34296 75136 
49095 80823 37420 39844 21188 27344 50278 67509 93140 85531 31521 89183 67364 51203 23743 18334 63136 75035 82802 86481 
41413 72738 45958 9964 6777 44614 86784 72176 3163 34599 31476 34289 40372 32463 8194 58743 21861 10721 80876 45254 
50658 37183 41069 89489 93578 37171 1357 34793 55497 55674 74992 31146 9481 71231 38321 9076 89318 84474 90719 31005 
79158 71057 82412 65806 44437 41733 84602 90113 27400 27020 68331 999 20296 37672 1612 14947 30290 48024 40881 21120 
3822 32760 43342 53498 22541 77732 42455 13713 7317 45121 2880 53487 43024 9428 12722 3344 10817 15567 31630 8865 
38742 64544 29539 17445 19253 19971 12447 80863 66984 39586 69223 80358 66300 93626 27968 12254 8921 38951 91292 2229 
44768 66953 95332 5054 73663 8011 28805 13602 27740 76740 71627 76469 30264 50029 40189 3225 1933 5928 64583 69150 
69003 24176 34901 72676 52341 58868 69957 32578 60554 10071 43890 67212 92086 33293 83829 3670 8763 24399 28800 38024 
83102 93121 19233 89542 1116 90966 90243 56983 70037 14342 1540 62729 21684 35568 71499 5100 69913 92451 95179 55432 
43462 69248 30762 53290 59691 43507 1829 78112 89592 44670 47161 76799 18963 47457 67069 38408 46564 54607 80344 36047 
83060 58858 78670 60474 31405 28199 68509 53404 7589 47847 98308 38112 36879 2154 40885 35544 22351 87135 19842 96715 
11729 44949 66961 70547 96756 73547 18464 95844 63937 71711 52433 52987 46421 4151 87285 3828 25091 85190 78078 52466 
87635 16139 44653 12667 26832 62909 11071 96542 31021 82734 27336 35480 96763 92125 20128 78216 2102 92496 97904 24032 
89467 17406 88248 52428 64791 36281 52971 67875 33593 20161 2180 29674 45554 10170 10015 90261 41827 53744 46166 81793 
79787 17724 86960 16635 5140 3906 87605 77013 73825 44931 84152 52153 56232 5925 28549 29220 35207 75240 1317 55807 
97882 28314 88729 42004 91539 10196 62701 15180 94315 67565 38974 16005 5095 52948 24345 86568 94320 99331 22654 69407 
37346 93742 18495 34358 61271 43758 57619 62080 16272 82547 57391 68743 7797 55655 99862 85706 95779 61696 97050 89128 
26425 14049 85806 49069 26615 63445 28060 77677 20702 43830 47122 1316 19234 49722 76109 64896 24229 66685 13710 4678 
91053 67995 1769 51966 14929 52677 62211 31413 33926 21199 57807 4718 96706 6019 88285 73709 31235 35692 74275 69171 
59895 33441 49125 98215 11805 94701 9905 73622 84735 67826 10850 76118 76485 69698 35955 8258 78046 10999 62384 69679 
5118 89480 67315 16660 49378 80659 39895 10687 74359 22791 10270 47876 70761 3152 51068 28521 48856 60186 71006 16484 
88713 47402 86594 97977 29098 71118 1749 71569 6999 73580 2689 46725 23637 8865 92249 68225 59827 94481 44868 79162 
64774 93937 11355 41021 91278 20464 54747 79693 34063 46544 90823 73364 51245 31778 88090 92922 35076 75311 74794 47772 
14846 98319 99471 56698 69645 45301 26643 31047 429 88361 89218 45453 75070 17505 37063 49045 2526 78745 83745 15507 
58782 57242 50630 24788 8365 22468 21929 81196 31835 7884 74233 94032 17119 97847 19940 40222 48770 85832 27952 51529 
71746 15453 65847 59585 76070 89717 33798 1676 148 78418 24638 32577 91641 84506 99267 25127 83238 30515 64039 73884 
16567 36744 8726 461 79766 8351 69890 25994 5134 7355 91124 72742 13620 39164 13972 43275 7682 94304 50240 49255 
44795 54015 30290 84568 11440 39613 85281 30333 54737 397 35956 77536 83683 9684 62931 83441 84662 96780 84671 13883 
35380 22978 78326 62929 97721 4881 4368 908 11585 59070 34418 17768 47005 67336 84125 56954 74026 5019 23739 59978 
75633 21924 92475 84701 3133 46585 58155 48621 35542 7924 98024 17153 85720 91382 175 16904 21739 22203 95878 25017 
51644 81273 97456 83030 17601 43858 13003 20357 46819 33745 15295 49043 20144 4687 70439 59725 60245 33375 80442 73838 
68018 63377 46773 57078 49983 95950 98683 93618 49810 42653 40349 22128 44851 36419 18543 24669 28157 77860 74572 50502 
26010 8408 37750 36631 54119 40517 29783 40034 39030 51466 42385 13024 73058 51671 45114 89704 58941 81269 22145 10518 
27627 50503 72330 92679 66522 82850 16594 85785 23512 29500 93205 83705 99674 20570 76395 17471 99384 31092 53114 3106 
31808 41562 88034 71340 38034 67679 43467 1103 64989 32431 90896 1051 70739 22131 9355 85218 6454 47112 90073 96313 
68700 50158 56937 68556 15281 85378 2495 30332 82891 63125 24048 89371 97943 54247 58479 12163 90366 21463 19088 59125 
50698 84752 87597 91130 51891 49794 58723 91199 72376 56442 96557 82940 50537 69749 52132 39654 6620 89989 52737 49677 
77417 48700 77587 90790 70201 99730 87058 97472 56116 93767 75602 4055 81431 78892 78824 11767 96764 96096 26614 51878 
93057 89853 76122 2290 75805 17946 70001 22747 89892 39483 32462 35969 67504 53618 80541 30592 15881 6098 52619 87046 
85963 47481 39066 38836 24870 19447 36856 71139 46152 37229 58047 65374 84800 38499 3589 20223 70161 45192 13027 2360 
27470 23067 44212 27027 93469 26120 57033 97819 10337 28048 29815 95414 58313 77503 98188 20360 98524 92424 54925 35834 
34795 1701 25252 35400 39332 46844 44170 70931 89746 82848 13695 7360 14760 29064 40066 15005 7176 24475 95369 62142 
16584 39767 67876 18480 9339 76119 3231 82936 8483 99643 35708 60674 36643 43904 14289 41889 2029 63079 51428 56919 
71343 11394 88325 69869 83413 91085 12762 75285 8495 12347 73011 3069 74687 40460 31191 31377 31910 36786 63000 92386 
80956 49439 86767 62936 56358 15781 70945 53294 58069 83833 95621 80101 30447 67762 51903 4720 62845 85578 21481 80987 
15248 23458 65540 5944 13322 30568 57522 45132 85346 35617 33117 32323 44596 29067 16186 96446 68540 49003 4428 52531 
71078 70314 69572 65079 499 12014 8477 10968 36392 44475 7720 82886 65156 45333 98073 91024 65899 51920 97129 31945 
90162 78212 67158 67150 73021 19910 8202 83560 94928 8274 31243 34580 94508 93948 38382 86580 41767 33175 26872 93938 
55765 97485 32352 74940 16054 74957 78043 77175 51905 60749 77372 36247 93211 48543 34742 91136 35070 56593 61193 33533 
29334 6447 33789 12089 19405 69545 28864 29511 80515 76573 27195 71496 58381 53823 29733 36078 86368 1764 24362 8227 
60192 13349 67349 65224 55617 96235 26815 65101 7858 55838 19148 53993 70979 52958 23928 90024 59697 53175 38467 23604 
82618 48147 93100 63037 10413 10983 42547 46757 58640 51675 13165 86969 70539 49381 19312 54266 258 15024 38765 76997 
86715 86619 89853 16194 99913 26222 10425 97011 63006 3222 19127 78082 79194 13337 67879 65312 77056 81202 25019 6110 
25927 23248 82097 9638 31063 98665 74911 98401 92903 97439 43342 3571 17460 61365 7842 72946 93447 3716 79595 26171 
29401 43984 34537 50462 26677 51178 76318 84004 88930 31496 91647 23860 58203 20101 40322 45883 22609 85644 45594 20815 
96369 31967 3577 79848 63415 30638 8429 3351 98145 80801 9395 54381 96131 41129 89727 1916 83704 89496 8638 87355 
40940 65735 80376 1973 14238 86306 23598 57035 719 46467 9151 72161 82697 95570 35068 99250 83866 74511 57362 15457 
80653 58089 31955 73628 19410 31017 96237 16332 60253 79240 87155 45129 35958 6801 63914 61491 13932 29798 3762 8557 
29800 65461 29107 23888 69640 7383 24366 94586 60747 21754 5039 32657 9743 41910 78228 87322 30455 37532 23081 14183 
54040 92949 86767 24827 71827 99059 24176 2161 64370 83987 97206 72104 54441 78156 17204 13680 50385 39937 7588 84895 
69383 41405 98971 29744 17196 64626 87171 43049 91183 15803 83302 5759 50906 70607 338 46281 48843 83950 88356 66809 
59809 30404 98179 59577 62923 66730 80929 39262 36725 99824 80780 32720 64844 72987 80344 25767 764 93694 56627 19406 
51106 83459 44143 90511 50283 67914 66160 60900 71870 6762 52466 76325 73223 51305 75879 92893 25708 8536 49326 69081 
71120 92837 43550 2460 85398 31727 49718 13057 81622 20136 34371 60154 23034 43535 21507 57924 76398 49317 10316 59720 
21622 61311 79989 55924 48741 27220 47675 37911 50465 6180 10819 93118 25237 23352 39247 40016 71582 12002 22043 21316 
55211 76213 26512 24618 3007 43629 11514 96684 92807 45639 32434 95252 58401 41451 23215 34634 58667 67069 37847 93204 
28170 95017 29328 9687 67390 64692 28397 66988 15852 68374 34707 15267 96570 18999 70417 39330 82079 51043 6338 5372 
86581 86042 44156 7764 95009 90058 60123 22562 10101 18432 77246 18642 52686 83517 72379 17157 32552 96336 31727 74447 
880 43556 44921 13887 80790 29702 632 22861 26684 39820 47149 97973 9750 220 80564 89727 2109 57451 26987 7485 
43102 48225 12817 21435 9689 54957 79690 30786 31687 57779 71241 15157 19750 36151 17950 83641 11874 81494 65858 76690 
2156 55963 10025 75689 76907 37989 34768 92517 82774 5988 66537 99227 91921 6132 33703 17194 39075 55889 54625 53176 
28441 26192 2605 6235 60448 66611 31643 53294 15427 6981 28039 27520 37875 70184 31589 80096 90495 7791 54569 95619 
17289 61919 98795 74645 59514 93654 93719 51064 66704 70296 12205 42885 30813 86371 37344 73316 58768 93842 7026 10987 
88422 98989 9911 30412 38169 84492 78472 23479 30101 54338 75767 18100 77160 51237 29200 59554 71230 40277 63892 2143 
44842 64421 9548 39266 71918 13620 29383 26892 77693 81343 17363 52459 1945 10970 27269 74669 7898 85876 29544 89630 
88563 22561 52758 43885 20240 69322 71161 76032 39154 60896 78770 50573 64565 98167 8528 98946 35291 73288 62254 91032 
30842 503 63724 22392 85369 52917 94030 4452 23785 80780 69382 87479 23366 58091 66219 37990 57663 23698 665 34916 
5618 60801 42355 6184 52498 39770 47816 34608 66687 33219 65454 4689 8041 72567 75092 6918 63486 62536 85074 12589 
85217 3639 40566 23886 44005 18393 11983 14390 12776 83638 17065 23264 13476 54518 25189 91977 85604 84872 93219 30211 
54755 65909 4502 99765 55830 58622 91087 43583 12912 55837 87964 62580 70347 90113 7231 29276 49841 9560 83104 32679 
51874 5479 35918 96559 36833 34832 80641 7860 6398 8436 37848 47631 49524 79666 16230 76093 73578 50438 42254 20303 
33620 96050 58520 86411 47334 13509 80054 40238 30879 20283 6139 46345 20409 73056 96262 3702 19419 6966 8865 73576 
67082 91491 56234 93656 74104 50334 88214 90998 26703 98456 75145 43091 1909 39324 43548 18827 93486 23738 63351 72811 
5582 19306 94981 28544 37523 81236 67336 68070 46459 19022 10397 49266 25408 18543 43482 81018 63328 30736 61694 94493 
51151 27138 26277 54936 76343 96154 42631 61328 77791 49452 50150 90558 97231 87888 85859 800 71721 69782 67137 98731 
21563 87154 49589 24352 80332 90257 46200 36290 30840 74136 89511 19465 50638 25314 27395 45192 74247 36983 88378 55657 
5286 75754 41978 60710 20375 15745 52061 66153 23541 35540 4754 87303 93225 76552 23768 21901 97221 90715 29785 15305 
934 86739 79702 90555 93405 61705 48757 64048 22916 35269 65745 49194 60015 63365 76181 96850 70621 42872 72879 40004 
16336 172 26292 5408 59368 25877 26163 71288 37631 48203 23989 38482 33624 29428 96721 36716 82609 86301 71095 65324 
94856 30384 60675 58977 9823 54225 80568 87042 24499 91794 95737 77172 94055 26650 28040 63410 48459 70538 28014 93734 
24732 47975 56153 22801 74039 88969 83535 38554 85795 46067 9091 24770 95998 41446 26072 38481 36711 91589 46466 57209 
40064 83533 41690 20981 86687 80414 40624 85842 76065 66360 19239 10064 15906 27664 35766 33693 22001 68884 3523 38917 
48867 48671 52660 78458 21863 11859 47531 18696 26406 42647 91275 98218 83662 41390 90616 97251 47498 52788 42586 69853 
77966 1257 76551 85695 86651 49025 2342 57920 36795 79363 41075 50428 47405 54007 70603 61000 66699 31750 55967 89782 
48275 46518 42021 39067 30470 5400 20648 5978 33585 64263 4501 84702 72641 58583 57515 6080 19037 76672 272 20716 
26906 95544 248 4540 71181 35491 45563 74742 65345 26313 13038 19181 29680 75627 92346 70317 26425 10258 40787 33574 
58214 70479 40794 94694 46389 54999 68144 56790 28441 11406 17000 88712 23648 50037 81265 70579 8181 9586 30907 47912 
61109 35542 40874 96859 85448 38544 83100 40579 66971 46950 42531 24960 32562 69810 65118 58382 67815 30042 56439 44927 
94827 11845 48170 90151 74969 72091 22453 51513 86192 35090 44127 58955 57695 311 29792 57414 90486 17950 80701 51939 
69788 77003 66421 49265 8822 54088 91278 78176 41047 34541 46857 87337 5332 89336 99136 7415 28368 58380 93069 27979 
40835 29365 90431 28093 21477 21126 49905 13234 83161 63539 65640 28437 66971 41292 76739 17131 12698 33965 99885 85776 
58758 59868 82023 2327 79694 50735 29542 78593 80090 17402 75917 16866 76390 92142 98505 85932 92166 28464 89409 53665 
22693 47007 7877 10442 77698 48437 37644 99859 85526 45247 90987 80621 72168 14738 7984 6022 90863 52304 18169 41770 
75582 32021 52150 99887 55680 46267 89080 33653 95135 74464 99354 82157 79928 80232 1072 43826 24695 44272 86592 13659 
31874 56825 35039 4167 60855 56316 31494 39171 8906 39288 59983 90986 78845 71256 38045 31489 93600 99512 1738 80237 
24317 22735 89466 52052 92979 62940 83710 8497 82504 71765 95705 84002 38948 43478 74631 40225 27810 41918 66917 31196 
50972 7483 10404 85783 3930 55448 99612 68071 90589 72014 8459 84758 51107 21690 16962 32092 80609 77471 8192 82186 
7363 65944 54787 45498 50166 76376 64999 64588 12992 37629 44290 13408 92358 66581 70049 23719 28796 48928 16560 84781 
85829 20432 31478 64846 79471 2949 50762 46202 60918 39988 69875 78795 9772 85343 80109 62319 24008 38009 35719 96397 
53877 96211 82678 39876 59296 71579 94944 66479 44348 16933 88896 91889 23432 52079 26148 42823 51426 25442 20438 75611 
98191 9651 97536 19392 22135 43241 96136 70674 9228 19605 42491 60957 99706 40616 49011 70959 93716 58583 33738 15459 
37154 72200 44167 76576 38356 49256 54644 11913 36557 66323 35342 89165 71152 43374 65963 7344 33439 37601 43041 66163 
5326 16011 91413 40807 77955 32892 57877 29262 40162 10847 52558 54448 72129 74929 71262 92981 17471 45730 49003 64484 
23187 24978 77597 60318 45026 95062 7817 46951 94675 53836 78889 40156 39387 67851 15515 27389 36252 94769 43324 88694 
75111 64421 24688 66117 3660 82002 68329 39841 31674 75588 27195 78190 53169 33403 81363 12330 11094 98255 9769 28401 
4754 6717 34555 58430 90353 49845 48136 47470 23023 64936 58121 79001 39323 46647 70077 15600 78462 52173 95509 10739 
29669 87718 49828 99355 60934 4028 29435 74471 32662 68914 70092 67092 2396 79459 79426 53618 18798 79437 72904 14527 
21847 86280 23313 69473 7373 16439 86609 70071 91200 511 39191 61515 64967 54393 92052 11218 18329 86515 79164 90784 
34179 51170 67488 87541 89820 74976 96769 59920 3693 1166 59688 68361 21939 73274 53916 5962 49348 99584 77298 74534 
42725 6212 78458 69402 60207 12890 80457 75080 56768 97223 78754 4652 7641 88437 88758 10351 86732 53461 34673 83354 
49460 61764 1508 53144 69301 90205 56643 67513 70155 36686 47517 25786 64558 23572 68277 74117 93829 36423 58642 67158 
84284 84609 99397 6784 99963 70089 29877 18983 5278 6483 80142 6020 37844 1440 61763 81097 51375 44773 33344 46724 
73607 15279 22474 86507 83797 54593 60106 99813 56671 35488 52993 26189 93386 2501 46929 96823 55463 30469 61143 59149 
28323 93046 68315 98949 23112 60244 35886 61554 27166 41216 67343 3649 82381 28056 83438 27080 16463 3010 74453 69845 
98316 31589 83220 34572 74695 32796 62352 32724 52804 36940 33537 88448 22158 87829 82241 79813 85559 73650 23327 15650 
53033 51419 39837 92124 44928 63951 26820 31897 63436 89953 40415 64569 5527 93974 46149 85884 70054 18633 80144 82906 
56601 27640 3083 99064 90384 88781 20379 33156 28327 37134 87009 67273 40466 94245 91361 70487 71292