32775 25585 60595 41235 76655 47142 6342 67563 64130 55749 71543 94190 74867 1660 67953 442 25116 24709 51414 47033 
95428 87254 96137 67709 94504 22418 11291 21605 71986 1206 14646 14013 83011 30822 61730 2329 69754 74260 22763 49106 
96991 87586 44036 800 74298 28516 84695 33832 35333 1403 64951 14779 51652 62555 23310 58212 88341 68695 44438 18159 
21293 11252 33330 95186 67921 34255 74295 27794 53066 25596 79888 89965 69940 30632 33981 6705 14094 39180 87008 2191 
33474 99352 91600 38383 88549 77543 67510 78964 49598 39761 35454 78062 56607 41391 83294 84271 14378 18259 8008 97923 
94775 15904 59801 93583 74142 77668 87274 1914 98750 87119 6825 24358 26034 37784 37146 11049 33070 64013 74569 142 
95791 25161 52380 9413 91536 1080 98324 1116 16443 18343 43050 64722 58382 5971 17645 95030 58221 54797 43684 99903 
58912 61153 57416 95626 45539 28326 66319 17226 91949 70066 40724 67778 69878 79187 18815 23308 62065 86935 55584 16783 
60643 82505 6600 18514 79576 46546 89224 72760 62402 16199 42897 19089 73438 74605 73253 83922 61316 22519 79878 63185 
12136 72513 73503 54915 625 89842 54497 42107 53793 82931 27128 51952 71093 70769 50640 38120 10406 1332 62292 3036 
78318 64650 32383 52210 10235 53892 78975 78211 51298 271 96311 10668 54982 28227 81867 12746 70272 17389 61504 53312 
70452 98633 6921 71761 40761 82937 54232 55714 37531 60995 93978 47285 68162 66724 13417 35941 6544 90255 18110 50162 
28132 65545 26185 1606 15646 52492 2356 4106 80121 1381 51988 47945 36967 25243 66185 56443 96059 64340 64884 32234 
16453 90145 54076 95597 85153 85520 69805 70591 24942 88319 10871 78897 75018 74729 83720 18485 67121 95868 81451 9986 
34297 4661 18934 23228 3374 78359 76002 44036 88006 42416 67017 93527 4170 49249 65758 13577 53351 94581 80843 18315 
78362 93879 93455 42933 98022 58766 34050 41027 41236 50658 4780 31883 48404 25860 26694 15849 48046 85510 96077 84115 
633 63035 24717 55321 96970 98212 31731 50585 62269 17598 41331 86604 55192 40255 91647 72591 74642 88828 64248 35902 
91221 55903 20405 56298 87193 57112 68904 86048 95264 71281 1167 41862 10312 98075 13779 57635 90959 66629 73902 37825 
42561 5839 44081 90298 99897 63005 84174 7420 83629 11398 98284 80579 72120 56314 84583 12463 75839 39834 5744 21424 
91663 688 3265 34885 29713 63616 92813 1481 85579 65271 45004 56090 23907 36127 91216 36706 93725 35813 76018 14097 
4112 29523 3129 82373 86686 8426 63778 16567 31977 76604 84664 18522 61799 82315 60125 33867 48773 58090 50150 81534 
58549 15544 51127 85103 44409 73516 19264 75768 28765 18216 26266 47157 47276 23887 63176 82956 97812 5487 45688 25290 
30898 14128 89142 54568 33468 43174 14760 22913 46814 27125 62881 7608 97268 44535 125 35988 82613 19292 4367 89405 
82091 5377 34618 83685 6033 98329 67503 68921 11659 11732 95634 48883 78023 74065 8747 90897 93440 98557 75215 83291 
55590 45741 9935 62548 77304 8890 82651 73594 65398 18459 92137 54183 34549 24906 55460 36055 12915 40841 5912 19109 
59946 74953 84152 35741 30636 1008 34624 77407 50779 7081 22674 63829 28700 89414 19033 84133 21687 13859 68217 35426 
33701 19933 31961 56640 73558 35736 73215 89934 67253 3772 39989 82351 66397 78030 95152 40853 97330 33988 43659 50877 
3625 85515 97697 12541 24096 49444 45950 59051 55982 45075 9531 94353 38025 17963 776 71051 94466 11871 5266 58158 
67966 31701 93787 78478 14959 52666 21379 79225 40608 86882 16340 47781 89207 68348 14766 78807 55138 48071 60687 65236 
8952 44192 97067 63999 89173 86705 42135 52030 72428 90366 77015 84219 42604 78949 22156 83681 61761 21211 13479 3630 
19396 44485 70264 97496 77747 78461 68455 19827 95181 11365 76826 15402 71175 26844 24525 23570 52248 79916 70384 453 
30246 55467 24510 37284 44171 12585 33916 20421 37954 696 40709 10799 42949 99694 65144 56961 20045 53408 92256 61564 
10268 66211 55187 59814 96638 41830 1921 36665 44568 39908 76684 95513 17159 33088 58353 81165 30715 94200 92661 36916 
44993 45819 94392 63670 69895 41561 45213 47469 41562 23224 33367 88282 45359 70724 96754 28075 2725 45669 44347 24735 
3807 82487 51427 62258 7941 77977 30823 34823 26183 95868 12850 2056 54290 8056 89537 69048 29551 68367 34004 73348 
90163 30379 31455 89185 27791 17453 96413 43640 37531 34477 32699 50627 33099 26351 8502 67458 75125 90313 72532 68997 
39704 32708 41799 76399 74942 15034 71370 28276 23582 8088 61295 53631 79079 98632 24231 20195 48631 21322 15550 1681 
32084 53388 98784 65024 43310 79372 23345 40074 43708 14157 48389 21330 1334 67461 53027 74259 36714 84720 33513 59401 
14714 96496 7222 73456 48301 8829 46150 33680 99080 93833 61527 68381 57719 47195 9346 79062 58812 12792 40229 41791 
56816 30117 83108 20650 83205 69480 60734 77529 41095 81602 78906 92353 71451 38299 2902 37587 42930 12734 78261 1582 
95635 23750 12973 8360 19681 66811 47518 86371 69110 21877 88131 53899 86008 2879 16873 43241 23646 18786 21288 2762 
92383 7707 3233 22135 97234 66356 10400 41044 63879 75525 91182 28244 87273 71002 666 95710 66732 54768 20139 95187 
70932 9709 19737 98148 41684 33848 95344 51297 63670 29333 7137 44340 69896 24729 83278 24174 18207 54360 61815 4026 
5951 94159 1401 32282 37901 56187 47696 50540 36984 83934 49029 4257 93999 95243 94251 11775 63349 46919 98078 90336 
32520 41665 2951 46549 4558 46200 3864 35919 90654 94990 61616 29182 60033 22672 20704 34252 4310 85050 89566 13059 
46713 40044 50304 7941 90289 95829 7687 72604 23443 79336 93023 33579 99486 59138 25500 24786 37040 1229 87120 92353 
31812 39790 99412 42287 13512 32905 32400 8131 62441 33339 29230 27071 37122 30492 35462 72045 82656 44853 10012 24386 
86702 62651 53788 66581 61315 29196 3581 58728 64196 52186 19885 41239 5582 93651 63786 93088 87859 6501 47200 65559 
42629 15318 47725 87963 80174 15210 62702 3657 90403 35158 48459 90049 31770 92260 38193 86229 41969 92547 81687 40266 
69658 62206 77801 69217 58572 49283 17882 6963 28353 64955 85897 6501 53606 88329 9296 13593 91076 34224 61301 24319 
25079 8440 54218 87803 41812 43972 32207 26509 35814 53048 56758 33843 91425 3177 4493 37212 97549 68451 49094 80661 
90532 79630 55169 86587 34589 92304 24728 63580 21559 35573 30582 28925 41512 97392 93133 70354 43914 52209 90381 47344 
30963 15493 65642 32002 87087 48757 90043 13212 79415 86697 67010 91009 16613 19810 23233 26514 25718 22722 47002 35405 
78527 13377 84985 21010 91645 49033 65407 42645 44434 43074 55153 14970 40851 44112 43461 4624 36044 99606 15428 882 
93883 97420 78100 47717 22115 67257 29057 2919 15259 38515 36018 44127 93911 78877 51972 85080 11885 79060 14985 40521 
37488 34691 99598 67134 80745 75489 5723 48609 61100 77574 34075 79019 56067 21620 8640 23939 34627 9228 26635 54361 
91679 57329 55651 54576 82082 71188 37800 84004 88921 91280 9679 12266 17647 5893 70796 48082 74210 90017 3961 79938 
5744 27752 11123 74678 21351 86579 15253 17436 4948 95401 24995 68750 37275 31821 66826 34972 40211 87555 62201 93463 
42931 55026 90526 12380 22291 48275 94461 39245 93662 64731 2496 85733 87769 54256 40653 20173 80595 9310 92376 373 
8209 21938 52410 85913 24064 51145 25965 11726 6606 39827 33970 74945 56688 61146 21463 57782 51222 94843 71941 21892 
93031 95557 4386 23935 73350 61270 17612 32890 28918 80703 21262 51024 17358 46867 40676 57249 78191 88250 17292 34798 
2447 6100 55033 47955 92466 57691 43458 74518 99842 72479 19769 11114 25828 11790 25459 29053 65298 3472 44641 78967 
3969 27478 88963 74110 15321 16506 47082 71821 57439 83234 28325 30748 80185 19444 21939 87297 19629 80282 4597 44727 
85673 41864 31159 97455 77061 24779 90565 89876 60465 93032 44902 59781 8634 12655 73174 3039 44314 9717 18182 99102 
24252 96865 34877 42006 79689 30055 26279 70883 67866 21734 32459 38883 74978 36863 66578 46375 83152 20152 77921 25007 
86101 89019 61118 6670 78871 27317 59243 90794 31662 33658 45165 60340 42711 27110 53604 53841 18017 77544 14682 66093 
39778 85495 42012 4828 16191 91379 63637 29715 41366 30325 85675 52095 51456 56871 82354 98447 60349 93926 50001 44875 
47534 75179 71912 83964 71012 82353 28394 80574 49107 23159 88191 99255 62603 67458 15362 25984 8659 65660 29994 17606 
4634 15340 11339 30536 70073 23757 37876 24964 5859 87895 32106 50907 33551 36320 43335 35693 4873 28490 97797 17764 
30126 19119 20771 20212 61470 54210 27900 36363 42998 60085 90781 10631 30665 13116 50836 97875 70367 77032 10924 49148 
57176 95057 83894 53781 9391 68510 33359 81387 76005 8805 96286 13199 57753 48734 57639 96097 96132 41396 30194 18231 
87607 39259 94688 24180 65142 30634 10417 4025 63412 9892 76089 1593 96397 49569 91051 482 50260 88248 13197 78507 
66281 21629 23075 92998 65030 30595 67941 86705 70531 30680 57174 56574 22459 97512 61110 75227 3564 9754 13841 3974 
88157 34479 91815 60137 6070 32052 52500 67437 44981 15830 85779 73368 76981 35566 82617 19982 9877 4436 39415 16473 
68028 44223 76963 14041 32534 80789 37246 91739 89788 69189 25042 59177 51664 80003 13902 15924 87936 75128 34531 73874 
46676 49497 46992 75694 86780 62506 57414 91080 86362 43222 92203 85015 8143 20359 29168 60076 83735 39074 58431 16236 
41892 69802 36484 70461 57655 33962 58486 32712 41766 2236 99057 4059 55379 68239 77875 79398 16103 3410 74265 83089 
41101 36040 7675 52518 4624 37669 67613 74449 61058 86516 80604 45479 25620 96493 62132 11387 92244 17092 2529 68302 
86719 62982 55772 53379 82371 88751 63613 71537 80243 16683 64992 23989 50246 83754 65544 25876 47638 9373 41221 2359 
24463 332 2514 34725 6455 36451 98731 3976 589 77052 39010 67486 31927 50446 66701 34582 43833 99731 3041 98362 
62305 59304 87998 10004 88126 65446 6851 30545 57711 54817 41511 21772 78314 70478 38352 16377 572 36182 99957 16623 
7266 53668 83108 1034 3085 15040 96381 18757 63182 34227 47579 35623 72312 10105 1257 53435 59080 55456 43080 72273 
28584 65631 12594 13626 58498 34171 64002 45386 77464 44022 97130 96132 49277 11607 41343 27491 29130 25105 52258 60810 
13590 24576 92831 75546 90926 71053 12229 46672 29209 73377 66788 22379 30950 75934 6045 79487 95305 74658 89385 21205 
37097 42287 32810 84101 33668 9402 58666 1018 11882 32304 8554 62282 7019 41441 61795 7184 23668 58909 76590 70461 
10441 46826 84015 65944 64666 51559 20013 64692 80501 18317 82691 60855 76582 16234 87034 75694 40388 46765 79807 39874 
28828 37680 33819 67375 77348 28941 2923 37795 39764 99248 839 45307 36267 58477 83435 62684 98799 69850 96683 64151 
74949 44702 91123 86361 93521 74822 70344 57114 25397 96948 12929 3112 56681 86864 64126 44997 26531 50845 41947 94116 
7996 78263 55925 37993 95435 54556 16404 32908 95377 94125 3976 60597 6944 70569 16146 90266 78885 32624 22958 28929 
60771 9140 18406 52262 55042 63321 28651 68811 86167 54566 13344 42914 6325 67344 19056 35587 97743 13263 27246 80516 
12703 38710 13437 32015 46301 46840 47419 85937 46579 5726 37662 10718 32003 4165 51205 72539 30407 75540 10029 56339 
50348 48854 29490 61887 52862 18926 40031 25877 38242 36819 53984 16711 76294 4307 86690 64559 85267 67395 75587 79005 
52515 33553 94069 34183 12738 78043 66223 3373 87234 80092 92304 19552 96968 61464 7697 83738 97128 37730 33145 34419 
26136 65620 6267 20777 78067 52609 33748 64216 68209 88167 15046 69676 88212 49899 40959 12345 45397 28416 39407 28484 
83688 85143 97568 50169 99006 45714 45825 87994 97452 93692 47524 87130 52523 5143 65065 63730 48377 2560 69024 71360 
28137 1123 54281 51829 1724 17713 73888 88966 39674 83628 13996 23951 25775 52013 56294 89480 5572 7480 80112 92963 
31695 39861 98252 86039 85011 10183 5621 44685 78051 38909 58304 33599 61136 13338 78336 7776 90495 88739 39141 37087 
60834 5964 86894 44104 63526 39369 79828 73314 77717 54120 32021 81952 80637 7202 13749 45791 87701 70964 96101 38808 
86290 45019 82145 216 91527 56585 21476 21534 75446 2565 70779 75620 98056 48853 84948 24975 1221 61548 82655 7623 
83119 52949 45567 16137 22950 90888 68306 16349 81523 18752 6021 71442 30327 72311 28047 45346 28871 55949 75891 76899 
57860 21398 64902 72880 89970 50400 30059 39037 1425 46460 74654 59642 18595 60355 91910 46493 27184 2617 68673 31226 
78622 82059 36450 41655 71825 55702 29043 88386 2225 37214 57538 87508 54897 4243 11353 6006 76326 18714 29409 67515 
70861 23728 35314 79660 91487 46982 64447 85404 25769 27918 14950 66279 59724 64929 92178 96313 95882 33080 38907 45756 
83609 68921 3697 22575 47465 81590 51771 42529 55549 88781 8431 23977 20982 88048 66187 24901 4510 47471 718 66471 
66904 22512 64232 24024 85106 86707 8250 15738 269 70329 26809 88157 42659 7990 14177 88959 4113 66902 8556 31744 
60173 84600 17601 71159 45597 38867 76598 76182 12974 14522 10911 61397 97160 86697 17230 15032 99844 54748 29355 25554 
26410 3864 92508 96568 36571 66529 24228 87168 17284 19918 99757 39977 97720 68968 30658 24271 21881 87034 61094 18848 
82843 73166 17080 25489 30217 97502 72452 67462 48339 14695 24440 33591 71444 37430 68379 56341 47320 93073 7634 58911 
77765 8922 13994 33465 47276 68955 16652 87992 44543 35154 7523 56936 34645 33282 52886 253 51553 51466 14216 68883 
56147 68928 257 52540 42044 83351 63722 14829 2866 50666 51951 81635 26265 13954 71313 7763 72844 26852 68207 42103 
53790 51871 61641 13342 66503 48402 71444 52856 20122 65185 81708 60589 23691 10387 12329 12452 64975 44564 85034 17552 
80845 74169 85652 8517 78432 37264 44063 48654 78886 5072 14467 69076 63862 55069 71039 38870 33427 43628 75860 2247 
41203 26912 23171 66814 60343 86761 63969 34643 12437 65471 85078 64829 12337 83950 42209 17617 51325 70785 88062 42206 
69172 38262 90271 49002 69266 26832 50391 34252 57038 70714 60480 6508 52330 65506 25924 87296 43846 31337 64884 68484 
75900 37030 50098 11748 79005 5774 24779 76922 92899 22149 47267 16339 12612 4151 90006 18204 89403 15584 85584 78422 
42860 53996 96579 9886 15605 59552 88042 62576 30978 10753 88716 51757 798 70674 94093 91220 58981 57947 83472 85939 
94248 92515 6547 91085 85430 90313 39858 43897 17865 53900 21325 21081 76743 98702 17884 2365 23102 63831 49757 64829 
58354 63751 68422 74361 7552 26476 86006 64256 6568 58120 93225 81880 20948 80324 39706 38633 33794 66169 81713 40777 
20976 1315 17232 19342 55803 44028 77496 87631 22115 62493 90891 61412 18795 83780 87982 76431 76062 7520 24420 6828 
78096 24324 30781 71087 16293 34258 10827 76420 64100 29184 72824 25411 16668 91950 57802 829 58062 65114 12907 41816 
15685 90872 79742 55258 14376 90013 74120 47194 89556 51572 47778 37431 42865 52615 3586 14183 18400 45612 41305 43031 
48497 78032 99758 90815 2599 93643 82176 57381 97913 54999 60677 26735 82972 32701 93647 46681 22859 82635 24787 25654 
90619 83733 73402 5560 78101 56330 39953 9501 3134 52030 19314 9768 90231 86912 92010 91866 51124 47555 81280 78697 
47229 58089 3555 20853 37067 85981 23176 20727 40801 21757 45925 23728 12663 69005 63787 20906 84200 95450 31144 95024 
78728 80663 39770 23729 12495 55533 65987 75264 42639 43637 25604 67885 88404 70125 2471 80400 2660 69018 56273 96366 
67012 66270 78894 13392 96618 12360 21691 81290 71 24516 21249 35130 79252 53997 57148 10881 31452 35898 55185 47274 
14481 902 25156 94343 11276 89666 90551 15605 82454 16859 32531 1223 84421 74134 22710 28036 18275 96548 99019 89995 
22688 46743 24635 88022 9791 81189 84875 99799 55360 48240 68117 34717 61670 34881 41789 28535 28522 49548 98071 75346 
65155 44860 58303 92084 9254 62614 44343 33448 30431 5224 58850 23163 29340 171 4661 20119 41779 17283 69774 16250 
54399 71139 37663 8088 64074 29866 87616 92377 34930 59419 15100 95603 51804 78288 97588 3528 38615 67788 24238 56075 
37412 70356 89094 37887 28449 85224 66495 14634 22198 29677 10454 11935 5303 99064 92948 76189 68045 22700 59711 26725 
33829 44348 12043 53717 7576 46459 26358 42342 51899 99197 89925 29606 35702 7549 96233 52096 61773 37783 11188 27106 
19468 70306 77714 77547 95810 33648 25248 51143 67495 53525 25683 60999 34366 91886 95247 16045 45399 45524 27460 72243 
86268 72045 20048 47513 73486 46078 23748 54275 86482 43679 66033 45972 10162 6366 5857 73893 41748 69363 38602 74054 
63806 79372 32055 89033 53761 60001 9642 2254 24181 38817 84159 57847 3777 83232 63452 85237 65413 25111 37149 22811 
46452 98691 13998 78381 37621 54151 69921 52567 61339 99425 94456 13665 27787 65588 1339 71410 36495 42150 14288 64767 
592 14993 779 58525 94749 75802 90856 77014 37149 73766 60640 88639 72123 96474 50756 87114 11390 49692 47302 89457 
2565 91772 27518 33912 37857 15751 89752 33170 45867 90611 53636 38765 35890 83732 48954 46279 10608 49844 34623 75833 
25153 27789 69528 29254 83047 51151 76003 17536 94657 46861 40945 48235 14270 33961 96107 99265 22881 68564 44484 9715 
59016 15665 15174 7332 4987 64432 78798 86985 68190 10491 52877 19333 8847 81374 66871 46474 19009 9989 39326 75662 
78586 98357 24757 7999 81208 12915 87602 86786 40790 92784 24230 15061 66898 13457 69314 10211 60577 1621 15234 43044 
99602 204 3425 38397 6273 5175 80650 99894 84712 49432 69067 20581 33789 69375 64065 91325 43242 12299 96215 46852 
51005 51750 92311 9589 72100 56233 71315 29862 50795 24654 73184 66373 84415 16848 77269 47340 80404 80754 61269 48452 
1275 50361 80062 59324 35213 82859 66553 23851 51555 42111 9790 97550 22624 1170 10874 49705 51166 3001 58928 72441 
64988 44985 79632 23652 89601 43014 49736 92884 8937 3832 94371 9866 17408 67574 42666 2158 77640 43519 24331 16034 
33344 4627 39352 78590 74250 45623 83358 15266 74313 45605 85111 39570 57360 8613 41519 38874 16126 23302 7719 17329 
86490 93114 65265 55124 81296 54142 76718 1203 15913 60825 48663 14247 33960 11683 84634 14564 11755 66148 98018 64992 
32722 34789 59954 81538 28296 40008 7029 16858 42434 88069 61942 31813 19839 51821 27816 7372 31723 44779 85057 57739 
4037 37286 71477 52314 27111 65249 55838 51200 8549 79604 54931 10081 69295 46894 3324 38678 91826 52082 10526 84054 
74583 16877 21837 19869 39468 50885 24949 35430 12098 2336 71551 88469 88565 90928 61266 42822 2490 67623 66598 22676 
48575 58238 85826 53652 43942 52282 17584 55938 758 7198 86548 48134 66315 56667 41981 21492 17647 76 48820 19083 
71098 25921 87801 49628 73897 94353 8390 33656 37574 566 72289 59348 11804 67541 79105 83588 37556 48 22346 82994 
60570 73801 40480 74886 48389 6588 82444 36638 54121 54261 41736 19880 91855 97804 53493 68731 4056 85830 38244 79956 
30748 77087 79560 48273 95502 29109 59867 20337 93128 66628 47114 98873 36179 31469 66563 21717 49581 57555 89393 22712 
92680 18464 12399 96749 61695 27151 75851 58508 78542 48271 15558 54342 42949 62183 74237 44999 91473 47866 15578 4659 
82066 20697 34661 84299 12260 47244 30824 37144 43042 36291 16568 22358 40544 90677 65943 89283 8242 59514 34483 27623 
98128 68492 54837 37352 92379 98830 98721 43381 50381 29075 87598 53786 32008 54578 26650 15921 6006 38208 17439 43866 
57362 52778 26574 74367 59084 27808 14067 26734 24755 94010 76204 35746 33884 93939 5835 81356 55124 21629 20805 80579 
75092 86682 19210 81876 55487 26714 51719 89153 22556 91856 64369 74335 61683 27864 35652 65757 8652 60261 82885 34660 
37499 55384 13066 56272 34401 42725 50397 19469 16240 8312 38494 48764 38912 11863 34322 2374 64435 38044 90591 82011 
76360 10542 21978 781 7268 51228 24792 31754 32561 29642 6085 59023 97552 98125 92548 86021 34489 97668 93454 45331 
31955 59331 3205 95938 97643 24660 72647 67706 12503 30319 70614 50187 90421 89382 68339 33828 51377 65582 69982 43032 
54331 77708 24067 50113 19878 51967 95293 59958 88613 56239 57130 2669 77558 26181 3325 82144 34784 45376 28598 17819 
20613 53534 39936 38758 1906 93874 31411 75118 75413 46019 11828 32590 71019 7149 81868 36973 41615 26412 94141 77681 
30142 48431 79881 32247 41623 5637 28322 8696 92293 62527 49291 14768 5964 71384 65877 36001 91732 68363 67920 76360 
77128 43424 9108 20763 97650 90989 84364 26430 3264 91855 65062 7978 71431 40104 5245 66426 59837 85332 93196 8044 
31883 47542 95800 23976 83411 84535 80337 95166 98763 95541 13891 3691 51880 36514 18210 28566 34688 45567 98970 79142 
54338 22333 8062 80803 97528 74671 91739 43284 54715 12186 19160 41851 33194 49904 28326 8486 94651 78447 22452 71371 
20171 13733 27093 70637 88378 31843 5197 78292 35305 63005 29082 85908 87546 50104 46969 84269 95075 65063 7126 54867 
4060 79604 99003 46230 9002 65997 92437 40328 44983 26822 76972 66915 93804 20446 90274 76381 2177 85917 99854 44628 
71342 18127 8060 18388 62212 81838 63524 32980 85705 50982 35581 55438 39664 86191 18660 36511 57316 1885 88773 30092 
8328 70929 36840 2569 20608 58049 68479 34367 72798 80504 4090 55198 85579 48343 90920 58349 96698 29252 34702 43999 
78529 1212 55746 1244 12559 61935 39150 83504 33127 20671 84282 33182 64161 65404 48025 83807 90823 26146 75863 24922 
5105 87866 55814 79445 31845 10590 80036 63483 23069 36580 4343 21957 18875 35137 4721 88114 37223 92886 21222 38424 
89636 45934 55599 22979 13563 13414 29858 44323 88035 73480 61350 84292 29535 29621 33667 66939 60998 81673 45948 9149 
70342 22479 71490 97898 4808 40617 77747 96215 67117 48489 23848 26707 30886 38901 49609 32410 16342 68307 75005 97966 
13102 16522 25543 66378 69636 14670 19849 47077 48640 76100 30868 31476 63890 94424 88687 82492 24249 43685 51618 32650 
35689 10042 31957 3966 44744 93877 24858 46350 7249 48949 65388 89699 18556 53687 96911 56998 67566 43786 52510 45591 
79596 45146 65998 46381 15606 77538 60894 46015 22044 15033 89902 5566 77413 99199 84959 7787 85103 80419 99270 89388 
19793 97222 16435 71061 89799 38830 52700 71708 55177 93265 95776 57233 71508 4278 66324 42994 41094 29396 70457 85739 
14597 55276 39269 85220 65593 72366 80605 31240 58783 44241 78718 61798 2637 97889 72491 99010 63765 15164 93914 30484 
20892 40906 80221 62225 71275 3971 14865 55612 91945 66652 2691 33570 69667 87437 18499 69597 30210 1679 47032 81358 
99498 27887 13631 24821 54451 18894 97955 91861 91765 21936 32395 53810 43887 8871 55765 88019 1487 31520 37897 83093 
31162 53283 43602 53717 60681 44303 58163 23528 68185 70571 74047 21498 97794 74477 41686 93686 91785 84458 16971 92099 
77603 72381 18510 11265 91470 21909 79786 12211 68838 29257 69610 262 83217 92407 21270 15807 97091 11701 367 27570 
31061 96337 88247 60853 15466 5154 4609 55603 32791 46858 84058 67586 73369 42276 16154 67177 92022 98562 93316 24241 
82079 54653 45579 41115 38114 36670 65456 31083 4888 28800 95281 19496 45559 64700 90003 41320 20733 98717 2375 95510 
492 91029 19372 19637 88334 67593 20952 38332 84619 41636 67669 17382 83272 99873 96538 87499 48805 53517 73043 93618 
34471 20002 84654 48181 22407 67019 42528 33694 94391 74528 21515 98073 84933 73046 23624 59067 90719 79704 12315 89192 
8993 75143 41765 85595 15544 96665 22262 16110 26078 73799 83444 30690 40411 8207 19960 95741 11528 38629 1069 66435 
56740 77605 62990 30499 68361 42732 57620 59532 846 68817 86525 63518 31733 7456 40750 18074 39345 34650 41418 13160 
29402 6146 54618 60792 66824 24445 51451 22933 56368 97213 67229 79843 65493 37422 95487 1603 25378 51471 39270 43625 
98904 41493 72347 40011 64146 13979 34001 82565 47381 51449 32383 49956 20032 10341 27329 47311 4655 69312 46163 71950 
97188 95780 48199 61509 47929 34111 67833 17763 10471 79340 40454 94969 88851 3774 41167 25 5474 32556 41844 82026 
92844 11859 50032 96574 67032 9467 27824 70725 24992 24689 44672 89855 95242 2646 38509 55875 14894 11417 62936 96438 
44856 98761 55268 92184 39138 11445 26617 81466 23866 94481 756 89188 65011 31926 36107 63860 58593 39347 42667 74726 
40813 79453 62894 1153 8525 31231 57994 30701 84706 7922 8221 33106 42004 33132 78988 55383 90432 37641 46970 96057 
27480 27810 93386 27512 75521 56834 65124 5250 39316 34146 48097 28240 15206 2838 21757 71449 26239 59017 50099 68966 
40211 99812 78900 82709 81189 73705 55809 38885 4919 15849 39638 68026 62482 82798 61402 43519 10726 8049 83845 60397 
88013 49244 49350 37048 35841 47892 16697 60660 38725 47650 60757 4192 17477 24073 19914 48435 95356 58834 29046 87763 
93509 78519 49750 936 74214 34855 69684 25505 65154 81667 26736 34269 37544 22903 96248 60419 52006 24320 82423 53844 
44386 52197 77599 29888 57215 37596 85055 71530 93534 81915 19669 64949 98076 68458 52569 76795 81768 53099 4640 37996 
89737 72534 22386 91099 8235 10418 46580 61252 86155 52720 32722 43760 67736 69362 63217 68522 33910 81044 8241 25837 
75843 77779 45127 4362 38131 72792 56940 34622 29231 13832 48216 53886 12889 66099 13725 62066 83325 94877 10974 90815 
34975 1696 46843 17997 36164 85739 59630 9376 98998 5581 16318 80759 77811 10811 44769 48065 88189 29709 18237 16517 
90757 39168 10384 26652 62888 99081 44858 27400 35803 56928 64681 90887 31486 30700 41780 19575 19135 2842 24625 73337 
15218 1780 49660 63724 85558 65888 64685 33783 33024 79510 29727 71439 9256 69718 88623 57655 9167 39169 37356 50031 
10787 37260 16502 92681 23620 2277 28962 14721 42195 26961 41918 57432 53718 93971 24305 82826 45071 5805 16535 28642 
13211 69312 26043 99528 42850 62425 23706 46562 10149 14846 68380 34971 56653 4163 36374 38385 62529 62218 21636 7160 
93403 33182 71437 17165 20156 98959 37105 84173 85817 4581 6663 26734 26800 59009 65077 40666 7096 57678 28563 7279 
77374 31631 27385 40252 89977 2928 10533 80789 31711 5194 10555 37848 36757 7709 51700 55565 57028 85400 28495 69414 
57150 60721 25726 3774 94321 45681 43715 44018 35854 1135 69982 56144 57030 62796 88145 24448 82280 48166 57937 32480 
61533 54391 17325 77302 77602 88709 4488 36551 48045 48841 74802 23634 792 10706 11215 373 17756 78379 70260 79191 
89235 29615 80325 27803 33021 13028 56739 10549 67096 8821 47315 20090 35860 40101 5183 30329 45897 50224 75512 42832 
12208 63080 84253 41242 49594 35929 92229 35438 29794 99617 84170 79684 4519 14298 86884 63346 66539 56560 61823 8151 
33626 90035 40260 36809 5827 81449 13525 9009 85391 19840 58253 33784 26897 98491 79055 37883 62354 56362 34099 61673 
69658 44647 27266 38833 69838 19305 33413 15251 73272 86070 45209 43742 16376 26820 21465 99930 73986 2289 52472 15457 
6733 63769 37720 34379 207 87099 13776 30783 9274 31162 65267 51200 30086 51343 67484 16297 27319 52809 19305 70684 
23645 11707 70379 95385 41809 41979 14573 79726 85581 63713 34659 84587 24757 70451 90408 48434 72314 70717 31104 37291 
44790 56874 28358 71984 14800 79166 47120 32261 12481 33510 44424 7689 5037 57409 42174 62461 62715 88879 41688 49440 
74118 19867 50985 44916 81438 63768 47221 67704 68688 33650 43032 98797 41881 86046 89161 59155 42786 38751 94501 7395 
98766 14437 44616 45387 58332 69513 57905 53283 87440 82817 63285 79646 92329 74283 37489 90676 93459 49983 83039 16159 
31039 15855 33346 98515 2906 32575 31979 25832 63046 68400 51895 33579 21 81678 84197 21845 25145 11793 72246 67334 
67243 57680 23952 91545 83945 13441 83588 98912 34145 96903 58370 90109 86628 26762 39443 9862 80615 32689 61581 55370 
67480 45530 75098 74289 56413 75210 63454 8999 72005 59316 74837 22331 8095 19454 32448 54640 16515 38232 31430 30939 
2187 84590 63303 71330 33124 72145 41974 93034 51317 79170 69788 22225 87280 45050 38383 82280 53929 46841 34430 28301 
95619 27410 62563 51575 89301 65460 44984 78569 41569 59169 81403 16621 76024 58731 73110 73874 50981 35578 93386 51745 
22600 27303 30391 94262 63099 46149 11143 87356 97739 37643 4766 27746 69897 39897 35395 70468 30897 62611 82814 92343 
15803 56902 61798 9505 90238 22953 49194 50403 17870 24251 19068 40790 57974 84948 10021 74534 50054 21240 39892 87965 
73076 84229 1135 83985 27970 67648 8653 72871 67886 40103 90881 26017 63108 14737 42443 51756 62401 71616 8642 83497 
85842 75003 97839 90713 44320 85189 7338 13643 31695 89416 53248 23749 73443 79740 96382 68432 67264 19879 91880 39695 
86722 30249 44255 66285 21963 2971 74689 61248 66273 18509 14773 36501 65774 56902 34152 48077 92370 32242 8178 99403 
33613 11594 69690 41042 73290 12380 7120 62796 3046 16654 30203 61230 41671 48094 6481 92761 95837 51330 40126 9749 
41965 71248 79338 48908 55845 69272 12269 8503 79978 67783 58155 76627 81225 50203 41758 14993 86729 85612 17224 22512 
88085 54543 12336 58227 73866 5692 49215 74718 51139 48874 71752 4145 79427 63742 91366 20836 44691 95805 6929 40962 
63639 72683 83812 84682 59799 73156 16507 75486 92444 53717 74365 81355 99893 88713 81486 94993 58923 92137 23754 59374 
58612 13306 48648 20923 74110 80449 22447 25968 7281 97176 73368 40041 70632 43 74292 62975 53885 81923 94593 76217 
68992 87733 47674 66117 94091 21658 10286 39920 78996 85624 80389 23248 66177 30787 90064 27610 31598 6102 36922 2712 
72865 78884 56016 82955 86365 32780 33287 71598 26807 10862 29933 45834 12394 32392 96278 12027 6240 70535 2999 42386 
4265 71713 42254 50278 90886 2990 69106 60077 9218 75476 48933 11643 63898 89324 90024 3656 22340 61623 80634 31219 
44339 61509 90200 82224 58881 4307 25904 90858 63247 14170 15650 67949 20597 80152 35257 73012 69276 35092 14947 11148 
90506 51225 97873 82043 7049 3946 97117 55606 63244 71578 48537 15947 98014 97252 22658 47997 32992 97257 2462 26276 
8031 23898 36031 17310 90989 49617 26428 56646 75526 98395 48133 88561 61448 15260 73305 76024 12574 1839 22970 83376 
48555 24467 76143 3275 10438 72979 2569 41291 46901 88265 7593 21903 98559 20164 73391 25319 52315 91904 4857 78743 
46712 42141 28757 95084 19586 96449 69136 3922 1407 17522 95880 4654 81986 66014 63515 1345 80683 22493 13912 51690 
760 75144 24245 52254 28383 10334 5376 41114 56726 67944 68461 3106 78474 82575 62070 15820 33576 27929 60318 95108 
41076 20371 10851 52399 24136 12910 72657 57643 71234 59157 74831 29286 61215 30918 2046 15085 51124 84460 96832 44850 
50966 49787 45057 41075 52137 5982 16963 30295 86925 2942 49233 6572 88892 96225 37602 27367 15580 2269 77073 44996 
72843 83011 84536 76676 76162 49264 52696 35761 10368 87021 16293 78162 97718 97022 41018 26090 67440 78963 53198 88652 
58701 8957 34602 38254 43956 91829 80947 10819 56222 34530 66626 45113 24434 87630 61013 54112 43330 44666 62988 57366 
11330 84451 83903 49037 86186 67860 37713 78309 85003 4864 85847 17865 26244 98149 71821 34827 19927 77555 35514 87591 
77245 78744 43989 42023 10900 86948 78459 83237 4232 19236 62195 93710 14030 11255 30489 28693 9050 20310 53349 95964 
96128 73978 45003 29907 18343 49643 34086 7703 15736 94695 81985 53674 34121 9152 98127 88706 2465 30940 19858 99180 
64988 59913 7082 32857 62995 95824 63726 17637 42137 96706 90427 47629 80602 16834 61841 65553 25608 54642 64938 19165 
15317 34510 80270 85490 51779 15005 55888 51018 9779 87358 77991 3855 29028 37525 72592 79213 54591 94393 69811 84613 
1320 87460 10771 91245 27052 21277 60804 85804 39586 93308 77679 46255 25725 77504 1604 91052 55609 92974 88900 6113 
56230 52765 74189 91978 72770 63199 46679 54377 78688 37316 70902 82974 66938 40345 93572 83170 79131 60890 29453 82871 
70807 48008 51444 71594 95573 64446 44101 14558 54635 12811 47263 34250 65976 43102 71606 26952 68387 60117 55161 41786 
6212 61752 72008 77783 58477 8564 64034 62697 46858 98065 56619 98326 71221 57028 71519 43084 17938 62850 65470 82446 
83561 52127 59412 51602 17901 46156 35810 16459 73892 76517 28548 98379 94091 18825 9703 66428 76763 87394 51133 13106 
62920 17141 72556 55173 51665 80270 52839 44455 54037 81285 10087 13739 34805 7017 47919 98644 66597 58780 11620 73124 
59456 16662 63671 74828 95635 26769 90306 42555 23394 11350 89018 76455 22833 37814 8709 91870 36315 43271 72522 23814 
41350 52170 64085 1429 89860 17893 35803 58665 29257 72540 85095 64006 11898 50874 35545 16288 23541 3769 83798 56139 
85052 61673 79696 28807 29619 12535 32527 10254 63478 93199 20789 33052 44261 73290 45228 55532 75842 22470 82262 29249 
50473 90193 13067 34316 40202 16582 57952 55605 99198 55040 28940 6009 11156 28682 53711 60511 60178 42014 53186 41528 
25977 44025 1371 901 94378 47356 93858 28051 94417 77875 8907 50839 35556 57997 75668 76896 7896 1044 67297 65310 
62867 39599 56308 74585 89003 44011 35151 81703 36165 72101 91498 47873 68754 60653 34199 41196 43780 26367 12100 53541 
29829 42517 14996 74785 59147 64055 18114 56805 39502 36818 55182 75125 94527 7379 73820 84194 90498 27281 53341 3276 
3091 97895 66813 79949 85615 7859 10193 81311 72745 78369 52836 55469 77997 51421 37070 39794 7132 14664 69420 16881 
94288 95000 99913 13023 49497 37757 83670 98230 92041 43081 80601 34835 54366 11408 88538 72646 16248 22110 24003 77092 
86051 12921 21714 32975 52109 7856 94981 98720 4722 90197 74714 24935 14082 99465 8889 33551 88638 24083 72627 89966 
76869 23708 35396 68978 47471 94299 51177 94094 50649 50797 67079 23641 72010 15502 26330 13429 25367 49723 84947 67236 
77836 3311 50552 15394 73616 6272 59932 47962 98988 35278 58078 45331 59230 99591 55017 42119 81166 91955 33987 95104 
22932 41307 90459 87795 6619 73206 27564 69289 50242 7886 80713 85031 51946 88015 21247 48231 18396 25816 53495 76821 
73755 61254 96568 84664 69308 57645 76708 13829 73082 81366 55452 52315 26045 92293 90051 1238 15206 28081 38088 19466 
47469 55363 95239 23217 84239 12785 89059 48863 69903 96647 77292 80090 80138 8449 48090 15805 46475 85591 10056 66188 
90100 96002 67599 95671 24117 84340 21194 86190 68326 32648 33913 51936 90261 70190 66570 31239 92792 16287 34086 3173 
88740 45094 3540 23147 37806 6143 27216 81828 15038 90271 42178 97301 76485 95757 56437 7860 42243 21535 38328 79540 
86464 30426 29178 33472 4350 78278 85535 54334 72987 78027 61509 20005 21196 88737 28193 93336 9556 25059 20849 94025 
35714 80199 36773 64400 72651 15666 44399 67670 48676 11995 63938 16531 38553 3427 96591 78448 76719 82980 39380 50045 
59630 95492 92013 13575 41602 6534 78008 92890 40458 68915 22383 2992 74810 57324 28159 91546 82980 75766 12404 67899 
65765 2337 42172 96789 41037 6847 29377 77806 7120 52922 72869 53567 35875 90598 72586 2056 86340 14983 32632 28457 
46996 40448 2908 22387 59999 48683 82209 2555 7308 42760 96951 63702 62429 72853 51305 88160 83346 8535 24533 14055 
76547 56107 49237 79966 55248 79572 6179 61278 64524 19199 6283 79628 3397 42552 74491 63804 94237 36394 27918 96804 
24096 66328 33792 30721 48417 21836 22615 85949 94364 2183 29319 85125 74579 14447 79915 48264 7855 99093 66507 99845 
92950 23931 90524 53184 80572 56498 44408 86506 4980 87100 45016 20680 21145 78089 14474 45386 63590 78011 42440 85613 
62268 957 49494 3380 5847 96324 32369 42406 48407 71522 15614 59777 96837 6025 97055 48950 41796 39184 56226 23068 
51533 44546 95242 84524 80634 16524 97707 96731 31154 12985 28054 10852 14481 29183 7317 25234 90604 37820 14973 45403 
46671 75096 57913 89892 37452 84654 34671 27474 17965 86598 37942 79424 29869 70292 98796 26528 63004 90208 76645 47347 
43752 65707 92369 30812 80564 70133 9981 47661 9181 1995 15646 72518 72782 91025 48267 96009 38132 26023 24045 64950 
50462 29781 72169 99962 97762 36700 89677 6026 91236 53505 22742 98894 75671 34344 49849 19203 15218 25346 46077 8349 
78389 82915 57954 39804 40214 69032 85253 36924 53276 10643 73628 18226 2728 70062 76003 44852 62177 65437 18801 32887 
23116 31463 36830 33697 52254 53215 35597 26877 77282 40916 744 50142 80060 69449 32719 31698 26642 31984 71948 86370 
97915 35067 77303 82284 77268 11562 62494 81122 84355 20865 84704 15409 26508 73252 63267 47432 85878 74964 63043 61115 
68829 94006 52778 18689 40225 91674 36231 90476 87685 34166 72755 27230 55457 35760 89233 17358 98752 68189 25275 85950 
98458 35480 98539 30863 50863 27835 49155 6585 1727 35168 86550 89224 57212 249 25627 35256 44362 91812 8301 45196 
43316 12564 51244 36111 48632 1355 80031 92884 91686 5735 20899 4155 72269 14566 54931 74082 4345 21241 55763 88750 
84057 51779 10876 73201 43744 78771 82528 37956 76302 37334 90404 59910 2817 37886 41851 78431 37301 28769 72733 65863 
75481 61069 42131 88340 57097 72908 21037 82621 27209 99108 23263 80293 12245 4366 32517 93501 50534 13737 15967 62925 
36259 61229 32353 45693 46310 50324 2591 39927 55115 83804 33132 86926 89305 80344 94183 33650 79732 39853 31447 15621 
19476 14296 55072 45998 1252 96894 65723 76895 83520 35703 27358 7400 28615 41805 56897 70216 28733 41141 1632 6537 
97389 51683 77750 40810 47813 61250 13219 84331 72310 20779 93054 66189 53992 58055 4201 20863 61437 16397 62574 26916 
35407 72539 28013 30134 53158 98798 61976 66345 48242 56823 33581 96774 47824 43383 63122 3675 40147 89956 31258 16202 
71178 24295 79661 94878 16833 1024 63127 95608 46683 34749 55562 82757 40451 76670 19455 9352 82170 42497 78285 38283 
42689 16459 69621 2026 56453 56689 38800 83526 19365 55113 15532 47451 40195 99762 60911 96682 70919 48226 47403 64769 
11024 81976 29436 80738 93488 27546 16762 27190 49232 74384 77985 4578 28796 19498 91288 17202 45549 14771 11245 88326 
89060 70039 62506 84905 87381 89253 99220 35222 25233 55202 82800 14594 29224 13974 31652 57712 9951 48255 40381 60370 
77792 54272 90020 63004 18105 71956 4175 3633 64162 24277 55346 93331 2150 47621 90694 98625 81643 25040 64927 2186 
35508 60742 94441 65276 61072 62648 22946 43567 25779 16059 64462 97343 70143 18952 28759 32746 13436 76047 8321 7098 
84092 21815 50301 22623 21638 94258 55534 83289 52001 81959 22076 30475 99655 78162 91207 26004 20076 66953 15221 71307 
70917 6207 31040 86031 82245 43009 26628 64560 46920 436 5051 56821 71440 29078 27919 13771 4410 59134 57841 69624 
95131 37473 70241 92166 98132 16637 63010 90896 21085 91603 845 62761 25759 43143 61183 72816 28969 99819 44858 93007 
68964 40873 44414 6092 59180 45060 91363 88444 9178 62103 39094 52201 70634 84008 78701 14980 26445 23265 86812 88175 
32296 45796 7097 20996 37708 11954 5026 82995 94310 91683 1698 5349 32708 21009 30808 5181 70940 22557 24571 68310 
5726