98959 97578 12514 72792 70061 65477 79119 86863 10809 80658 19909 69219 23155 23881 8046 24195 95537 92338 96097 55125 
49191 93790 13341 9917 38693 16637 29247 85118 90810 23789 25388 56149 26556 98851 55316 87482 74186 58048 66102 97297 
78911 32526 40239 35938 41078 10731 27210 87418 48073 32627 90957 57932 50791 2724 96624 6448 78672 4040 2792 79587 
40912 68639 42003 87706 96292 59225 14345 88980 74426 36617 32352 3238 30298 59150 37336 74039 28606 16610 53524 58146 
47065 96229 21666 47353 31392 67260 46668 31979 23385 35722 37555 85495 19086 63380 37659 63947 82779 22223 51237 13587 
28949 9149 37911 71955 22197 25613 69360 84819 30392 33524 77840 17336 71519 65758 7132 24445 32485 8771 56645 1928 
52060 49895 70965 14395 4552 85716 57830 90947 42473 42443 81129 96342 74893 10593 77136 17083 41024 29814 27471 13511 
47684 43683 54976 91243 31378 17306 73916 6094 1403 67693 61045 99691 93826 24048 9821 48090 98826 26070 82524 46713 
57113 7721 89545 79119 32581 93128 72999 94666 97237 6210 4362 63973 89057 43451 29958 74122 90888 8171 75569 38546 
77655 5498 40627 98073 32329 59887 2657 5448 44978 33691 72810 73400 18456 83240 49131 79971 47185 36355 90233 89501 
32063 31472 14094 76269 72257 99802 40216 29477 12251 68149 15194 99870 33554 76112 897 36598 96051 87012 10272 48541 
77430 47322 72341 78385 36686 76045 94292 59979 23275 73342 71469 71607 2420 49608 59579 92609 390 59514 60069 14390 
69820 25493 77979 92453 13728 13888 85183 10118 97549 24681 67699 80487 32957 8940 41037 45724 84880 86297 30893 51325 
99430 42244 27430 69970 15535 50304 10931 10527 46152 28694 18554 9350 62835 71659 53452 62262 50641 34067 85590 64595 
44925 62301 98258 58271 19190 48591 41154 59077 7590 62849 55183 58553 42686 69864 9675 89434 17400 64133 58421 97460 
15641 56343 89119 30732 23043 49835 94691 18990 43785 20242 29010 63743 2220 87141 27288 97271 52587 65750 33778 56735 
78970 85986 59073 10170 2179 83420 80457 69226 3983 86615 652 95164 17599 58683 74385 10950 58715 55313 78124 58633 
1417 99943 69247 27637 11163 3810 12773 90753 69988 17007 27706 76397 84561 92319 42028 5170 50022 59881 62513 712 
51056 70469 82982 96411 63544 77098 11469 1691 31336 24423 62437 97813 56817 72014 81153 42188 59240 65751 75629 56303 
9640 281 9176 42914 79596 48583 74108 88173 57016 8740 59012 70709 91118 71054 6384 25012 97667 25529 39792 93525 
28274 21830 88529 2279 52325 57335 25684 40560 49547 82402 95572 51135 11893 61444 91391 56641 57488 32370 76477 3377 
12559 92355 7351 39663 44153 46523 27002 74619 55011 82347 97669 69458 97698 27260 48995 97594 41363 76990 76519 28516 
76541 67936 71461 49542 56758 67898 69230 67817 21776 13071 53070 93239 60266 39278 13981 34526 73757 86822 74832 88689 
68137 87778 32712 88340 76841 98856 1276 38756 98683 78107 66283 70838 6166 25250 6761 89243 32002 58493 91145 81536 
27834 37140 91034 304 61685 46476 44809 63023 21436 10874 912 74881 72474 80576 92331 42664 6882 95529 77288 99862 
51202 89773 23917 97308 97108 20214 10787 42034 84194 95606 25375 29629 79338 51397 12319 84187 27039 1495 77511 91297 
25835 16972 30183 22797 46686 69823 11927 54465 68127 2887 82795 57907 11848 48361 4697 80660 77722 72042 27695 4641 
8117 4417 5524 8348 97106 19790 67096 11723 38844 53061 93332 45575 49717 50029 5014 80490 43482 8150 37128 45610 
50482 18171 82413 99235 25731 79876