8296 74297 90581 63780 46605 37610 46616 98145 20151 77597 84840 53776 99025 37128 76662 21611 19508 38470 78107 79388 
85154 71513 23874 96999 61896 120 3889 89277 17447 98652 52659 47342 10656 38651 19627 61779 91117 30021 87985 58587 
77488 13502 51973 47275 98482 40528 337 47615 16439 86615 62433 4146 61343 39978 92554 47088 90079 57407 83874 9201 
97546 95391 76405 84078 33530 7545 2496 72632 78855 82193 19010 32798 65974 42767 97765 74884 25856 2623 97055 5067 
21089 30959 81561 12104 38052 63158 72412 81653 19051 10188 66667 15116 36052 12476 46357 86269 71668 30854 36398 39676 
56778 73098 79009 28811 53569 22241 21676 59808 46692 1573 87280 14842 60683 23652 70525 97603 40972 36190 47507 9336 
87418 14509 42842 45229 19128 97978 71181 90613 59022 32861 51992 86597 30600 70423 21165 98377 34221 12250 30418 41580 
22355 39089 44992 75203 96733 81841 62981 52715 88477 7486 86796 24537 22640 14691 78646 26356 95205 72514 23881 64204 
25632 52053 49376 20388 91745 18641 71914 15602 32810 17119 55872 93641 56477 65133 91866 9161 59445 31489 38013 75809 
56538 1092 10725 57876 24140 6875 95587 9364 43919 48103 67097 71194 54294 29975 92608 37847 11039 71900 55126 78115 
30271 66692 46714 6796 74582 72388 82311 34527 6621 17117 77550 24818 2878 25481 39500 63426 32144 28232 40577 68617 
79002 68841 53484 38551 313 90715 58652 98842 92402 68028 14823 91387 50877 35122 43104 15694 41064 94180 53493 31191 
81592 40726 81550 40681 16662 10332 29751 41175 21595 18995 23800 80006 81017 74491 86631 60269 91933 69443 58339 30066 
98489 69097 56625 48631 31873 76315 57686 69438 82402 74766 66221 52837 17378 66661 23388 91137 92219 70169 19830 61036 
60071 34501 1053 76471 1877 58943 57062 87173 64257 28969 73920 6453 33729 32236 9450 56041 52650 47948 42254 34352 
88151 2648 59494 78948 66865 55659 57788 19908 28291 66416 12215 43821 39462 5714 59027 55143 99206 51588 54863 57797 
62996 3621 68641 11750 37140 95689 68128 15757 62370 834 74209 60009 4699 32346 22880 57309 54829 89173 44582 43204 
35228 25895 51059 57243 82530 36279 18103 88935 80312 82688 65653 39219 81703 52873 85948 41550 8184 49036 72355 92016 
2340 70350 12595 20465 82457 42225 82564 11160 66860 12018 78968 289 72936 41631 66405 82368 1489 23704 18976 87143 
38176 58180 21441 19810 6651 58392 12457 85485 1970 13458 12638 48505 26844 81887 76546 16131 13189 29483 64770 15108 
35793 38341 8003 40516 42844 32717 70512 57261 39714 6208 45897 52239 34878 56317 32224 87607 81740 90389 38815 24902 
38373 84410 99559 93246 59153 47511 44598 64341 85572 19464 37655 22207 78501 75901 80557 13121 10633 10847 61286 53258 
32877 41958 60709 7417 39211 6764 48105 25387 18845 30873 73447 12337 13100 70852 22174 94677 2945 25340 60330 12732 
82201 71686 95356 19362 65422 5419 34812 17821 74727 54588 53455 39296 50600 67879 13949 69016 84779 69810 4782 88757 
55178 4037 43339 12536 84847 83436 69754 40490 7621 7950 85844 52183 3071 27147 39624 74341 29577 8244 16607 98620 
22486 65970 62950 70623 54925 53039 23688 19263 87498 95419 21292 63097 64334 50063 7267 17013 31795 35318 18309 72884 
83782 86982 37199 6481 60092 63229 33200 238 97459 29945 86636 82315 10441 48312 62080 49464 57992 28988 85349 32161 
91846 85003 32418 43982 6091 46493 83012 68874 41163 62364 53486 36994 26533 81986 78576 67639 19795 16829 12941 68498 
5480 30058 34139 11531 7879 28524 47462 72246 29150 41628 49262 40133 49550 16959 35535 80361 2955 67809 60064 34195 
70696 20769 9568 81412 24176 85917 87514 34889 92737 88130 85545 68962 27446 62535 52500 25062 86192 73691 51795 27047 
1273 80042 40088 40320 59209 15345 9942 43804 17605 22143 93723 72808 32337 41889 71796 12298 74701 85726 27573 23679 
98056 50423 20870 42822 90179 58430 61761 40987 98552 43879 8825 37152 18247 51203 19598 39037 33126 44511 50639 22715 
46235 50537 52494 6953 69596 26667 3053 83504 52471 72644 29911 91828 85586 67535 27850 35639 84082 28430 14787 76237 
94477 58346 75640 81812 89924 82943 77863 65446 35950 44242 74580 91283 72353 25074 14269 48885 94905 21616 12138 5072 
4443 94964 20086 84366 19651 14696 92782 50220 50996 89358 52963 95894 84283 3194 40745 98306 1722 8015 8240 34256 
17916 82617 41374 54706 52566 63480 91477 15491 98939 96571 70749 60788 99182 84416 29450 57722 9542 71786 84117 81746 
15678 23988 56393 34151 65387 25473 32527 88174 58662 27735 32488 75031 68596 95452 8647 42208 35865 91286 61950 15338 
17321 93121 7251 71062 16278 49395 86971 63028 77336 55246 46592 39272 35019 27019 81477 20659 47186 79594 73067 4760 
5768 45826 98830 37478 86983 21719 26183 92406 39245 82631 23129 20118 80157 36999 16585 78344 64230 57876 36084 68327 
7597 35848 99691 49477 88262 49143 19939 65057 62141 76273 81017 93604 85528 27941 67954 65963 88166 47302 91688 70387 
83775 59503 98063 35484 61993 45495 41718 72657 52188 95422 67195 77732 23574 22088 74127 11570 47142 86825 15659 73845 
42830 43369 49415 51976 9547 47480 7190 20425 61572 33840 45343 4090 22227 10054 26910 94114 95911 71855 87314 20522 
38861 28983 75199 65140 31787 13336 3972 69670 51813 45845 46017 25443 66504 89230 67333 54748 64638 43599 13062 31320 
68398 96358 9883 14573 91942 89695 99383 59021 28493 36458 2357 31403 83998 94493 10925 42718 6579 59062 43334 60677 
77556 90982 7109 99327 79093 42726 70374 75052 46594 14210 90694 38772 63648 33801 85551 76455 45763 27792 48337 86930 
52382 92373 84127 38402 55270 63265 65859 43954 5259 60854 38660 82237 96408 26402 76972 55093 29759 44495 70227 17355 
93177 96822 61611 52279 30409 2711 77102 88325 94741 17144 6042 91031 66247 39856 64579 83878 48608 86135 39904 27993 
23188 69640 76914 47064 10 5253 33966 87338 4029 63552 50897 99254 42182 11341 90563 32468 81787 79026 13515 19419 
42374 9055 62038 74659 85383 40016 77665 14089 26120 299 55917 36364 28151 74408 13716 57353 11724 29523 50574 19598 
67477 54255 84425 32184 88717 88096 2905 69036 83319 98222 24095 6704 6280 4668 21488 15667 6666 61333 73846 43547 
29628 40856 5972 22300 37295 61766 12574 79034 92572 65609 20612 87583 75372 14287 45887 88693 56682 33466 47977 67269 
29583 75334 93803 39083 17925 89728 86870 43453 64603 41431 2037 4042 917 39401 95699 29841 46390 29188 80175 22628 
74268 4088 97068 83203 38964 93857 99195 66013 31648 56403 1719 92928 8679 49411 15414 54190 34121 62986 18411 34078 
9526 16925 90083 12078 88479 27304 69053 48140 39475 69097 99270 10482 2177 19103 63363 28330 33398 5916 49564 14454 
18801 56892 1814 52662 91328 96960 80478 24922 67030 72821 28745 33257 19945 57647 52209 58808 12264 15198 31149 2060 
88660 71413 55027 91031 134 85420 90887 33706 62251 1082 61572 62111 75757 26612 35549 19313 96978 96792 18390 66810 
34190 85330 69783 94828 85749 79816 73271 69673 25810 61044 89370 42346 58664 91718 12889 50301 12576 70755 5607 98438 
25872 5747 54736 74801 73066 8936 73669 65789 98015 9950 25593 2527 91827 95852 2492 38831 1199 1420 82158 97428 
25494 41362 81649 23370 66289 53980 49459 81324 14634 47960 27480 35088 48970 38365 96878 31035 86526 49376 43485 22088 
11845 75813 64615 55486 52978 98910 10221 98120 64002 65669 48067 9204 81517 51491 33910 53505 90706 83681 86193 91223 
26492 68988 81103 8397 47210 10668 69777 53952 71112 40599 34497 13943 68899 23277 18013 27539 21509 63773 19249 98051 
59810 79695 8997 71747 78188 65957 15552 97856 41300 8093 38302 77074 84834 23498 68296 10459 88267 23153 56954 44797 
80189 44398 56729 86783 19821 60303 12179 94904 27022 68429 25075 22096 44566 34814 7008 92861 89415 81784 64515 77961 
27635 76112 28631 39443 88991 56637 22811 16930 97119 32012 19851 62505 88077 75639 20730 38269 5107 67663 96029 20779 
62188 50047 1579 75324 17909 4208 93528 96253 74370 8438 34746 72554 70871 72177 5881 78175 33744 36242 51300 12292 
1884 59032 6984 93960 95729 57933 29855 33550 12611 3648 38247 91425 45315 78636 78091 33796 10504 22155 44045 17364 
35303 89413 99773 77456 6443 84975 25192 98904 76391 52265 72501 98768 50851 99896 24553 78610 80193 79115 69838 7346 
62284 80394 92917 4140 98817 9358 88477 91842 27246 16344 13273 56945 92942 35221 16490 58291 92986 83714 97857 4422 
17429 3436 2259 36456 18733 35009 42635 64199 13715 61493 13282 32661 78795 13317 45856 3050 52919 68928 58543 81759 
36962 8262 77966 66485 15767 36736 58545 94917 82932 86994 14266 31993 26368 80943 85452 77989 97622 92657 38473 92512 
72705 61899 5343 41110 26589 63925 80650 42454 13964 71948 70701 15740 34097 28827 47159 20961 37312 14279 20799 45643 
15461 63602 73811 64643 18979 36734 89834 37019 39324 49892 21445 37964 59389 29564 66934 34227 8483 71816 36268 49276 
71427 46991 2156 2851 57764 29059 41365 42566 78637 74010 55558 3177 71120 12425 14969 12751 44471 62314 19838 37756 
68913 96624 49048 54473 35067 66824 27825 59866 67133 63958 84365 86126 45178 27847 64697 36915 82762 30348 30943 65664 
74918 35287 9457 70340 32692 76904 25392 18318 70181 861 67943 9194 52287 4834 35409 99519 79541 45051 39441 52613 
96121 69264 73825 89110 20172 5799 31501 8136 94939 67141 46019 39253 88526 54464 73406 78819 12976 87283 880 32133 
16620 85934 34693 36042 94495 55773 75181 39532 24300 17762 44503 77128 18710 34781 70638 81912 97014 74041 27707 36960 
22420 9662 37761 57178 31416 19649 11450 60305 83584 48284 24777 86667 38748 46082 37593 46093 5552 99241 49094 45949 
11902 18951 99413 75938 62734 55436 51553 75490 67783 17026 59311 82958 42924 54717 29899 28456 9242 52768 40531 17187 
24562 57189 58448 93166 46714 3466 50820 22109 23988 35626 93569 75202 42578 12511 91318 41891 16623 86263 79563 46643 
56441 18915 51911 59861 93028 42603 72907 59261 36947 47383 62193 80846 23732 16026 49548 83178 94570 46634 33817 79722 
29605 13955 65488 47638 20070 64710 83555 32881 92445 27767 35798 37429 35788 92616 70825 41718 18309 96018 80596 77640 
27382 49022 47797 77759 83374 49828 78339 74261 24553 99899 77229 32014 3111 79644 57534 75152 11668 2964 93611 380 
59209 55931 81936 33436 84663 87469 34971 86058 63263 58129 1550 56403 107 36058 97436 64088 27927 67687 97459 69264 
52363 29068 78147 68819 26274 76088 8689 63406 56155 288 10331 8925 21017 38833 89882 65524 81252 71458 60808 72536 
99474 14803 21674 92226 14512 16130 68422 41117 5568 67709 58412 79803 8018 78988 54438 87482 26325 69001 92269 73635 
99440 5599 57118 82896 87213 97918 4595 12153 1428 40755 29609 47706 71844 18608 36782 31615 23127 98772 74887 36555 
55586 49546 69360 91538 69011 52645 12730 33114 74376 75897 20834 72505 26793 15779 45689 92938 16932 18051 74168 89967 
42334 63347 82194 71802 93936 18721 45449 77445 8812 59233 32594 34093 15703 68219 26147 34548 22083 27741 36353 84670 
55033 69626 69099 28088 49730 77521 35382 83162 39584 88744 21309 80183 21417 90443 47849 71650 47881 81732 22763 20614 
96062 16343 12688 14905 97829 57692 77228 55061 6436 20057 32587 72248 49596 97917 62393 45196 86881 82216 47808 75812 
38855 58943 800 21490 78976 15437 3325 33405 60383 80521 92601 11828 32694 23295 2843 9578 79395 74002 10536 40959 
72075 32957 15953 37606 28275 25672 45298 8998 77771 93254 24878 89743 26115 96040 6588 98333 56165 35871 52546 1427 
7621 36226 53853 58521 5227 2032 66468 15903 36170 29871 71647 40409 70895 26747 75158 31122 72084 58059 29321 92352 
12329 74616 77391 52477 23444 34095 78342 46989 87371 62947 49861 65675 20593 68706 16036 88841 78566 87971 17569 62310 
28486 24533 95605 4682 35948 14607 38258 22393 12011 61997 69436 71408 44617 41002 3953 96480 3447 39762 71132 32700 
95009 9693 92719 57848 19366 19211 40159 89484 93698 80474 23248 34551 69373 29829 5276 37580 20412 51410 72779 1211 
73515 28004 8789 18420 87058 36228 11328 2939 98256 64812 59773 28504 58253 40172 30919 46915 61241 11142 91592 86239 
11458 30629 84021 39772 65238 79760 23375 85144 97767 86948 81449 13901 65254 57408 38798 89347 21490 68358 45557 64987 
40971 56793 22391 21644 38102 83844 1813 29911 17827 58651 82095 33593 16912 69996 12200 96011 81497 8071 40120 15876 
10818 87696 35491 41344 73154 27734 65243 2122 82485 35281 8418 11893 38464 29342 80386 40805 35943 10978 87730 24736 
14728 45936 99503 63146 21097 41436 79863 29505 53795 75802 16316 65599 19757 47335 52230 50189 96087 56497 62783 20605 
68334 33992 11614 90530 90098 41933 93272 37883 46275 21924 39783 55605 13607 21787 53533 51941 20786 6132 64854 40479 
72875 92950 82510 88902 96446 41459 72430 10104 51665 70140 89397 80500 37785 9000 16297 18677 86506 25787 74699 90592 
94238 31 99565 91808 43392 13508 82284 60491 31260 79642 77253 98482 79812 73156 49214 96981 82529 44079 71076 11161 
96710 71362 101 72250 31850 60101 48151 22563 43416 19237 47259 35243 29477 40604 22433 16948 76472 15649 61376 93314 
14923 55019 70412 57503 83599 31199 21463 4663 31595 4416 54413 55525 71738 46820 42340 36346 46125 13619 33028 19279 
64233 62724 58916 33852 15676 78722 76947 51494 13590 89870 41192 53520 58589 44094 48530 24986 89096 46103 2702 99043 
26041 20694 1291 41024 92724 38001 66737 82998 41674 15189 35096 86042 24182 51932 62561 17494 41210 68747 43282 78841 
38085 88304 43699 68605 33118 92344 18361 12803 33847 61420 54318 17306 53627 47265 31207 92056 69500 28119 8655 24218 
28168 12969 18156 33896 99303 1887 16757 53119 98516 65310 12150 13825 21863 23262 14330 48110 77387 11918 61815 69073 
13532 59382 4057 48773 20912 52657 65346 20207 47084 436 79891 35919 1660 35427 1632 57396 63088 31347 30490 16191 
35882 53372 60955 63883 44202 63059 98236 39461 37654 74787 20085 64989 38015 23526 34441 81347 53344 35294 25194 70036 
33200 55667 9441 15908 62885 97396 61047 64378 68411 69022 61700 30255 53608 4107 3496 92218 2721 60690 55500 13053 
47340 2295 4311 24665 65165 88681 36155 23485 53955 49709 2408 43258 78300 84711 70066 31456 6279 38517 55777 30405 
94487 44883 59827 52765 56497 9436 89954 73616 50660 46463 52043 10301 73071 74407 47343 61291 27441 25489 52299 5796 
75686 3899 77120 97232 74390 24808 89128 8848 40839 65614 49978 95483 68248 51992 53887 41318 80286 85849 9981 54881 
85889 77827 16432 31810 98533 84051 19856 31968 9299 55362 60661 60763 3605 83267 56204 59670 71128 613 96537 31212 
25165 13969 17334 98917 2073 44723 30632 87892 85275 48624 30007 32261 57964 28804 69774 50668 15025 54207 47148 9711 
9100 21696 62940 68615 34677 5276 86936 15043 99871 19098 19146 24405 39561 74710 6780 69930 51998 42718 33900 87394 
21283 30994 9274 79584 83877 74457 45863 30667 63300 32694 41576 36310 11402 40212 58071 5678 83510 60243 39295 58517 
50202 87213 63564 64667 99294 68053 56837 78150 32724 60368 29702 85095 38076 33255 63582 74258 87061 87983 65293 4845 
17316 87524 11331 81495 68109 97306 38594 23658 45214 63721 77153 99830 40927 99470 42794 12153 34882 4389 24845 93779 
42245 79861 68149 7062 42758 30320 69945 71362 18137 35467 40672 72441 5806 6919 84866 7295 92601 49253 44167 39649 
24691 68065 73755 53851 83994 32182 80429 52752 7920 7331 83928 42848 38043 98438 35466 45126 35245 98338 43279 73004 
71966 69788 43643 69647 54016 99900 22508 14367 84468 55956 289 86655 44748 69498 13469 97158 5048 83294 34333 54916 
29128 73280 99639 58666 38996 8357 27195 89634 95940 72794 16204 37503 89033 8686 24744 42683 36294 50216 8525 90900 
21145 7272 3314 72223 23267 66104 64799 11290 16483 21462 46561 45650 84981 66005 14774 44457 54504 10630 35830 62825 
62334 25691 31295 32530 15324 49823 43760 24253 48874 57381 79071 46093 77523 19112 1529 35414 4854 11310 1819 40731 
11900 64642 50599 14988 82671 74702 46486 2615 50199 66676 37895 91735 17380 14636 6879 87647 33069 83481 6846 85339 
69134 47145 92743 97540 23342 95159 87312 25367 18486 40047 96898 2332 50899 43590 4834 39627 76675 20537 69807 29061 
3045 89405 30688 65623 47681 21440 55734 96015 49948 55732 60209 63435 97237 28613 37033 37933 53787 47481 55784 89065 
97480 41696 75304 17734 89619 10945 96838 59396 172 86237 24349 98574 30849 15263 54979 46415 70382 3064 66446 37246 
10481 75333 79705 57865 84250 82996 42179 85261 43935 47563 41944 7650 58052 8323 62838 88981 50307 5665 9084 10710 
91563 58948 96561 61295 62468 2238 18675 66282 81190 7736 32460 22462 38939 11517 30467 34132 29154 1607 90455 36676 
22932 33611 86469 14998 26734 64925 49280 7974 14905 27823 20267 37210 28436 71796 73831 11096 44595 54888 19929 48656 
675 76446 35529 27885 7029 35526 33320 49278 89304 42020 32871 54539 50291 96973 12580 16132 31595 47993 17883 95669 
3739 68765 43709 35644 51417 66967 60680 11193 24468 56222 82073 94656 9509 71783 1194 85869 92668 53029 1229 48448 
21940 93022 55239 93968 74087 40919 99004 25720 37091 20009 77214 77702 43019 62489 71791 35889 49386 62715 82900 29449 
33932 10518 50175 30770 11554 19127 95201 75310 90492 91154 71654 66366 12203 49479 46405 24729 13005 53762 88330 79465 
69694 56613 99480 87153 30913 8474 62711 32308 21093 1453 37672 95716 87253 41671 2035 81515 72418 99513 91931 96468 
75631 27711 57646 16112 83500 6876 7604 59433 60737 92159 88841 30358 38439 77948 9892 65928 89831 24003 92813 38375 
60320 77427 45123 28421 77678 56406 80358 5959 61504 17022 59432 45172 43560 12853 32674 7164 45677 38791 85722 35613 
14215 54399 14373 66520 19304 33560 66426 47168 44231 57045 26901 63067 17430 45462 97168 47985 28180 49540 90674 83570 
56055 17864 92118 20115 16692 43798 34190 12903 85112 85792 36793 17606 72899 12578 4161 13901 72328 77562 9319 82379 
82030 55602 43257 13135 22312 71475 56474 45991 51818 82364 20441 12624 83902 94833 57440 56503 13580 34595 25268 16081 
95221 73360 78212 41446 24073 99540 80700 98401 36038 24292 22704 25236 71104 95008 98382 54969 70208 77539 14899 27723 
4111 83950 86066 36205 9081 73034 6338 28005 22678 36353 26292 30716 73230 54709 14633 1279 88322 38609 87610 92844 
54625 5128 14674 49243 18958 61684 73390 64516 33732 63923 28997 13056 7199 60794 14581 89015 77905 27069 95047 64193 
52193 65979 29070 64118 30408 33938 84782 94906 26673 19840 89860 36855 17637 57096 12085 46409 22697 97462 97964 47659 
10823 79605 50220 83757 55145 88949 1942 98729 53960 41663 19361 11930 57535 98864 80988 66210 22481 76251 65853 46038 
40528 16451 18773 76811 10680 50439 60330 8474 91736 35573 55959 89089 23217 29319 70012 75662 12766 19709 43807 35141 
83589 44185 41155 58334 33991 43118 38109 59422 1754 9375 23165 47874 51955 34275 76790 92157 51690 69746 37831 64817 
47338 97214 79432 6843 53476 15603 62209 57706 36049 89522 80749 49054 58548 15829 46471 27259 49182 4714 77460 39786 
54213 87711 44378 72516 74151 79682 476 93119 373 52732 62033 92024 40965 93249 89110 73182 29924 57812 37726 66688 
61732 29981 15973 7647 82184 88168 84989 99528 27241 20706 53899 85559 9632 25932 81118 39515 97501 57897 21136 29126 
42362 63865 74904 91021 16864 86496 45011 78939 14926 56996 58716 91061 26735 11607 85281 60039 51502 18362 54563 77109 
61927 21168 87 26187 44921 14450 86047 85504 95363 16750 8002 41661 95228 52621 41662 35872 66499 45668 10915 15524 
76285 51236 16319 10469 48511 20315 61704 37156 24036 36275 91472 38442 30149 32259 73654 16186 27871 58244 84294 92931 
78051 4726 22513 30442 27027 24835 20761 90124 13737 35544 99406 97795 13284 41186 43552 59956 32613 56804 47618 27868 
41056 21532 81389 48581 85721 24105 60938 93701 75881 11023 2509 73812 33950 79675 79518 88378 72377 31294 93186 70482 
81023 74458 19896 31522 17170 41276 26987 63395 30326 33415 6737 92050 73408 1193 24770 9168 75282 10659 76634 60073 
30727 3208 29662 96493 40558 77905 81737 98543 71913 34207 14303 78033 97169 1053 96359 83915 7995 30711 56186 13330 
37004 39999 54024 39035 10202 4322 36431 28023 1823 5263 55208 41492 86149 94793 27204 91769 87011 33930 61161 51234 
74070 4391 14164 1138 13086 10972 34123 71772 95043 40987 82801 98311 35228 85516 23300 2562 56662 72385 99549 39424 
7787 92958 5626 95988 44952 57246 81855 80287 82619 1052 20650 23057 33292 7217 55577 99361 45665 13669 37255 6609 
16230 27110 3937 38795 97381 81679 84525 56774 53078 15679 16020 81832 40976 69370 66111 42939 77622 18132 5131 14517 
74281 33445 28560 62600 8377 94906 16272 69925 53937 70033 42818 79158 95860 80565 33457 16643 68264 53643 33545 42166 
62494 74287 73423 64130 45253 23312 73510 59672 96981 10407 40285 55488 12087 79955 43141 27274 70744 74114 42335 70863 
43378 79704 86593 14305 35267 85540 19278 31875 66688 79259 96298 56955 66015 38531 83991 27141 42326 21161 73135 41011 
74781 33139 42951 50602 50748 90708 11698 61967 74998 44662 12235 15836 29468 70936 96547 27587 70518 92563 99917 99103 
85804 41884 67661 34051 69894 87443 78000 42351 27442 24091 62336 61126 33918 30375 90929 84061 34429 75870 37354 17974 
39426 86584 9958 36501 15904 88844 77329 41260 76484 97557 96158 19922 93709 27863 91716 94300 39366 70642 17884 19375 
80515 31429 4114 60512 60837 19268 5504 41831 6546 71986 60998 13765 61833 18313 33087 54371 29452 2284 14252 37130 
10988 13964 63716 48894 73233 72771 36221 87952 19912 75615 18063 64135 80289 32517 60992 89182 26158 36348 28872 11400 
16458 87435 43454 36015 23557 54513 23449 68932 47727 57827 54822 68965 56659 50302 56656 59836 88957 87536 70659 34139 
52680 8846 72003 67499 69167 57741 23267 21073 68558 68261 86128 6946 35002 58079 54580 68992 64060 21555 70548 33514 
21434 25388 31492 3406 78495 67280 43564 76123 88189 11601 68081 51190 47742 89304 22837 60718 72371 65021 71011 11188 
70764 3267 92493 42770 7385 41582 35616 26388 70645 72635 48436 44793 86928 69230 15881 1769 14355 40372 67084 6538 
45257 59446 43121 60594 51529 96212 16866 25692 67759 63301 52175 42653 98814 5041 31644 96927 39266 97582 6299 51940 
98312 36204 38843 6585 86706 32349 62910 8596 97253 4562 18357 7299 28905 40215 40767 76589 61225 10474 49304 93749 
9988 95843 75325 84324 36039 28959 41437 44856 58001 6528 20875 19890 7355 12722 49913 99007 93711 11021 97270 70236 
80997 26263 60075 82224 21249 84190 99126 39414 46817 2139 82047 28830 67502 95725 88913 54404 15525 52426 46384 83219 
93622 74380 79750 90743 55444 69510 48166 5836 92250 80559 68074 44085 27220 33073 59199 52142 11146 96305 49463 28950 
17501 49333 40199 20929 38210 79433 12994 21575 22954 31617 35365 1985 97142 65090 79165 20789 80487 81321 69982 47246 
14034 95133 43232 64815 79654 73322 70905 59827 79570 24736 79384 22029 47038 76271 29327 15238 29297 12636 60113 93428 
84433 85720 10432 44126 81205 16345 40860 48665 5370 20311 97594 59860 55185 81863 71999 76912 26748 41697 94374 44170 
43291 94376 55007 84051 81300 84922 9725 2851 53553 35794 92521 61105 65156 48038 67369 13551 33278 83101 17594 22192 
52618 5205 30714 82194 97046 65916 14216 21589 51546 88589 90669 76836 4060 20157 11507 50349 53457 94885 88798 31086 
62876 40221 84663 79950 74783 77202 1256 46306 37707 18267 65163 45300 83526 72914 55275 73930 72756 43795 24244 92631 
80765 92900 12899 76417 7394 58316 97439 93174 21802 66033 32635 40156 11771 77012 32876 14620 97129 75667 25103 5669 
86412 89467 3755 22186 11997 47158 45603 64923 24144 11979 36795 84426 23743 7703 58034 76813 55556 26627 14369 91895 
47803 48507 73965 46405 71500 43394 19028 11944 40047 81812 56522 51373 82349 70762 83647 72865 88957 18687 93309 65013 
42214 27666 99214 17194 70161 93717 95790 35284 54490 22136 37264 37529 88543 58532 9725 97983 85100 37153 10518 27382 
9636 15399 66162 84033 58571 24369 88910 59427 88405 71202 77850 27896 8812 81392 78687 35283 4581 49966 5679 78637 
31042 99623 51918 2648 67227 30261 62415 90564 62185 77609 52036 60526 39837 88380 78109 63699 3538 52123 96770 59346 
88399 18854 39461 86682 73200 83054 51127 53076 93243 45753 15488 5168 16738 69280 37913 10400 28492 66497 1488 9425 
87654 19023 18028 98113 86804 79930 99428 90137 48108 53015 48030 60362 80650 27296 69424 83948 18935 38074 81068 38760 
95933 11981 23570 73456 90976 30792 92978 66309 87873 30216 31145 88512 21486 54902 81286 79573 13877 12044 61234 32885 
99206 99184 51396 40236 34587 32820 53990 33036 25227 99143 31929 7888 41853 33781 22562 46883 20342 40099 89394 16130 
3907 83673 38166 84991 63757 41677 42212 18773 68292 18941 15877 85217 62146 55794 96257 5912 41354 85483 95225 87332 
32069 94615 53819 65660 92745 64675 96050 25021 87352 61250 23106 39538 55266 6131 17002 62553 32467 86345 14672 96989 
72832 918 80858 57003 4405 57209 61547 17548 87933 36404 12451 81220 13330 21619 15176 37252 67388 55520 62740 44234 
31387 77912 32708 59000 16162 96997 95359 33660 57906 4772 80778 25559 93122 9853 14506 13219 99789 24423 60021 85433 
73355 51666 96269 98144 77980 75401 74136 30798 29012 53678 9677 24684 43845 49528 22000 22301 23316 57582 20933 64459 
68087 92660 53541 68894 27716 21771 65370 53974 24913 68371 40776 11333 41577 56906 2743 39917 41423 97269 45026 91019 
98877 30449 83829 2664 35057 54080 90246 35480 68158 6967 37783 38644 47669 94131 48920 34559 17284 616 64215 40170 
98265 94056 75892 18826 69920 46328 54073 23141 87167 18348 64164 9835 19271 40906 10538 71506 55406 26819 68618 34198 
4930 3449 75160 32681 66218 42541 11810 12841 38768 24737 76262 33725 22877 90551 67483 25434 11987 60247 87696 36429 
87717 21950 29039 76355 53561 74162 83838 40402 88222 82982 72591 54202 57069 24431 36829 25631 17774 39355 78387 83393 
37340 93716 85168 10401 6790 59648 41486 17242 69204 13565 41442 13867 26668 79990 34182 72949 49132 73864 29698 58350 
37309 36467 972 29374 66445 606 65037 93375 40637 29574 92390 82224 24636 8776 37242 49351 16713 68207 72723 16611 
95091 54956 8853 44948 93519 16289 93911 97233 99545 49127 35503 53396 32343 91653 88698 72768 16535 22043 7578 42664 
99750 12644 44280 62737 17388 71365 79591 43973 90757 52634 58877 74111 74241 17415 54902 25078 41842 8720 64362 5792 
47866 69173 33758 72205 42363 6805 27998 14802 9326 25540 92102 86525 73656 79469 40002 79275 4516 55302 20650 2963 
460 6612 50088 18340 12302 96914 17972 42555 68876 18215 33706 59463 83978 45785 16800 51032 47584 28023 97263 97499 
53972 75612 84408 72958 66231 30984 6082 13406 54616 72767 95530 10503 61025 85764 54419 81268 656 71111 7446 68301 
74564 5327 68170 87743 10022 2094 57058 60058 41042 8257 93471 61068 71346 26737 54 8920 98633 98501 59558 11867 
65384 38204 21139 14468 99101 22503 98948 3199 62537 37906 11899 19886 88102 14087 10157 43886 64617 53526 80042 79122 
26374 85992 47985 2648 99502 70996 75617 83685 63859 10389 3367 40269 13005 50395 50903 95504 47029 39134 77591 2385 
54714 40143 54219 28310 11748 13842 56522 43936 12582 72457 58975 98132 21089 22049 70261 38258 1534 61733 44554 49641 
72385 71400 62235 37598 21736 75082 21865 7187 5525 14184 78900 62102 48017 37106 32976 54729 61725 62317 80680 4666 
6929 8090 10858 59737 7290 33877 64034 99063 60873 14363 45773 18579 87374 37011 79221 75624 82149 91821 39211 43123 
8461 9152 65383 82359 74283 37823 32449 96459 83326 88812 67483 92435 78530 22646 49379 40152 60910 39265 68830 44350 
30277 67109 39415 12804 75310 40871 4071 51682 51741 81839 88397 85994 56082 18924 46270 73424 6061 65066 72831 29437 
27895 82545 18887 22259 60216 58419 55346 96599 66236 70586 52213 33163 30441 45830 1418 80420 32727 90293 93554 64648 
4211 17944 25126 40087 12506 63481 72233 76164 86662 86387 2124 56071 79681 92882 37165 3004 89875 85930 14847 4194 
84605 11950 49085 12632 26659 40110 30527 32835 4011 14841 25308 62111 50234 54998 28160 89235 85138 49359 63994 51147 
44249 21934 28220 73438 93238 7734 49348 84105 72319 69483 23613 8167 8370 33840 16515 27144 6382 42979 66679 65583 
64436 20812 77617 8551 28621 25049 67794 16494 3570 10220 89843 16298 31947 19296 68317 98173 32019 57334 49646 24053 
31010 86840 37380 89857 55585 83255 35616 82043 97030 53206 24452 93088 15994 74450 44415 46468 47266 95213 26301 35773 
83021 57623 9646 7243 14159 96882 49385 11729 66212 69220 72231 82158 59011 68920 34531 26294 1236 912 12861 30774 
57721 79058 75716 15445 37611 28879 67531 5459 80986 65423 96215 23011 73773 32632 21681 83587 27592 97782 66427 62310 
47412 24243 38950 61635 8473 31446 65183 9675 73561 56143 22808 35677 51707 66795 6906 72196 50761 63690 79823 20351 
54358 45013 14488 97137 81674 5458 38142 44394 15451 30888 26980 654 80366 4237 80450 73360 90227 34867 12547 11704 
86911 17075 80252 19633 52285 68461 79415 57675 72053 73460 76404 2919 11037 80054 66241 49274 88115 2893 85197 81365 
85036 6396 15593 7713 95907 62433 43099 37474 1038 27968 62471 48260 64031 68101 96824 15695 45493 72239 75482 80311 
8202 90661 99385 76573 76308 94713 86550 86512 54548 32470 85639 11630 38513 82906 33686 45308 58778 72057 28880 8261 
12271 19765 39172 21557 8390 62631 64425 67143 88037 7316 82406 50892 78399 33163 96781 53774 57431 37306 29216 21308 
37360 10076 14787 50853 54042 38479 59373 36513 76654 27250 26310 47749 97091 70302 97851 89573 17215 17898 47451 17260 
13292 89576 78354 74356 62962 23944 48854 84671 26360 75584 84887 88938 73786 57323 25497 90307 99634 10253 93539 17704 
6221 43907 6932 73883 92101 71892 94357 29064 28487 25934 17924 33445 54724 39186 67359 70529 3750 46261 41670 26720 
13291 34526 93105 99708 56463 67161 84241 76421 10853 36273 63712 33815 11760 61525 15440 16989 51455 14062 76522 69324 
59949 55285 7691 48012 17366 28156 15912 1009 22601 87124 70252 34236 82578 96857 11979 30082 52059 52732 65443 32139 
52562 65866 3316 91789 80353 61062 63207 91252 46265 14594 39071 86917 98169 28465 68315 95481 7165 24130 63093 46747 
75431 13622 2429 68920 8615 5630 49172 35100 70713 34892 54268 80745 44489 45297 13065 46353 5677 32508 26312 74466 
5166 18165 11057 82035 25696 17107 10184 53095 51863 64143 59251 18702 37840 61896 10124 5957 20618 21285 96587 51001 
55195 91234 10270 87138 30417 61084 46436 92697 63652 7155 60458 75867 27149 36744 98635 77993 71316 26326 11514 66955 
84950 24625 26919 43563 26386 34607 10011 47642 33872 78147 39858 46109 58725 32917 12546 50294 13806 34252 15105 91470 
32308 15230 82548 25696 22074 87165 44245 15826 68396 96786 82214 67894 45510 83537 85498 96025 40498 13677 71616 70372 
76848 57577 11987 45828 91191 13432 3568 75336 74860 93986 83258 76329 41349 97360 6985 66329 85614 40878 3335 20735 
4158 93362 59796 97326 65496 5712 79043 79156 48299 3262 86105 92660 15660 11885 78714 43728 5327 56903 28000 99400 
40542 93955 41407 80340 14622 962 10813 358 77531 8708 77915 28397 4007 87167 46707 11965 97229 4239 62601 64815 
60480 87979 2503 38691 87860 29224 35438 40658 13482 53549 32376 94505 22563 5438 58236 71871 31416 95263 91390 5019 
47877 89087 40680 91391 98512 78086 30984 47209 90500 89835 42957 46941 21116 86166 59821 20281 33571 552 60232 91681 
68678 99027 84100 75520 59630 1810 36285 6737 29368 95569 77258 65751 1733 89134 78175 12891 79786 18920 86160 10697 
36869 23214 29233 25313 8281 80572 27047 43953 46838 11496 86644 16249 3226 3546 13479 85145 3302 25043 59141 54629 
90968 6174 82862 97820 49690 71377 37968 95684 48376 55718 89720 69757 87903 25894 10937 56110 83770 65806 25572 58143 
26928 3678 75656 34920 53371 55737 2052 81357 81161 529 91176 90471 17770 10361 65147 67971 99497 46361 8367 67142 
95610 58823 61233 58150 27132 34416 86313 5982 96098 51478 19037 12058 98522 44841 66985 53203 44091 56281 4803 44940 
6200 60878 30949 46593 66464 52053 23996 36743 68652 93511 48232 97793 38621 5331 29916 3666 53773 37351 39861 35088 
35228 71245 28668 59883 56223 68448 91720 31511 22119 68471 56501 59903 9610 7162 57605 83757 34814 42844 42394 27761 
62516 90053 78874 41932 55645 30543 94899 7624 58000 93562 45821 24091 78385 91006 24286 9229 53608 344 29079 72270 
59972 14195 22797 76146 11522 38702 90495 31232 44685 95892 97379 79872 75983 41243 99119 12255 71361 90364 33634 99131 
70149 46715 23442 544 98480 79542 92113 77119 78764 52281 46243 23094 10815 324 2841 23293 12536 22907 41789 97052 
53200 85179 32452 50603 58045 7767 86800 14368 58594 30539 8649 89945 90611 67142 15586 63153 4046 34 78245 19783 
1322 26839 98403 88889 31734 50077 9260 17640 98873 20181 47105 22963 82716 96433 76440 5080 89067 72289 99054 12711 
84853 55976 87235 41930 53215 81686 19140 29774 25711 15332 33283 16072 65546 40533 71435 22187 84785 80894 13133 44598 
43943 11057 86513 23033 81542 49491 88584 2347 20942 89687 96878 32006 42614 93407 37727 35108 20605 79592 65704 42858 
74605 38453 97408 38158 54915 47448 36110 95443 92981 22492 93290 47752 10075 27089 48336 26520 90002 28420 23137 83230 
40831 62955 92851 92727 35314 54141 33513 34818 77893 30738 89309 39057 58167 7688 83990 89328 32335 89297 82748 78530 
98407 67958 47990 79932 22318 37891 69861 31346 99409 69597 58014 77348 394 56719 98756 17314 20131 38864 49723 48616 
4391 42079 71371 38459 92260 36526 3665 15600 46617 24294 29574 84713 2223 43280 89199 74363 15420 1491 31696 37505 
78556 92755 80760 14281 90334 69012 34187 56934 84731 58605 54155 17487 46233 53386 59192 22334 48926 96429 13894 33116 
28060 20268 22403 59649 93322 82963 58794 91330 20305 19539 82968 50623 44433 81746 62938 53878 83053 43278 8115 53761 
40371 43838 15245 75074 77929 82068 48218 68320 84363 50073 8977 7620 15095 61796 10630 63217 45390 48426 89549 30986 
18492 47556 52770 57192 62622 54347 5308 18103 58443 27770 50562 23804 51586 21058 93396 38596 29610 69468 64807 60658 
29505 44417 19479 98412 94377 72901 52370 21323 40451 41619 41968 37776 25137 93958 22009 53881 78446 46563 95766 6827 
57359 32125 17228 86138 93086 55754 71084 43440 76250 65368 74922 9168 71694 2918 19499 51773 20624 78108 28513 43583 
63434 47946 69805 84480 91336 25428 78903 99819 53448 72495 252 39495 20819 25687 19895 37007 5411 68498 58079 9442 
30381 87014 4204 43266 63730 1922 40733 50615 36444 30362 4633 97504 44941 98740 23595 80471 59388 23228 97040 36422 
19146 98709 55559 56381 81251 41270 89329 48610 53470 73970 8480 88672 34635 56782 97455 63425 48369 97511 5259 35329 
25805 1672 61368 26797 75056 52191 23326 75695 61675 35001 61887 27606 14379 31998 68136 70080 63812 7180 42232 23620 
72947 52654 10237 44900 82123 60451 78616 56805 83241 23040 19027 32168 64891 51465 7870 74903 5785 18173 93466 40158 
34667 99234 55067 70135 48189 72946 39148 87454 77575 89907 91565 47431 41329 56329 67387 1095 63579 48902 71914 19026 
70337 26281 19287 52834 17476 35933 6784 63491 59750 39343 13198 9574 3509 92185 38383 24358 48898 4617 25108 35724 
5918 97674 98732 36574 25950 89304 73887 45563 15414 11727 88273 77931 48106 12445 44892 1585 19411 54669 90541 27490 
27516 51349 96433 22610 16944 74427 19978 36829 63080 74017 81701 5107 70701 32489 69149 95729 83602 42548 82778 16973 
18863 53834 10723 23490 15067 64654 11852 67044 5035 76101 27011 67277 22479 15416 35697 62111 17600 5932 95878 75042 
27239 11282 59275 98207 73900 81321 27499 8731 83239 54883 31730 10214 40475 33081 18122 53185 62114 10729 98282 5420 
71382 16316 65608 22160 10909 89600 73207 96183 35669 49905 60188 75800 54171 85111 54574 58119 75202 53143 22881 76005 
45050 43159 96516 50263 58924 63088 83515 10041 63306 13500 21116 62358 86922 91466 19270 7119 61724 99362 65383 28485 
80107 72120 4176 46128 65075 90286 27616 62863 68802 92963 64966 48158 40443 29923 41312 11226 19682 77083 99950 36155 
77948 34409 76136 10550 38111 88331 64716 84315 9243 33349 69315 45766 93668 88571 83987 99556 36340 41862 50452 28091 
1376 55175 52210 43833 94913 56163 34752 52097 43403 70390 5277 43202 68116 34094 40197 99008 55679 35435 16405 13937 
24809 38496 14433 98940 65028 46443 88110 34084 19049 28407 56297 97859 21861 64769 4118 88072 65310 51098 49325 24638 
67816 77008 93965 25403 57042 68010 63730 93756 30027 89713 53998 10272 36608 15970 20461 32733 93871 31674 38279 34644 
46201 47557 98806 32804 50671 89180 63838 10578 68680 38362 50876 22324 24206 477 43982 38175 51632 10784 14562 94968 
44210 23714 77419 17532 58345 51662 46657 48871 61754 55905 52290 38979 74813 22364 57803 35091 67255 11455 77829 88855 
85508 88360 74066 87946 31318 43620 6361 5749 92371 59504 95932 18571 71660 41846 74994 88287 93083 14920 30397 17813 
69422 83509 61985 30634 4875 91704 33418 84236 27942 60164 8049 2528 54968 53098 9659 13556 12971 76485 4604 10567 
94316 54872 42785 27326 51065 72814 19198 22112 70290 86606 40950 34920 79897 2798 60549 44058 33201 78855 48853 85342 
4750 45832 48172 67779 15012 63283 66918 85618 57448 92286 1984 68595 37213 19131 19208 55951 66436 28908 40240 93350 
93261 82340 11721 89944 28019 21208 88895 58991 32806 96321 38939 12137 3175 62385 31880 23390 12725 7889 61289 73793 
76253 90692 89565 29469 38448 22714 40242 69627 4307 74110 62493 36476 60177 69873 12046 91811 22280 45106 16130 96090 
67189 93611 74287 43300 52242 8592 47803 32111 46038 22080 50247 13622 66806 8664 66458 46466 72507 45931 35265 5685 
13536 77739 94404 50154 95552 76409 8311 58055 88764 45744 7817 88364 57097 89943 98187 26179 57454 28434 8704 9300 
51368 73694 70081 95035 61038 29952 40804 84782 21958 39813 46616 73019 31358 25608 32558 80625 39221 70935 94201 8214 
58682 7229 23525 40374 41764 85139 31703 85111 4265 77123 24705 4708 71301 33722 34313 33858 4877 55611 98638 26594 
53225 46777 83278 96847 1166 645 16612 99435 37457 20416 5040 35366 95411 63250 72178 65847 33066 22823 21090 46266 
37933 59950 84666 98059 30380 91455 6114 11349 21020 39706 69134 84869 48213 85230 71974 48167 91781 23613 87513 84860 
40325 20992 79541 68156 92080 53641 99745 59134 37183 53560 88615 42312 39969 37242 39002 99074 31379 31867 10600 31940 
56514 96910 68606 5685 58119 91385 87662 15947 57114 28095 85717 51572 60731 29995 29984 62254 70827 67101 53415 36836 
7016 98984 12221 84903 21414 45606 28480 36955 94885 19846 5040 65084 21888 29186 65226 3660 2234 73715 46233 90966 
64736 28187 36601 3130 44928 8189 8492 82316 76966 30701 40286 48482 75587 7606 62524 79159 61411 63539 52274 13869 
5892 57545 64603 2714 79869 21778 14252 58929 78051 89394 60518 27601 59618 85221 2842 48805 50793 65448 84364 10758 
50463 23372 8631 6070 6707 95543 90378 19460 89545 95958 95481 61364 6325 37686 4277 38629 25649 69131 22222 22874 
65064 9034 23283 57713 88501 69819 61807 67573 37574 51851 39219 49651 54505 84883 39762 50064 26643 5854 96117 24613 
97403 22198 93284 76885 67602 94353 24584 90444 65441 61871 81663 88030 99436 14284 67011 68989 81193 93417 87736 12100 
79493 52239 75836 25070 67893 86615 24645 39882 73036 25859 51987 56942 9993 5996 70676 33652 22606 98421 96077 13899 
51357 38941 26503 99334 47581 45886 48056 8429 92490 99886 94159 8591 74721 66611 31302 81961 12798 60013 37638 23907 
13951 63502 30599 67272 97243 66329 40549 46289 53365 4394 91977 54098 49798 11649 90614 59126 48004 35900 96728 15080 
6241 2285 32403 58795 91700 15720 3865 94946 5898 89437 81499 44848 81592 16901 21781 61674 94048 72392 53012 88075 
22034 12318 46122 8216 66168 93313 89655 97842 25089 39093 29565 40076 67865 52756 77302 40486 35177 94692 84101 83113 
55746 46592 32126 73319 65246 89476 47197 56267 14331 75109 19157 23511 636 70216 48183 52105 5703 87341 30397 71048 
724 13273 24930 6799 57265 22325 66372 69683 90026 5746 61940 27276 88747 78506 27608 90252 43258 89995 33802 40298 
57564 24951 29525 79038 90200 32046 88537 91842 1503 29609 43360 54370 37436 71824 14713 85312 79336 24727 26195 88276 
6516 36339 64995 80346 43092 61425 70492 97516 25541 10812 49842 78592 9267 77583 52251 58623 25159 13141 2580 52213 
76056 16222 94222 35185 28048 96059 74565 31245 92258 25780 3585 24270 1192 27273 80978 26251 15664 35214 60876 66519 
32503 7110 64474 73587 98791 10166 25898 67943 48044 55078 26881 54943 37368 34272 40279 77847 19467 25001 54594 1140 
80332 83303 21770 28753 15300 26666 3176 23722 90367 52373 56204 61090 87119 27374 75581 1952 75412 22891 78064 34740 
12895 63679 68242 20363 81629 77974 81780 74830 96476 61931 22070 70072 62004 23897 52236 61119 70109 58235 60019 71663 
32901 4941 24056 52252 5587 82699 6866 83829 14749 42900 27794 2543 48094 40358 60252 94042 90039 81287 69165 68779 
70067 74442 71554 87891 69375 25916 25061 24056 22840 86304 62465 97208 91329 33421 45983 29029 22885 56455 5742 21007 
83935 86471 29878 28841 15330 75732 16674 12948 23921 98086 78222 63096 41894 59969 93098 37759 89869 23210 54917 8974
