81184 79912 69753 3729 46167 59622 82640 42359 44459 94311 86549 63887 79137 56670 4957 57165 57459 71778 35687 97024 
27971 23793 51580 20602 23597 8104 49721 30148 2110 76690 30523 25075 44882 17478 12487 6746 28469 98467 86640 18457 
46823 47217 5965 89248 78661 85229 20155 3316 24980 26745 5605 67502 80999 2201 46647 15767 80720 4400 36247 2555 
50307 28162 39283 41077 45929 66598 73973 26635 17745 4149 88283 87923 20740 58388 95009 39747 69214 54876 34637 37250 
22346 33816 31965 93598 72818 82265 94772 97292 98666 57063 89867 75594 87945 59713 90427 38165 9076 18350 90413 19913 
68 52060 79294 46354 31523 27431 67118 8078 76694 86914 91142 10327 78569 9850 72007 27030 61027 40468 11791 87608 
46984 23205 95549 27659 63996 5232 4640 63626 50510 11460 79871 57048 65589 88714 35192 67401 37089 67593 19630 97866 
19324 78297 30365 89940 63990 63268 34429 99915 76239 8931 56061 13767 60730 24908 48719 13768 80318 54498 8763 48023 
66701 45878 31884 65349 38252 39126 9364 46496 20895 46656 25288 5253 87613 76632 70430 7200 31680 78885 7946 41112 
20783 63149 56945 83213 19485 48527 2096 41881 74589 63526 19971 24900 9804 97088 5113 58291 54531 87474 7000 37305 
1131 57213 26734 64693 79131 81493 25944 69460 19172 63379 49951 79772 49375 40330 66975 42136 95154 25443 91935 11141 
4493 26777 19013 67364 61990 37884 88488 52782 49214 48271 48256 28462 49886 12186 19009 30005 97475 21807 70798 73952 
3801 25945 79853 40178 92801 22026 17474 28826 77876 92730 79970 18762 56401 47949 73153 75251 93696 55237 99960 94591 
52386 99969 46493 18257 4661 56234 43297 11388 46488 75639 91856 72775 34484 14344 97330 88586 71816 74318 43933 63522 
27661 56989 88266 55783 44424 72605 39909 84398 61259 23318 19173 60857 4323 44271 16176 29602 49424 61973 9105 66834 
88660 28236 97244 25526 65792 53550 56542 55259 59308 63154 52671 8900 20230 75941 22803 71488 47453 97658 90932 26499 
99339 93343 71236 46417 32894 54846 6724 31201 52789 71655 65526 54695 82700 45496 4677 68065 17152 12825 24825 97632 
5693 75947 49002 37507 7707 34928 3437 51031 47436 61826 5803 70628 17497 66541 47004 51552 48872 86962 28190 4235 
10953 72355 71353 24589 1378 85707 22207 4130 36963 26705 62136 3467 12581 58762 1457 75045 92653 35938 20439 23898 
54329 4679 88591 66644 64619 48732 44899 15727 28102 79129 29845 36977 74725 14002 8639 96401 28540 80624 68562 88751 
27051 3971 47143 5553 56206 8446 56641 47986 97814 57200 83916 36884 72727 44480 11273 8104 70520 34096 16654 66238 
25062 26538 5821 40570 92164 12223 52065 15446 71601 49589 15481 85811 85516 68792 83646 90329 34758 29057 54939 31397 
22260 79226 88949 20079 17346 46355 85144 72707 60631 35350 94132 85878 97614 8680 80608 92750 10976 72300 8698 17479 
91039 99092 77909 3926 23401 52031 83188 66727 92462 70182 56410 41524 52806 16624 71004 3894 78440 25354 7783 79617 
56123 5288 44424 22485 25331 40057 18985 54026 47824 44016 78356 37249 72339 28401 90956 93007 45835 85155 14537 2002 
89276 91733 32325 12492 29194 278 66187 29084 6067 99400 97565 78261 98404 29068 46471 93159 14674 99432 56277 22674 
28256 84144 16954 48637 14926 9779 21238 70423 87873 76493 99788 71688 12125 45852 26448 69082 99807 21826 88735 21301 
49947 28429 81996 13554 10369 97007 93341 89905 22076 95647 15189 24370 17903 68523 60906 72698 71797 61282 54131 32212 
23061 73989 44711 73917 93942 39201 22396 86228 41989 36751 59425 34299 7299 16905 97942 33461 28114 45495 42994 6929 
77365 33714 64709 67582 51250 55240 43634 95536 49206 42832 12774 83025 26713 7708 91400 57886 47262 9755 42928 90672 
13339 5439 78189 30701 80182 13391 70036 5182 74614 5391 5566 7174 25097 33571 6034 82307 27323 86546 32696 13651 
92263 60985 42131 48489 3641 59279 62105 92334 70426 70500 90513 38477 2839 44148 23299 44903 86903 73493 38790 90177 
25596 56365 65668 21374 39262 11269 14038 62386 59915 33609 96852 16084 65784 43037 76103 57627 76247 13682 30580 96851 
81813 59377 46794 86001 2062 86981 67785 32229 7270 71167 66891 19555 55221 61740 70763 75484 45032 85883 65330 77695 
16028 23481 82867 67060 37166 22436 15778 83344 93601 32769 95500 67119 97108 75260 75510 34109 62761 84734 62877 54152 
46710 73400 43904 41798 73947 98441 62831 88458 27368 62323 35320 54681 1025 62818 46619 76749 78852 17891 58145 1659 
22608 62426 5728 33423 64174 25394 84301 92824 12349 63444 98238 95837 85519 98472 9589 68221 97507 29606 51754 20133 
44055 2046 57549 86356 72437 57282 4799 23825 70197 48128 68520 98152 22350 15382 87654 2218 51824 69743 27801 5719 
69246 19810 80521 81922 30898 26715 24321 4248 94597 34473 58939 43382 52550 20981 3313 13234 40911 73797 67878 12231 
45910 26858 81726 52687 13978 44626 36 6619 20544 74180 42666 46060 22 51961 64375 40728 67606 59651 93337 54089 
76538 18758 86593 77235 3436 86201 69646 20250 81123 52392 44969 20169 8658 60798 60458 87474 47266 8538 17880 2124 
22770 38854 64317 83563 68157 78410 99167 1907 514 39868 2871 11221 19571 93180 62440 6449 72039 28961 90201 77673 
10697 44809 24735 10260 45206 9201 52817 42090 11411 26648 760 57776 9463 97583 73003 60715 24588 38438 19882 66866 
57966 94936 85783 19663 26513 24225 4872 24222 70120 29523 43629 27546 25176 43138 71251 51062 60635 11218 85319 84870 
91192 11008 19751 19524 68851 3266 86383 28857 84653 83272 37667 63943 60069 33811 47745 88452 7563 85647 41816 88304 
44434 93988 68767 22408 90132 73046 68930 29313 29574 28686 6356 78229 69980 93422 44463 55540 4067 60003 30099 91212 
27707 37824 25852 52010 36932 99876 60766 71687 89608 46999 74362 73298 31017 92054 66435 98661 27147 23105 41987 11370 
87255 48919 49055 55996 40277 87841 72588 71116 86014 54694 3578 94801 80511 74965 29947 68385 49664 79074 65964 17868 
58149 76391 67165 36363 47637 59825 45900 64374 81298 16993 79494 41452 75393 35109 95887 3389 34165 83836 8683 24232 
15543 8390 39914 42792 61126 11661 24448 27786 34343 51209 70630 84809 781 77650 37527 81720 39369 14846 95757 97419 
82493 35264 78424 29509 43989 20628 27459 73333 74745 56124 98946 16345 63476 91926 20527 90958 55270 55473 93600 3422 
64853 96345 5854 69908 21115 82153 3843 46796 89289 9238 72512 82374 88316 26071 32750 89390 29694 88777 32634 70205 
60967 51234 1747 75583 44294 47794 59579 64547 55800 35091 56364 94340 46945 57828 35390 59931 54239 10279 130 3291 
44469 59836 54042 33402 20736 30257 78344 1841 14440 85560 78463 42978 97810 87620 76328 39519 29834 87192 67494 37542 
58993 94711 80129 39683 44639 71301 5954 58320 17424 49703 71658 90734 7092 2944 8125 80262 59967 60168 8277 14326 
38898 15300 30585 32302 59847 40760 58562 54697 72312 71576 86852 54072 7868 7665 52095 16617 67428 15112 46149 94177 
84107 19403 50142 78436 89556 26114 1508 26800 94356 87619 81760 81768 93591 34070 30841 94375 48845 22995 27922 73 
16036 28934 42608 12194 48838 5197 74635 87762 8938 24105 55533 30524 93104 96587 34381 8643 48172 175 37529 88682 
62655 52979 89990 30629 16138 50292 27954 73540 36064 72690 88472 78529 45426 43707 26851 30285 78865 51445 56139 94458 
22053 76117 71865 83799 35019 80645 77421 68077 45661 47848 96438 74019 57545 42971 4773 10004 52682 34039 51944 40799 
49903 43367 3232 70117 56922 43604 73547 97525 59870 17484 77145 34776 88539 93150 23278 66980 57812 57843 90026 43280 
62651 17846 66457 83676 16296 89586 81455 71272 1088 36114 39000 56708 59098 10420 39967 50766 83285 84413 32599 33952 
61471 28543 76310 52133 30774 74823 72116 90023 25192 78700 61547 12620 16240 3812 88407 54486 75320 2502 22872 7792 
80509 15823 67487 38005 49972 4759 62080 26650 36584 83004 17809 83320 54888 48089 22518 95164 34083 73461 11080 75675 
7654 46967 26667 76009 14093 44390 69329 95171 74014 9139 46316 58387 58372 24617 79624 59501 64021 74892 90497 55734 
57476 59204 16326 4630 75603 45965 60764 15175 48990 77103 8003 19123 99398 96947 71280 69968 15592 95090 96196 29963 
71199 76909 60219 38264 52425 52336 73849 48835 29544 2903 61967 98468 21003 77168 52870 58660 12849 6009 65898 43105 
1465 69364 78584 11711 8306 58069 46414 17808 4177 92172 53843 70149 26941 29617 95138 28488 54995 91504 63746 40826 
64491 84098 31390 93498 94766 57789 21093 77070 89595 15110 56664 6665 61366 24189 10345 84143 20515 94325 72607 32548 
15438 88303 32106 44612 91738 26953 68827 33352 54031 75090 64601 73395 48993 958 73168 62504 83185 14963 10150 7382 
47607 67396 85014 5272 16247 1798 1101 27230 11085 20090 52315 1025 89872 55896 1976 85264 15009 81590 94735 34105 
16804 70147 24784 21343 82598 95987 88760 15723 59353 14188 74057 37932 33893 38998 80467 92967 16849 28211 48627 43010 
18379 88200 97120 72060 81391 48744 13560 41904 47473 28497 97627 59285 56917 96226 84763 17790 35539 1046 35006 59641 
31666 41542 20611 20413 16553 88810 72374 62173 27962 78586 76567 49043 29345 43532 14287 1461 52675 20460 41317 92400 
62830 23629 72632 13577 74830 86177 78328 67377 95561 30363 63862 81003 14146 5866 91791 15458 80290 54169 5056 21970 
40092 68481 54624 88735 74587 162 43324 11946 12791 63396 2419 33606 59846 453 2728 12410 59962 58261 1894 31039 
87063 65240 39860 35628 91091 18721 66328 33196 70446 99500 17351 36764 56933 84144 52353 94853 23458 43585 89722 99046 
19922 26094 92806 51513 21574 61081 57478 61600 88048 95427 74701 91681 58827 5045 36384 59619 85419 15801 88978 7711 
73223 59864 77219 89046 11039 34206 98100 32093 64609 69978 442 89742 72442 18621 50283 99090 95412 36113 61057 4903 
58334 60242 67091 80553 17112 56005 69222 50149 48316 18301 21955 6923 66174 97051 18586 86448 66179 43010 74176 57632 
59595 28807 31363 6657 54240 7299 59670 29010 25074 41251 28067 16621 47767 14387 19685 6260 32551 2343 22415 93003 
52557 38352 63517 62887 15742 91006 84551 82031 83089 563 3684 60732 11510 83773 32122 87589 57525 19055 82372 71909 
81672 64805 73869 26895 18489 52060 92819 57957 672 63931 73567 10999 91041 62232 48259 86196 98985 81620 59338 87558 
1489 40646 22276 79888 12322 20133 39005 86236 81597 89082 81914 15591 60175 65440 98327 13788 7130 37941 82516 89437 
572 36289 35782 94377 95104 23728 38916 52129 69731 43255 41844 26959 55936 2497 19831 90774 34801 67772 6978 87851 
73903 18122 71301 83689 72373 38651 49307 28058 26954 42993 55860 10009 74606 79261 63857 65548 71517 71369 78143 84376 
11114 47454 37499 7130 97043 7179 88794 55643 16640 32809 87586 46514 22710 70454 56334 90935 56536 90866 70460 89948 
65286 38725 47688 96719 14492 12386 12318 1463 78385 25807 4829 70057 59479 12298 89093 77615 49174 93179 18093 32655 
73070 85396 48601 72540 75958 94970 3357 81786 32252 74009 50483 48641 7274 37982 81892 13333 30600 75050 71186 90348 
14086 14980 79098 37118 39015 10387 36809 45446 81765 28851 58507 22313 28623 50832 72147 17172 3488 38272 11226 10449 
50241 73790 26677 18980 41450 5082 16221 48084 43746 25923 53591 70393 91200 28993 25751 25188 54292 76942 71127 30181 
81875 21935 55335 22517 88265 37736 99798 96537 20662 67379 48143 28605 71246 47579 57806 67356 15978 15082 82129 49902 
44082 47616 47632 51511 23467 50162 56835 43163 31339 79140 74486 87575 53869 41118 92958 20732 57242 15630 29189 99400 
55355 33138 30536 28008 53385 78179 40382 85724 65823 6732 2025 67325 88590 90633 33568 35149 359 64959 28733 33727 
78808 31660 93665 6044 4235 26417 41925 70431 57247 5222 41514 69408 27641 83695 77677 1662 71194 28491 10335 66114 
1481 81957 52893 99377 36082 95569 16557 1057 72065 15905 75778 35468 38111 65203 90041 39175 45267 95530 17927 80289 
18262 31588 37061 73741 32426 5185 59646 11174 13552 36432 47686 63255 33426 15110 77730 38244 36912 19403 84297 94741 
22077 32751 5339 78897 99730 25127 69257 73189 43458 28122 21554 60706 7155 90047 85549 59719 26507 96393 31908 10502 
91572 70292 39629 33347 93312 33113 8136 21332 84539 50902 31503 17074 90653 54903 18133 4397 97633 60886 88782 25227 
38052 70434 11684 34386 13248 99289 33192 81745 15965 75852 38880 73283 63187 40444 14025 44860 15244 27086 99530 39876 
8310 94891 84960 41562 31940 46626 65661 24952 32023 99506 7034 46610 42141 17825 59649 79896 89350 78055 89351 94455 
10175 58135 68905 79156 89453 60632 90873 84180 67744 50961 85747 29991 41594 53904 95400 58108 86771 63057 46335 13416 
83701 42457 86068 65168 11306 44601 88341 87970 47144 822 69912 89250 51780 49105 99942 17147 85806 9067 77204 14579 
67493 75948 48885 95936 41984 94796 40820 55296 2600 87246 36144 69772 81076 35713 62773 5577 48722 57851 29925 75148 
32387 98777 31124 72685 64599 75126 10150 94142 29372 6513 60864 83961 81603 56309 84193 80577 89471 64026 85768 20928 
28667 66713 9294 2066 20984 65797 44067 91840 13018 14665 17180 50598 54462 15427 87119 50420 37065 28645 6152 49531 
72115 45476 42483 72432 11672 13171 39758 14169 34076 44865 27708 193 23097 69725 6872 87340 42154 61629 11042 73828 
86953 74234 31278 37652 84877 31880 15271 42154 1859 12511 81 66710 23506 55509 4146 61701 31153 53988 40367 50778 
61890 55011 58931 39493 46087 92391 71145 94917 90290 27587 22753 60332 75805 51142 72319 48534 10122 35874 99182 12987 
86281 87178 6938 82901 66001 503 32362 36053 88406 50489 50964 31684 94479 48304 66839 98761 91987 36784 98300 65349 
24958 52792 2008 54439 77438 52252 45868 16412 13022 98295 43378 46643 34471 27516 28554 38886 86103 71652 75114 51218 
65680 957 70351 98637 9302 19026 65866 98143 18341 99448 86403 76065 50676 16395 72098 19751 95570 68691 61385 2380 
11072 15197 87835 64681 51691 49916 44376 27065 3036 36741 39721 86137 41614 72742 53625 85377 42216 21165 86906 73598 
40787 33537 1791 27461 32861 33868 37706 19374 62536 59680 73608 35404 61085 97747 37256 71477 28691 30283 99734 38975 
39961 63393 27407 24784 17910 20838 16165 21182 62262 41567 76634 75127 70975 56555 24590 26564 48850 42778 41108 4447 
78305 91483 68436 67650 69524 14175 57988 20857 69020 84072 3541 38107 63218 20356 19545 85679 30407 48870 25912 99217 
52904 52846 54333 65655 36460 83038 15280 26344 45510 61740 38199 10653 85942 35578 21337 97990 55662 68798 5799 8490 
31640 99395 47821 18693 4560 41889 76246 3187 83892 30067 31114 70359 52085 77121 27314 73414 19261 29791 98215 67836 
23670 59280 49807 63835 49841 78902 86773 83923 98696 16960 34750 37238 22562 40409 36666 3282 27073 94541 48816 94334 
19996 24538 22459 88378 50006 10395 42106 93679 84642 40849 52711 23978 77839 33713 8497 98816 21723 33763 81884 62119 
35068 19643 34336 70448 82666 98152 85722 64102 71459 93528 91076 55680 35804 43078 57619 94054 7926 28195 75530 8779 
20306 28032 21086 32795 35767 32493 29354 57751 58087 46343 44245 70852 39752 9656 25980 17756 59749 19898 6750 31907 
35141 13278 87149 43089 73361 42480 33666 88477 59024 30099 4595 54862 63205 15150 48615 13163 31587 88221 38418 4307 
11948 4863 78661 89318 46873 32710 58222 24926 74158 34663 3165 15138 83060 4506 51161 43740 70756 69985 81467 93982 
43745 89894 78463 9529 50243 11265 29565 13393 76172 34573 14242 79530 40818 73305 18457 57102 2979 64859 77353 96204 
36039 48971 69763 60479 12992 8061 67762 6673 73255 1424 24027 42094 65062 28519 15297 26243 94408 76744 60814 45012 
98886 68454 49279 35724 51147 33046 75823 48358 59671 26549 72404 66779 2255 22684 46467 83287 79545 2277 69327 65590 
79031 77187 65085 49106 75591 73515 79464 73504 46983 77931 9788 62832 27019 8568 48725 22888 45525 3971 79686 47876 
50158 64796 66002 61690 49706 28567 98031 88121 86143 93180 27035 71488 34090 7529 46869 83448 62890 87343 45782 61229 
9537 61559 43907 16752 44852 81114 87026 55769 55034 73504 5253 35774 78232 53690 46977 4836 61358 94530 61206 75233 
8727 89486 29934 52769 37442 64842 8533 66779 39658 82211 6294 85402 45461 79976 12176 25492 66057 26232 50535 71302 
28290 51176 12820 57988 80301 90001 84058 36160 79986 35 31358 48013 87465 85257 64393 36484 17199 91352 65072 56001 
7765 44208 37140 32946 65632 36086 34369 43789 90960 66788 40448 50577 89535 47232 94328 21483 24181 55794 19138 5901 
25923 71270 13941 68587 52758 38220 5890 72704 33020 85515 51685 99428 65012 27848 86206 42705 51464 16942 34096 94586 
82777 87050 72747 71632 80377 38937 77891 48299 5292 495 65987 28328 66435 3534 31502 880 3188 66589 27291 79590 
98162 39061 96891 93006 58758 86896 20880 75334 27726 44449 90335 16416 55681 49345 62779 51110 57111 9604 37467 89527 
82235 81726 1999 61231 13890 82378 17287 28795 20375 6353 52054 45506 38759 52733 28479 40259 98378 75581 53534 31046 
45794 44274 68063 86650 49226 69315 71623 68065 96020 13162 14401 3354 80192 31206 3221 93588 51204 10234 53505 75334 
60100 49243 77844 87056 50970 16151 16462 87937 36311 86113 97118 46710 67968 91446 34747 89492 44596 15662 34482 60527 
32533 49269 54986 39121 25453 98146 83287 61609 86081 64400 20541 91604 4703 89844 4638 88488 54909 15075 75844 84511 
83604 67446 44561 92087 13536 36317 26362 30287 21142 84588 39998 69002 92272 53095 8593 98913 34300 77269 26930 45988 
54265 25287 42133 3315 29579 4701 60202 37485 97754 67568 19844 33077 58824 82949 51340 85864 41125 58535 26227 35018 
43860 82633 15934 79702 55942 66082 6605 43004 30382 76491 27411 35361 29849 62997 90195 97577 6582 54059 67879 64048 
91464 71464 32516 53633 55372 60203 47060 5620 54954 25720 82510 58267 50723 73340 17086 12084 70051 13109 1913 72837 
32557 71843 67210 22279 8950 40239 9942 56312 45887 61657 71308 2714 48378 34675 56605 48001 44785 4046 9770 47145 
63478 69274 8963 11596 95308 32321 92608 54820 37535 98479 35301 44363 82090 34652 67426 38427 76086 14009 7292 43470 
99107 95435 31038 6582 78367 14166 14267 28063 60610 80015 80167 88547 83670 10994 16089 40829 43191 90494 79908 62167 
92043 78722 91972 23713 26825 2501 53473 87145 16957 40137 53938 36234 27816 77608 48491 73791 19082 37780 89128 8805 
66958 17971 65483 38947 59860 60728 87703 10272 45364 61367 69704 71807 54753 45971 71468 70615 96046 92875 89495 12582 
89603 38760 92521 36977 68563 3888 64433 87979 79083 61693 32934 51190 34590 67022 10223 83709 30827 51353 47479 84528 
27607 94335 57219 20915 85698 88163 58614 1963 21413 9265 56024 55288 55415 38331 24287 67059 28056 19052 71314 6420 
89689 97232 30938 83330 74732 92341 2673 49450 22321 55658 73521 6378 48620 22880 75386 83701 66324 30220 45675 23587 
43381 70863 55932 20083 92886 42719 7688 27877 85711 66429 89257 26919 56242 22023 29699 68867 42573 61117 99561 52123 
25658 29701 13772 58792 93226 14440 3340 80209 27867 95134 20320 88238 6751 67294 41882 27759 22531 39011 50334 30282 
50725 1993 66772 78034 80277 11808 37097 94094 28093 70410 13434 67491 88264 38054 52069 36469 63919 79968 73014 49654 
75747 94700 26538 24390 52550 26076 7280 57328 36259 79724 14512 31692 29115 36307 93823 85457 81082 56587 9113 40113 
60024 77602 91260 6396 41604 67697 34591 88035 42691 20370 56649 76306 30199 48422 80493 77794 45140 67308 98752 69476 
40540 16581 64747 1124 80510 76261 93530 50841 39487 35254 97957 57640 88887 34939 93543 52876 30190 10325 84779 43423 
51197 5681 19816 69043 27726 61642 24118 23823 90014 95402 5570 96233 79676 46523 18058 5408 36199 56851 85787 20275 
3215 61095 81726 80761 83171 99703 2497 44894 34925 95480 81269 60603 45999 96341 79706 85201 27905 45306 14940 92588 
57242 42854 8452 973 70257 84934 71479 50281 93460 75369 29520 62594 63150 47930 11951 78557 50659 26739 3797 88339 
40573 59487 59502 60115 33869 5454 88477 89382 78405 14092 85836 2667 33433 24095 54001 15500 42671 51112 32262 64389 
33322 23873 12512 50797 66820 11918 40065 83505 53789 9661 64744 81041 8430 46513 704 76321 62616 92303 51450 72659 
23195 31390 35776 69776 79355 17025 1979 33980 55980 18777 27968 13832 92868 67136 46824 18116 78458 53566 10439 71219 
58396 28754 56467 43108 66176 96739 47146 9956 67192 59001 78621 82388 95917 19161 30963 61880 56487 78980 46945 24396 
68543 14026 67936 13529 93574 89288 95689 52389 619 2350 45834 65674 76502 12334 72540 95092 43348 82745 39987 86528 
91309 40573 24930 58492 29480 74227 85638 4898 43169 14727 15318 32081 84615 5301 19839 88252 26799 23768 57317 75945 
80203 17211 61580 47066 45102 15691 21188 80302 34875 30394 21234 48612 42608 25150 96457 9938 26490 92468 77623 94417 
95315 32821 96367 752 91910 67760 78073 84392 84456 68080 44955 55558 375 33552 12627 96028 85515 62162 33044 32344 
96751 98802 74373 48357 82905 27133 88417 32891 83721 5106 83983 98425 74991 62226 99944 12590 12963 72251 85054 17922 
92894 65736 7764 95285 8209 20038 64088 29607 9589 93544 20759 78547 34547 47410 21272 30837 38500 66137 97345 93402 
26099 28128 84019 41719 42689 32960 99435 56694 85289 26969 66075 59617 8070 86496 74910 59379 76917 44075 35085 73609 
19963 90891 29812 23828 24078 75630 3431 58041 10351 63688 54216 40919 59544 85946 25434 78716 84853 43977 23202 40916 
6635 57192 95352 59060 73495 87287 78297 15911 41619 79682 93063 61914 70661 93782 14216 94798 46630 57846 3402 72420 
79969 94390 20872 10675 44168 32121 79562 47932 29456 43738 47329 59043 19911 45944 86484 65493 42063 82270 98521 48297 
69716 56237 67481 99109 46083 65628 54732 39947 72435 29249 47945 25405 88212 90058 2174 81242 10681 9115 84120 55313 
32037 98045 58590 87867 74075 80153 38450 25272 47195 82722 86852 87526 18272 33517 3101 63584 332 43964 50668 79219 
93924 4864 45720 85928 58500 27904 77988 96607 61955 94226 39803 98788 38927 57073 72642 63954 29909 41628 84300 40940 
48723 8242 88695 74472 50351 77177 32655 9153 25812 36789 5499 7042 96368 84614 12349 11298 22500 66454 72626 19090 
52991 19763 43108 10809 20929 63582 68528 41619 12206 68328 3612 93441 92876 2992 67431 67258 73566 3568 16074 44972 
60412 17364 34763 82574 78280 5062 70455 35911 74134 95086 92820 71118 45181 41601 48641 66467 8539 55111 16225 92753 
6825 46964 64628 61158 47010 77167 40606 67831 4996 98048 45172 40926 59188 89409 70382 51679 6602 90671 64027 84486 
26059 42173 30109 94348 63333 33254 54179 71750 73275 72124 87899 98731 58077 48934 94929 18189 45822 13063 67804 17933 
66572 37828 79677 84370 66804 61623 46831 64365 62098 38256 80375 67912 59264 7723 69588 97670 51323 41821 90868 82182 
10542 24934 5677 11138 81414 64998 14387 13351 77095 34224 50868 38639 58110 77462 37855 62332 19245 46521 45908 50915 
43867 38785 40316 90162 10343 43741 87406 38637 81817 29015 74002 34200 92953 50494 51392 80231 79064 91524 74937 82336 
68063 3943 85807 25803 98673 41471 64558 84199 19350 90334 90739 69133 37108 94549 71611 83881 41023 96918 78988 39863 
13325 87535 83286 12128 49536 17077 26323 36107 22273 53316 76085 37990 6081 32929 85 42991 21215 74390 80823 40742 
41594 65040 4026 7670 56100 98017 58887 37928 31884 99047 38170 52319 90450 58621 41507 944 93664 43188 32469 29369 
31256 18447 71162 4615 13833 70265 71180 16413 22078 76219 33 17095 10704 80606 58599 27862 47817 70856 79420 26626 
96167 92804 31846 77950 2332 44067 98340 23326 60768 91323 19915 46242 64825 9232 89745 73441 96673 901 25285 40805 
74638 8768 12148 4249 49966 8048 51750 80775 81628 75502 4536 52705 79945 56569 74224 41805 97779 97691 47772 13800 
70440 73334 39628 10112 42926 18690 37340 96879 79706 77754 19905 14285 89545 84810 80573 64500 11605 84871 71885 78844 
4854 73409 46438 97184 82377 91556 83109 34349 69444 383 15457 52829 63098 30656 38010 19724 27558 23140 35592 17451 
68331 84681 57899 43711 85206 65927 25806 44107 66007 58291 67223 42734 30497 58468 84128 66836 89290 54075 49279 38505 
72973 22882 55341 11031 96253 80055 86452 84658 14858 38121 66704 13765 74167 71893 69311 5970 31805 7976 19118 18174 
48657 46052 63750 37994 52992 96669 86054 24264 48576 90548 87890 94278 88228 50385 62286 80309 53170 80316 20448 37885 
45131 32613 55770 89392 37466 22244 40765 4132 29931 88283 98211 80117 65917 10680 66112 3035 36572 81358 71429 29037 
48056 17637 40795 56359 75034 81399 23545 39444 86778 64448 18956 80850 13180 86584 59942 43598 28413 14302 10014 79512 
62723 66960 46831 87708 58526 78283 78185 37326 53399 5614 46529 10110 72973 89057 85240 40624 27559 12791 59290 41830 
38158 44145 41992 5605 69624 6839 92891 84990 96206 81079 35022 56435 33939 83891 18110 94152 21326 79047 57890 34828 
96908 36751 90532 14116 41611 12711 31307 90569 17966 12548 37178 42888 65919 6723 43693 14266 87297 10540 45226 75675 
32235 73802 1240 42923 39112 35916 86631 70944 34629 37510 32119 64178 93617 97050 78506 6671 80115 14072 12243 16537 
14360 78734 67732 20042 98853 92557 35369 99436 56459 93990 15877 83144 32361 37439 92545 74924 63057 27498 6390 15761 
24846 6257 78525 4968 52322 22277 67427 76493 78031 12073 28334 19694 4107 10507 22457 94569 37309 29786 83566 86714 
42495 42119 88122 84408 86757 29087 377 32570 21329 79870 94894 79095 12416 98088 45666 19908 14376 99493 81517 68204 
96538 79049 81044 15727 24040 27511 16665 51214 66974 831 20304 40816 23703 74561 40916 31750 66243 7676 7403 83898 
41524 73217 52707 48961 24210 91182 15681 31784 98295 96100 9296 90991 65653 40162 87658 86777 98656 90454 20272 78813 
80927 87908 63979 39400 53761 67626 31839 54670 87500 80014 60687 51875 26352 47341 93042 40868 47150 3160 75746 38904 
64147 92536 2578 20713 50218 16445 72721 65273 74323 5271 30687 73468 68032 52961 30696 15726 6897 91135 64032 99075 
63892 58590 19385 84565 2630 62318 31157 37612 68041 54245 37280 94906 69670 81870 98044 99627 29210 96443 39970 5564 
94091 68932 60191 27506 80027 58777 37571 44693 55986 69854 401 56586 94737 70494 54123 72945 8587 39378 89016 93882 
68098 34514 99158 78359 57035 24339 51618 21286 81653 64958 34542 60495 60255 20543 88024 89255 43211 73208 88208 92469 
98140 94988 23995 63708 67151 45490 58719 96188 99682 66993 3221 25912 6293 8961 58654 51072 96119 52698 25014 34800 
21075 57795 20895 86205 75343 36725 3 11209 24494 52395 50139 52554 88870 76378 7809 42396 96332 90423 62294 79410 
68389 44143 77784 33354 63050 69701 28589 95332 44940 48598 93321 96448 87875 87072 67094 76235 79117 18796 68503 69018 
12454 9724 11836 56311 96794 17798 30772 61812 51461