90096 55849 49753 55112 66965 2745 37315 59410 76688 30527 34043 39480 39011 18796 40650 71881 57935 74283 12111 95357 
38050 47545 89096 62573 55209 60719 96202 9398 37904 34687 49548 18061 66642 50849 5409 83694 61174 48102 64213 67240 
63681 56290 22679 88132 24768 74878 90245 76366 9835 91457 39045 12658 53727 83691 65578 23898 4002 95576 45422 78788 
12254 30009 77741 79856 87038 18428 80103 29444 94094 62974 42803 58201 76313 43378 3356 20987 62921 33167 29877 42045 
56548 17795 85003 88083 9983 18834 25352 47657 21592 26260 36335 68801 91140 20138 66301 71232 50429 8476 34044 95208 
87961 42889 65239 91798 83041 85972 60267 72035 45406 67754 22951 972 7183 35631 22694 47155 59613 91480 77126 74608 
47615 12388 66574 1165 48834 57313 40468 69379 67171 2523 2028 29954 7089 54872 10062 64478 83408 6786 90294 89167 
48995 29520 26155 97195 50046 3838 34138 43669 93708 63428 78038 70690 43576 75686 99308 61199 12505 44221 97718 31012 
19926 32836 21206 99395 20363 40069 30770 19293 91854 42423 44886 16066 33561 72028 85563 24435 64301 51146 78198 76214 
95854 82159 85172 98472 75798 21261 38427 69725 55086 32648 6012 46798 58689 92072 92876 66216 77293 61905 27385 42993 
87786 67031 9143 74552 27122 89389 42870 66361 49814 63377 87654 58141 72826 56880 17791 52427 8856 81448 19961 50543 
26996 37481 18609 90880 22547 59349 39367 11015 50468 60421 59089 79000 39073 41914 3126 40595 58737 70266 45448 16594 
92746 93091 96935 42464 6341 38927 42258 89134 83653 94597 15611 41052 25598 83696 82141 26554 57537 59932 57117 38510 
94179 25186 42454 76503 27019 27813 79948 29040 78176 99089 31313 9577 87132 973 15490 86712 70456 77997 2890 48248 
95099 41654 39047 55353 68283 14785 74710 42256 61244 38711 5281 27060 28991 9600 77267 58057 9543 33990 86520 25935 
85624 13824 69210 25532 92235 81815 64406 48366 86096 96209 99857 90146 24865 47273 61699 82266 78959 85475 48145 57179 
50454 53827 1401 85194 55984 4210 82305 82854 58878 8250 69785 89112 45545 97492 95366 38867 83694 97875 99106 82430 
36019 24531 29086 40432 3324 57817 98720 60173 35104 5016 89395 84160 63804 62350 76951 40586 37364 86635 34340 31110 
15735 9854 32120 98994 15796 85789 83608 65037 53934 34665 46614 31755 30393 81374 1837 61972 50897 89127 63999 21981 
60412 89112 21290 46110 54877 96529 15596 98216 63700 70935 27976 70657 88437 39458 23959 1994 31342 89340 85200 93900 
90282 48040 88451 46452 86707 16158 55840 20327 94672 37708 30552 95186 48428 35453 87247 14494 79867 75158 78294 30964 
3627 82299 54803 68979 71104 76286 91249 63719 67997 2488 77692 40641 31906 38911 47222 6934 68570 5922 56965 17144 
94004 7753 3032 93780 83086 97035 61846 1360 26 51580 19357 52880 91475 77243 38597 63120 20298 80590 3159 44314 
60765 26709 45659 47986 26203 41015 91893 24734 90142 79080 76381 87373 27908 93334 41682 92231 28064 54726 7521 8620 
19131 21168 29801 84450 43440 45658 62878 75035 61600 59880 83334 43184 88741 83174 46122 19465 77488 87609 668 73915 
55106 16555 14760 69666 13168 38598 49721 4779 48252 74141 32798 73947 8761 81525 47299 16619 826 17941 46256 60457 
54617 8681 7903 92823 76776 26458 78875 39171 22088 15563 2115 13734 85622 7042 85897 62350 89454 26183 23040 6369 
43086 48285 83143 66075 55118 87379 90819 39868 4443 89182 56225 607 50122 49892 7045 5908 77172 96103 57603 63008 
3996 97089 46935 14941 99298 41795 20391 1257 81244 67978 28118 23677 17646 27114 35974 57600 71931 82548 88827 72023 
42135 78006 49002 43502 46052 14467 71136 87620 95119 20608 21119 56004 55198 62760 14511 26022 49181 74424 20507 4013 
40242 91498 4415 16476 19532 5918 98732 95879 56633 91381 69986 40273 78794 72897 96511 98976 43893 82254 87399 63374 
51100 21473 94078 90244 52197 98261 31402 96996 25256 9355 32485 79663 2416 9906 68033 18230 26984 87121 2832 24455 
26098 60308 82655 7999 86457 91451 61145 31993 68711 50277 89410 44832 67916 31830 14772 88856 98967 35054 13738 2719 
70263 79639 45672 31696 49876 41569 42462 15712 73214 54833 25041 43043 84787 34528 52518 61023 78619 64933 27688 23161 
3044 37846 66666 76125 78593 28600 88067 79325 37397 74318 72873 75057 5707 15592 84764 4685 3472 75425 12327 36553 
65022 93253 50809 28891 7671 9143 47292 98238 9414 6183 88656 30135 44017 5627 46572 2229 96724 27954 40614 33294 
86781 69589 82765 58891 72212 78446 50597 8235 12400 21101 95981 67551 59375 33909 45897 21054 6861 18047 63468 92526 
52673 8065 62437 86660 76908 60223 36488 84985 61625 45586 90347 23945 32526 69645 8001 63524 4384 9179 72767 84537 
58004 83121 62802 89174 7292 19787 16062 28221 99546 43343 82297 47807 91925 73955 45759 29456 9777 75338 89509 813 
75911 17680 93915 48139 19568 77040 20510 16200 84826 93656 67731 18018 87193 3757 45018 16472 12240 46999 12847 91197 
10927 2948 63921 85923 57669 490 4570 27539 70637 47139 68125 34769 50060 91928 92291 3951 46315 82962 14743 70561 
30043 91642 84398 75130 97890 83895 32056 34453 37121 52898 78734 77186 78489 83089 94636 29661 59516 84130 1866 23281 
19577 28387 55962 48046 36801 60519 26077 79062 49799 82538 22414 79395 82451 6479 84775 97084 94524 56444 59405 61593 
77072 27834 38409 15261 64279 22001 23611 4748 92540 90830 90906 2866 23459 10229 78270 36581 7695 17107 59844 86275 
40071 85581 77010 24948 82985 45598 93393 49693 41635 26909 6981 32166 96966 86822 78088 17554 82007 92464 66236 24501 
76327 98211 91430 65019 67282 69286 21799 6175 35625 93585 62688 20763 41889 23872 26556 62217 49794 83851 35710 63988 
27969 93462 86770 60625 5139 64846 46593 65959 59138 43775 7766 4310 52159 3476 47377 8241 6386 24580 66038 84785 
92540 91243 24784 88798 20858 5199 74418 30655 40162 66384 31815 44801 26069 4580 7368 8706 56611 58614 68851 44141 
48989 20833 87091 74881 42458 1202 40645 65034 4034 193 84262 37855 28740 48283 89721 71663 89908 10007 38786 57146 
64587 76509 54759 70129 16274 12312 52163 23722 16871 83681 45921 48532 40005 15705 56455 98345 79218 78174 48509 3309 
96335 6020 45079 63872 91777 72148 1087 61074 54141 50894 4984 86947 97569 21375 41574 23249 52292 73958 31784 3922 
68644 72797 16137 85060 66350 9768 43027 31816 5583 67234 59707 90885 7330 64685 37711 49909 78192 83842 89196 91949 
9065 85592 47760 19366 18826 28715 22845 37348 42500 14157 77156 72872 65744 65282 24524 80087 66972 10524 53830 96443 
11200 64265 4614 24553 40136 5255 27750 72174 35740 78383 31618 57544 1532 17137 43796 60563 72952 88358 2350 88995 
24111 94972 20308 94372 29899 5023 34186 87955 5553 41157 66416 66934 89394 31137 87123 60066 66926 16604 79709 94380 
98461 59427 69948 38043 33198 98832 18984 78453 21664 42639 17429 25863 26113 46359 37515 80311 32504 48621 92075 90992 
63283 38238 738 66582 28131 40052 14532 93204 73228 54074 72219 84158 74828 38705 73415 46725 37562 64222 21136 26048 
3641 70281 52030 94603 38555 58564 20635 6456 57155 60423 88019 69171 35551 75220 41552 47555 74112 47327 77831 57858 
60648 5790 90890 19034 90499 98768 10030 51747 64308 97081 16587 29081 62600 70462 14400 16438 46257 43161 72947 32041 
33639 28565 92487 68 71915 72343 77222 11889 41511 51620 97390 96942 3882 39258 38162 5230 11091 7069 37636 91173 
83303 53366 50066 93360 31649 2536 83541 73791 79744 69490 44063 73375 66192 57051 87611 79766 68662 91888 26887 93411 
69507 78994 65126 36810 82264 29321 9955 12981 57392 6834 67260 77094 87649 61014 39323 49455 58932 98989 17691 71578 
44061 96701 78468 86470 95374 40999 66070 95784 58573 19845 21865 42525 86626 14583 52079 64107 73847 69016 27132 65119 
84497 32304 57241 90371 2914 58224 59986 17114 56935 12291 58547 93444 78316 92061 38341 65869 54220 77491 58465 12721 
77632 97718 2364 47595 13015 1543 90731 90016 75333 48322 82459 50432 96435 89899 79667 67098 65836 96096 386 47451 
39177 83704 57051 86603 77000 69220 31761 33790 20182 2642 79838 31653 88487 89431 1039 59187 4744 57035 6628 16932 
11492 15801 80205 55067 8637 52892 44542 75679 92703 68902 57916 6589 42728 81185 48855 41590 22909 1863 99094 28951 
23512 96872 29044 49 96955 36195 47084 99588 11674 22880 76075 19513 92164 8130 91235 67409 70230 54605 55822 7355 
9366 60010 56674 99263 67686 26639 10910 95416 76632 43855 29112 56144 78402 67705 58574 73733 84841 81708 30204 77817 
66512 41519 84420 39008 99191 62524 52049 52304 50265 86859 65622 49101 49197 48040 66186 1266 10739 49234 5541 48328 
53279 38237 11572 22008 5780 89904 83739 37606 87108 1385 20339 87290 22628 31413 69976 91962 69621 10533 38882 98766 
29856 7806 57677 91702 63984 9559 44037 75327 26547 6309 46110 39189 71878 5762 6023 34178 30171 71826 97532 91902 
36657 88460 63365 22455 36545 63410 84641 32644 95374 27772 64008 99192 85220 81992 4632 84979 155 90260 52624 1056 
15401 19491 7095 31854 51567 87079 44480 97481 92550 41286 67898 75459 50863 41493 81232 15916 74843 33942 99691 62462 
83951 40673 44492 37285 3567 210 70677 39072 77078 86149 51111 47882 82160 73183 98819 27556 66977 37474 28585 38293 
12918 95472 11107 38434 50488 87018 21123 18862 14428 79622 79593 95689 70829 67443 57945 23570 46865 98996 31467 48527 
3727 33675 37167 86408 97128 19987 21803 10032 53023 26584 71504 72049 55408 46008 23196 14223 55576 27952 62973 77647 
56358 48233 38821 23498 82028 21678 19399 63966 78006 32950 31159 38075 89173 4632 23473 85805 33432 72874 96645 40999 
68888 4147 72134 77156 80909 14611 76634 19067 16339 24518 97738 53673 6051 75907 77542 45186 10536 44542 7376 35511 
86157 19743 83670 42101 61860 39567 4439 3964 36330 15129 467 4467 70972 54620 71875 74234 67025 99533 48104 61738 
94059 79203 26196 25944 80561 96343 65108 97680 29437 21346 73251 86896 93648 43181 54520 70589 20544 83364 6391 6738 
25540 48360 30209 47478 85472 20453 92408 46989 23813 6073 51958 91788 76977 2920 20256 50407 33518 26648 75451 38769 
70185 75377 2401 92226 53772 72397 92148 30477 23585 72804 65793 4283 37767 96121 32048 96646 25146 89893 20817 84493 
79453 69625 26504 98310 10996 23042 75210 39775 28878 66099 8112 6890 24111 37867 31717 56545 92310 6531 77607 49599 
18148 1960 90937 65188 53558 69915 33305 84598 83976 77776 48769 73352 37351 45397 1628 6817 87107 45662 37978 11024 
86262 93246 1612 18533 46918 65654 16269 50256 77783 84221 69828 66891 69946 99122 51672 47708 53473 1711 91809 11784 
59911 6066 59021 89556 14054 4144 8385 53605 46215 75832 28920 42496 10306 24647 89405 69162 62029 13242 46693 43983 
94995 15955 58403 73881 35492 48957 14774 60082 93818 54923 85548 58626 6823 80011 92965 40205 48594 78490 69914 47352 
51592 89414 37015 47364 2485 1515 2087 23072 91291 39070 97046 23643 25571 24306 28014 62886 59245 96635 7350 48830 
49500 74922 17181 43888 3683 39671 14177 77962 81761 69171 93894 27337 67838 87247 8609 83676 86498 84063 87853 63700 
95406 39226 36833 27693 93960 1790 87341 48226 61958 99792 77193 67435 52114 42385 23626 33406 88147 90992 88226 65389 
93346 74914 24587 51940 42686 54859 60840 78135 24398 11599 76589 27232 71271 55801 89619 94161 42158 90092 74393 58924 
5227 35504 40731 48662 46453 41830 87006 8511 45201 28342 63709 1132 44520 17456 45112 83759 8809 12738 88636 13421 
86724 97286 30 94054 91660 74877 1881 2881 23823 55179 15459 80085 33761 57718 19674 78993 63974 57306 88524 46980 
11524 98758 39978 9474 21232 57586 63652 75441 66718 85635 7243 67090 48574 37324 44707 23056 4416 58699 85409 24919 
75808 29861 9175 11837 31681 20541 11338 92796 79492 61561 77166 74551 72728 65915 63051 37818 77516 79374 1202 92569 
68968 51547 15301 97898 77526 54818 60938 73361 60520 45754 56468 34588 9068 79208 12895 6528 94362 62877 23313 79467 
60468 27139 16544 7236 84568 96680 46031 82324 93299 62810 87600 2048 39373 47580 66485 26764 87928 33712 64185 90627 
39486 47212 24155 88211 50052 33395 92015 34349 89964 88480 33558 34666 96918 47033 60050 48101 5751 69134 52944 72784 
48219 51590 96917 67973 69181 1556 26469 11256 33117 11752 22020 7741 6244 70825 51183 89831 79712 43422 1168 24592 
85199 64300 58307 89304 88701 15100 31101 15280 38609 3163 85334 34336 80359 74100 39828 2128 21294 12244 87169 1212 
90981 25697 3882 58790 71004 19461 74714 37150 33868 77298 20541 51445 85126 95142 99326 80008 99949 62118 91277 35330 
67888 1661 29667 19298 50129 19096 84483 62413 73630 90564 77162 93116 11769 91204 81239 96535 99297 65788 13106 43536 
87726 17355 42758 33233 39804 35716 61150 62136 70879 56827 64831 92165 47851 11685 34460 42789 16026 26776 96513 14151 
35311 62878 45478 36042 72756 24104 41833 58389 62831 63762 57059 51131 79999 57606 63581 46630 180 19457 23319 99472 
10220 8690 26761 81767 98364 98836 59076 77602 99443 99317 31898 28455 12860 10919 52443 12011 19476 4598 51734 25041 
35303 87583 35796 93075 53792 4824 7090 83888 54319 2991 4342 72125 18067 86949 58121 82040 11454 65934 52246 61127 
77456 37669 62457 81307 35746 95542 31269 43556 75997 98938 44945 27560 45116 18309 40694 38560 91004 52721 35560 73732 
88524 81714 58911 77209 16307 92702 29664 17573 42523 71453 29224 26308 24219 60011 65038 40996 10199 8841 86280 2657 
17423 86196 36469 58027 48691 71420 99604 8760 39154 84196 88585 18309 26173 28849 66851 29014 95995 31187 12308 74760 
1156 54409 27356 33781 93811 86877 94663 15836 29769 83151 59264 30819 35764 15577 87283 6916 58093 34223 84259 64697 
26494 62758 85163 72076 31907 65181 77055 68052 10128 80144 42883 65744 34839 99447 95492 63263 92136 91861 59198 3718 
38497 1445 94640 36139 43704 57938 17109 87899 54030 6373 6220 28166 36943 11599 41559 71944 80034 74006 34898 20904 
7718 77489 67993 2288 14887 30128 67046 92637 9395 56822 64481 28905 91267 18535 61880 55454 96081 74365 33891 2887 
1851 1539 43287 47651 35482 30524 76473 22851 74810 41102 86371 28496 88908 45518 64919 80639 55720 80234 50808 76731 
33359 8761 98817 78039 1984 18884 49787 88255 24913 81585 8445 21459 52930 882 19221 51193 50766 54453 69801 45463 
99740 59061 79166 87357 39218 23559 54105 41091 79822 71532 16260 75975 47555 45100 25748 26018 26768 85221 44991 11758 
92139 4855 79300 24862 76001 43338 51776 41656 21666 60646 8714 81895 2631 97057 5286 26698 22668 45399 91287 11611 
21260 77823 1873 6469 72427 40629 64896 82816 48445 79423 68816 65149 42427 68128 78362 48310 95611 29875 40560 3289 
27986 14892 14289 87927 50133 21507 48845 17602 75756 16906 97304 53103 23598 60232 88346 18206 53592 45484 45853 57116 
6919 45060 98366 55407 49345 22998 48949 30919 74013 13257 47547 77636 20340 58159 15008 80623 93672 6521 78000 20638 
14231 97994 45807 86117 73745 64427 97427 94700 68718 13474 98842 92216 57813 76140 70334 67525 75089 36661 46822 34350 
54090 93527 6546 99441 34186 67428 38645 75052 50946 22189 17748 16899 65076 60427 37350 70517 59771 48655 53063 2510 
68015 56651 4954 53946 1323 40098 58162 20656 96603 69962 57920 71709 2666 93760 11856 77561 29986 81332 40153 52072 
90580 99186 2054 61375 46496 39103 42238 17900 86399 51961 46414 53918 33348 21984 10106 90860 36739 69616 56262 44748 
34398 27929 12583 80814 3981 19817 98044 49345 4050 64765 47936 74769 5363 82084 9453 49312 75722 56572 70202 30007 
90112 17576 11866 16868 73584 67312 47270 73411 78923 59985 24113 62658 34278 404 92139 15965 69649 86892 88028 26103 
60709 35687 56990 62925 23866 99422 99729 13167 35699 43629 33179 7710 74108 40396 4312 62431 98114 56783 46771 91901 
11312 19202 75255 54937 51765 72546 56306 51480 17898 92206 91874 17269 46921 82201 53907 29619 67175 33335 74498 35161 
7410 6195 32301 37304 83319 74850 79174 13443 13126 85155 70948 44297 49587 64060 15280 19227 40741 90207 73842 76779 
61046 57128 52140 67388 69949 6611 50924 97592 49647 54652 14529 39120 98913 1756 78435 20410 56213 53384 33247 87607 
87814 18962 69490 47606 79678 55481 97761 50151 55653 70844 63137 76273 24418 34575 88629 96140 66591 78879 89661 80354 
51736 73640 35740 49225 77829 24246 23445 8154 84066 84461 50910 47004 92014 28720 37392 39103 57751 79849 80493 35547 
33588 80175 87355 92546 46551 66694 571 5115 17662 35766 67377 80884 28593 15771 27149 52389 24910 47200 87186 41114 
33536 31174 95055 88146 98555 64952 17941 36349 60187 93932 10529 78432 3395 92182 56913 82595 86496 18693 8638 71527 
11422 11099 54664 65943 34199 75324 69688 38415 15398 4914 46515 28764 98446 18081 68169 27570 64890 60468 81357 51842 
17263 80587 98675 67896 72061 90519 24332 59978 63697 73839 89611 8673 8775 73914 51738 57971 35198 34426 20871 84225 
48406 13169 93089 23828 57911 99945 55968 17110 49849 79092 40209 28626 99453 51964 98410 2695 40739 26315 26867 67846 
15855 80243 88697 15956 87407 24658 60517 53912 40257 57340 96421 13242 52809 44065 15347 898 20627 66522 41186 76440 
34028 74526 86577 3579 87419 66106 58195 15087 22393 71293 67585 21791 78493 23599 2776 30862 79448 85809 92692 23791 
54336 25831 15132 1475 27661 91704 27535 13888 91604 17534 72941 20074 67048 73942 3798 94270 29847 4527 32122 82556 
13436 49011 33360 13147 31191 59976 46938 83977 88063 74899 96185 84916 88941 63256 43312 69612 99570 62432 9454 95571 
87215 49324 44094 74705 26699 9537 64767 62187 25409 71442 12628 28937 66971 10130 40446 17326 14229 66288 48469 93787 
8440 85417 4127 7136 70309 59306 75496 32678 36326 9848 63666 52035 7926 87343 53762 31409 18442 45245 4798 23889 
54731 7888 32443 24294 57873 28848 76536 62602 17123 48227 72831 37561 3361 50138 53538 69379 65757 26512 14734 89643 
80104 56526 64299 69674 86292 16861 21284 23411 75921 80975 27134 3309 44756 27506 53366 38968 38592 13777 72993 52626 
81027 3691 71866 2456 58814 23191 99547 20283 59275 14356 2648 92302 85616 82256 58538 44032 30445 86456 25778 14384 
26175 76360 61288 67183 1820 75465 62112 69429 32886 2181 46625 3313 26960 70629 9657 47914 80719 84982 61501 65767 
45269 68627 86867 81075 88696 66392 46225 10323 91568 31460 24116 36639 4571 25077 67499 63825 61018 52088 99072 31785 
36363 46910 33803 68665 60069 14296 43215 23934 71690 63252 18540 11994 95909 64469 24763 86614 9416 80626 39099 93209 
40329 10628 40573 91160 47907 75627 91417 23286 90807 43549 48055 51429 65822 59730 85859 40527 72749 15018 91684 76303 
75873 28308 69642 8314 70967 6412 97617 9172 31713 60217 9031 9526 15986 11455 37501 84051 12877 37902 40547 82588 
29999 55084 96773 58176 91053 33886 38131 80341 64245 92753 89950 56375 63378 90885 7937 72574 52564 15582 4108 69018 
93195 17385 53706 76822 35775 57848 95507 62661 7943 63181 24415 47994 15203 16057 42210 77536 39787 63490 32031 8731 
32159 59109 79466 44783 71921 49849 48618 27250 84591 70398 34690 91562 64943 54909 64785 1784 52608 94702 9866 88108 
4476 99041 65174 9323 64992 9286 31533 40960 98590 1695 10757 2746 42599 68355 43032 14910 88058 69493 41544 55791 
99197 34454 49627 28310 28017 59698 47 23171 94798 42229 85580 31834 45208 12456 61067 50856 68008 74824 23530 40913 
59927 67021 14114 64407 10062 55438 79409 23767 85632 77091 80505 58916 85788 67476 67473 12532 66906 20927 57997 45510 
70178 38063 48659 49004 94131 55240 69032 41242 16933 24528 34282 15785 5635 1926 14375 32121 58581 64728 97539 31773 
65989 30493 81073 28499 71441 91256 3323 50752 57073 6407 32103 5556 14428 84320 80404 57222 51106 95041 40156 82174 
30290 31086 3370 47035 33938 1276 86465 41691 38676 76652 61468 33837 17569 57281 17291 72732 81648 92590 68791 24612 
45103 85251 29690 16054 25531 74187 43567 48625 27046 64337 49926 73892 22731 76514 57792 70070 98522 46978 43530 65379 
63405 73742 79225 73274 52930 99181 91747 72337 39442 94680 21762 88118 12078 8780 70456 39621 69381 93902 93674 42513 
37717 64130 43503 50319 38807 77732 58585 8231 18123 61192 82489 38393 67612 31537 82835 2226 40795 14551 50988 74582 
15274 25081 2227 66998 78242 2509 11804 18216 49806 44687 6586 6567 55501 7353 13619 44508 43478 71612 31682 25747 
95557 63114 70617 1276 81046 84108 74024 97967 75095 64406 58672 29224 7022 16925 82671 88668 53065 65063 91644 19260 
44510 77908 42526 96866 6747 19609 80021 26333 19159 61008 81476 49857 7258 73900 4281 91876 49033 54870 25854 82237 
30777 5188 27551 27031 32929 55364 74973 62997 40093 78175 22345 99492 56730 23225 50682 1706 89252 66131 28489 65262 
79067 9387 66875 74085 29226 71237 8725 91036 23548 72902 74389 39928 78347 311 33525 69362 62911 46419 32739 71943 
11526 85790 4774 72009 35431 29968 10279 69019 21845 60418 10969 5818 35795 50371 68326 84610 71300 81196 83029 31365 
7478 78886 52804 92119 98657 54534 50700 97280 43690 90629 56227 31726 37588 22079 39568 80180 22084 79778 36590 34958 
65417 39549 45722 70737 88801 78478 92987 38204 7410 57556 40039 94940 47550 92209 4669 98012 32071 77964 57662 81296 
46202 57362 65747 28655 85631 70727 85441 12560 52503 58539 36875 25224 73432 67237 51617 58100 67123 30418 86951 28057 
65464 60580 13217 49719 4802 5517 50547 16878 14413 83779 99960 32817 44644 99129 85486 65331 63150 37913 41699 97727 
85254 37415 6914 95405 43458 17039 33756 33566 88404 98910 31703 14645 2328 61097 71935 39696 11545 16079 85059 28474 
98586 56002 26417 35784 55634 55707 12321 2214 90114 2660 10385 29239 63401 4922 88355 79232 82100 23764 65413 16588 
86 26170 98937 4048 11501 41414 79335 11154 43694 95475 89439 37803 22532 37516 41219 16110 84665 46961 48982 74378 
28663 21307 50028 81399 11083 40699 90976 16321 81799 74581 18692 32136 74758 38192 89602 80452 29359 13284 20816 6122 
39144 58258 74573 24880 54624 74661 32431 66517 8312 17630 11320 92748 82579 58040 19888 57741 66020 5101 78393 36516 
5398 6149 34558 61648 74184 74781 44796 13047 74084 43572 23779 16286 36750 47221 63854 54493 44945 44233 89344 84831 
47656 11271 56890 31385 86717 7376 13198 89883 95558 57024 18683 10221 50409 79297 36344 94694 43135 9064 51745 14509 
56207 94362 74956 93244 69603 63707 68704 93128 29657 1858 85380 92024 93548 4412 19812 96673 82301 18370 34822 33900 
37779 63190 6688 68837 99281 11004 85264 4214 44956 35827 59464 84735 37942 86858 28994 92247 68038 17137 44351 10255 
41263 99294 74167 90668 9595 10299 23898 74254 6531 59451 92250 41394 61358 452 18652 42481 62865 81331 41563 49439 
43014 54512 78633 11383 99330 66239 60716 23590 65642 68288 60003 38082 34118 33955 24219 51829 49191 18518 53372 93113 
41093 11943 77091 76791 39613 6523 73751 65201 93796 62442 78546 61925 83446 78015 2024 1771 77521 63356 40808 37498 
17598 29591 11461 66959 42808 18695 34186 15423 25896 12448 28799 43058 77594 88142 89480 84978 81141 15448 90118 48779 
22628 46912 42678 75381 12924 76588 95665 47211 64187 97824 85178 27513 57243 10509 77688 94040 53156 97276 5827 72924 
8733 14352 75838 22812 28412 7624 15155 69963 34195 3683 12554 37506 72151 84659 1780 11649 8591 71862 88811 94352 
27372 13153 95142 94354 78449 41663 52420 50648 43927 28790 89298 85264 97806 94807 26150 1085 16667 57685 15876 59086 
90708 69622 80828 91117 34887 8279 52781 59165 56484 3828 7703 48977 99723 66778 95619 66090 42727 60118 33228 55932 
43771 17781 72682 23532 11333 96294 8527 10856 35925 49839 91214 26937 83181 37191 61378 2597 15310 2234 41894 34530 
31259 34446 43352 73324 20725 27768 85907 38352 1301 84301 12564 46613 80596 51128 16884 42251 15201 96788 12608 5329 
78172 60438 61935 45278 45987 41595 41359 65905 83924 76528 82205 50053 8327 99861 43970 29325 80558 78120 80189 60001 
90591 60933 88434 13908 35316 4983 61721 99801 15221 36192 15860 11891 55871 32146 62600 79184 34350 66095 13053 43340 
49976 43794 83658 99607 79894 88392 60561 53214 42274 21748 71500 79254 67001 69004 36623 73485 63684 98918 53021 40981 
40598 61042 45324 93826 16624 43440 96177 71363 53804 47444 20612 93687 27343 87401 31769 74804 27751 75375 44129 86913 
30392 48361 58472 5703 69063 14872 94295 31727 95537 77054 51800 72820 90123 15963 5226 88283 65410 52442 95261 97045 
87767 43237 18902 24372 99923 86878 38307 77764 75637 75529 98635 67742 33042 53714 35962 46285 37983 24848 89038 36346 
53429 41647 88789 89031 58686 4701 12409 38539 3759 62695 31835 20527 8643 8344 51214 20475 53230 93924 5475 99392 
71382 14341 31663 47962 73113 3894 86295 97565 19469 93698 30597 85465 86512 62341 79298 79453 61745 24869 46309 51201 
38690 6749 87554 22285 13997 19791 44721 19485 2892 54869 86411 94269 51240 87410 63457 99584 76878 53377 29164 95880 
86143 74085 50680 31916 48141 97425 29521 23375 29240 42690 71548 25962 22058 43428 18643 27746 57121 21581 3060 62916 
43281 43280 97013 34527 69215 44032 44522 97708 76406 9703 4330 26424 27740 91958 86720 59506 37431 82526 67961 16523 
97463 46684 88553 18562 59663 97249 70461 30969 64844 7096 30147 96286 41713 92941 24092 60331 84226 7439 7247 89146 
22920 62814 7751 1046 75385 11117 8085 19264 38452 53028 43942 71059 43411 63092 65030 54564 75124 25013 75811 95647 
14527 21451 86323 29848 25841 51835 33539 82388 77060 16669 15237 53031 44825 36654 49646 94996 4514 96777 32329 70265 
31624 23056 24293 49256 57544 25881 73752 25028 30023 84109 11164 99705 9171 25761 27044 63795 5753 71728 26116 83682 
95586 34652 68393 95416 65358 81088 92941 79332 85362 47012 70396 20873 91896 73850 57111 94526 69889 46332 62491 46480 
63610 79283 41863 97658 36041 81365 60429 47240 29685 86144 31100 84097 21498 72711 32659 87165 56666 83467 84092 9683 
1214 31446 29271 39348 10423 58253 60657 9597 25403 61541 25046 62340 13117 38086 95658 86132 36896 47275 14297 12547 
42267 56539 71897 17742 38371 97370 1179 98002 23936 12258 69504 75448 35976 84354 542 35304 38243 30693 17163 56409 
4450 71638 96163 62566 88854 15 27841 87137 26525 57138 19460 48666 32917 47324 93848 97528 96893 29230 90981 46900 
52903 88580 50410 78379 94279 45434 84657 75309 42583 66312 24366 76174 38604 53318 36674 31274 46003 72138 1235 12773 
66342 25511 5113 31099 84146 17761 53145 78944 92268 94580 46718 2541 90023 16750 74654 71625 66557 41532 1100 7168 
71687 29932 95004 22915 60698 2515 48183 34307 84235 74070 95606 69429 18484 6699 70044 44808 47845 18367 3152 51535 
41427 36467 31260 46201 29498 94067 56061 44232 72758 40366 31661 67041 7929 61146 24913 52394 50204 64264 58841 88709 
92716 62928 21051 81223 76702 31595 68553 1564 83657 17679 44446 51325 45440 89382 82893 49484 65158 14792 90289 12196 
18404 20856 90043 22197 67269 57916 57781 97531 12861 78219 76493 96481 63380 31530 31261 66432 88607 50995 72187 58502 
87492 55251 7475 41361 27383 86433 61970 38843 81773 15553 87377 41490 64508 64164 86746 94003 97862 76308 31972 15325 
17801 62670 7692 95461 98283 2667 32486 60121 46478 78665 67922 98515 9106 3278 39381 10598 31067 32754 12889 74936 
38204 31047 62965 20691 82881 1759 17681 19154 89801 4389 48360 55483 93275 27700 11494 63627 58259 45315 92377 46698 
15493 40870 48253 22713 95028 78812 69521 16563 68264 73578 28988 18772 65629 37222 59688 60362 17043 19421 88499 39828 
94876 14434 22850 76187 44657 51181 16485 53995 97416 62572 90620 6081 57476 39136 99909 77775 71844 37627 30453 73311 
67231 39394 32757 74873 54990 93921 51578 68987 25909 29129 11328 80784 6162 51461 16849 57232 28444 5642 99562 93805 
84997 50234 99013 94128 78596 46446 44018 97970 79198 83472 11546 18380 91462 23620 18547 48174 62138 37154 51696 69153 
19599 26456 61593 71470 77194 37906 84616 33348 37661 15384 14469 76481 2230 27090 62897 71894 37366 62726 15364 6411 
5313 58978 62822 38517 86707 15612 77984 24031 50887 84324 81027 25483 80632 61947 72023 63335 47049 52462 79848 65325 
67608 13155 92955 82667 88710 24989 63335 58291 84859 30747 55253 41867 37015 49328 44908 98743 87339 23132 9615 15879 
5068 51253 75820 64134 25945 62770 21938 8239 5024 25041 19595 90877 30843 10975 98284 29244 15067 12802 80647 31571 
94767 86969 40843 96093 71837 8028 69660 5851 45773 79736 73442 33385 89370 79545 69680 17518 16471 41399 77238 42936 
26005 78957 20888 64627 1197 13583 13550 23084 78228 28846 11730 54206 23092 21471 44209 3675 58102 68483 46452 26553 
64284 28139 18798 45215 79171 67502 27567 95809 45356 43706 74329 83346 69764 29659 78591 66966 47468 16460 41922 56255 
60774 9384 42663 70945 44199 61985 14368 50683 10584 66800 70451 23946 85085 10228 94965 48813 52639 8752 38475 10629 
49398 59733 70866 65341 48352 41558 32074 48093 69179 49078 9059 16836 2023 28193 45507 5922 83878 26562 24254 76230 
16298 12572 54370 51262 18018 38281 83810 83493 65309 34450 89575 12038 47821 57785 10857 30538 97860 17057 46152 19219 
57242 27073 47908 92495 6266 5246 84326 81631 34427 54260 29802 30693 64573 68288 75266 39587 93916 94565 15166 28796 
84306 76649 58603 39883 55564 97287 59187 47736 69563 68020 69962 78944 24077 98355 50451 89664 14017 64300 80613 15213 
71977 64032 7440 24236 5082 54966 29589 40238 77297 49974 42068 30084 94185 35252 25545 91051 10444 27144 88345 52391 
20229 43795 94020 46346 80368 14214 1831 56352 34767 46106 63581 44880 66680 91629 52403 58922 70592 66433 14143 39389 
29080 35393 23061 74174 24586 77015 16039 71528 12647 98082 7594 73056 75717 44278 52626 83182 32583 51317 5783 47522 
18417 73142 42041 98422 19504 57318 93269 26813 98099 31556 42272 35600 93430 48179 80474 30034 49512 2894 88422 4784 
15920 11783 9147 75856 55911 86933 21828 44526 13661 50451 68086 94085 36892 5188 61146 80982 5374 9008 67318 64681 
92941 25552 58974 81351 96780 43983 22705 74750 21896 33976 90317 14104 68924 73151 91993 71572 97306 10147 11417 7645 
20968 95286 6538 74035 80097 22069 7674 13188 15944 71838 49952 26017 77838 4912 91263 60504 68384 4131 20742 35836 
77176 76624 58883 31675 81323 76746 5329 13806 12563 54899 17285 91501 79171 13528 24188 41124 51186 97240 84094 28981 
38301 24471 17965 58352 71403 61829 48754 16306 26961 12684 10862 94488 99131 84460 39277 73360 29177 9836 53575 35418 
82948 82753 29982 54472 94295 23317 90367 28700 11383 36369 71600 61611 28064 92742 20794 472 78557 45287 21669 93580 
48428 84713 89399 5172 6013 96961 98091 75440 74188 89624 74896 65160 28165 23471 65799 82719 19211 15493 38905 35448 
99778 68943 48456 13696 45388 56504 45185 20179 21280 61223 91247 1874 75382 28595 82383 87028 96349 88369 19793 97054 
92686 92721 92173 93452 95595 69838 64929 94586 12923 89358 60678 75423 2658 67026 21657 12839 36663 65594 74363 20629 
56913 1514 61911 46742 34628 70405 69417 7254 15016 31037 41615 73731 48045 80997 72709 94024 89119 2076 28249 97817 
62588 89100 37665 96499 73487 30536 51718 80867 89974 90724 94530 16782 12455 3354 57155 17170 4707 52759 49828 25445 
43791 17785 3614 71831 70221 44011 52116 81206 3843 86454 67248 35861 31940 45021 98307 38772 2406 48367 17746 23838 
87578 32175 79777 40005 17276 37448 23702 5934 83229 82266 41737 2957 47378 50002 45443 96700 40889 99990 2157 74389 
65214 76512 70844 92204 50718 37152 36114 34422 47253 15148 73029 46558 29526 79534 13457 85818 3130 61806 50693 7841 
90705 13617 69066 73208 22173 84750 31783 99112 39632 2519 11462 35968 60539 88488 20577 40742 43965 4106 90012 50127 
41070 59082 40902 17423 83870 2247 50147 81535 64759 58290 32356 15675 71588 30972 41029 79636 95299 34142 62298 62396 
90497 92313 12810 13841 47950 44156 98327 32451 37553 85209 50096 70944 47636 3671 90264 1235 40612 53407 76238 70100 
74316 69959 10496 7517 10077 68598 3462 58495 18094 99376 96780 74358 58729 92517 71981 22174 36040 33918 31542 38967 
27931 59154 84706 10661 69153 24438 89205 98892 57039 55657 24600 24676 96823 42906 71333 40019 29641 39664 90479 40612 
34250 94856 43076 42067 26155 73428 98826 64553 89623 63432 52738 70273 6350 88977 22468 55348 99337 4318 11317 14592 
33748 24670 74400 95525 5523 52383 35632 38281 80360 4302 53605 24937 91072 55677 79337 80571 62814 22936 68600 19740 
92697 6992 74761 76276 96019 14870 1741 30759 9544 8388 57948 89494 52482 99106 42806 33717 881 49933 78848 51236 
12578 21467 66895 81938 1047 86506 82088 17512 28544 64637 27690 5043 37527 30976 15540 19867 3289 4618 39819 16434 
85950 95104 60086 57232 98586 70305 24032 63232 29481 48721 17592 90166 38401 40059 52577 63984 70901 31634 23841 36467 
46476 76448 39173 56199 97898 37524 52089 33875 35698 35779 31703 10603 53667 9038 31419 60667 18307 34555 33742 51621 
3953 5527 39597 35336 39047 60381 39626 75152 21369 83833 881 82256 17342 97331 94066 95736 90646 89141 61811 14289 
58377 27232 28203 23072 27578 34482 76670 90504 74198 15521 49489 69489 14558 506 24351 25754 480 72668 5040 83244 
44911 68286 44063 72376 57003 99303 40668 15248 80933 31813 17413 46060 52536 86382 127 13287 96200 57499 40231 49907 
35358 60563 69998 59421 12212 5346 85495 63140 19259 68578 15448 2083 94571 24896 97615 92157 88273 42339 17435 89193 
2760 58597 6939 13881 39280 57036 63111 67240 23980 86231 20959 41006 1000 71990 46128 80242 61440 6141 74314 66410 
47523 24520 73151 32119 72938 27838 5296 96018 28991 48464 14801 97368 25827 9551 93943 23802 29841 72069 26342 14323 
21867 44447 75944 26084 74947 71773 52418 63329 78253 19900 18479 75587 10808 87518 86835 93043 90114 57397 51093 8542 
34406 69616 16176 19368 45891 76929 67554 55905 41142 4144 44990 90876 49781 9863 93065 34992 22132 65978 46407 30780 
19248 971 75802 17099 89351 81608 60212 66018 56963 3841 47693 12965 49282 50355 19222 48582 72774 92791 30084 6076 
26909 10365 29137 89744 36040 25704 14689 36399 73440 53517 6357 74341 12164 65452 31478 48067 56125 14156 18799 17060 
87820 26186 1234 20342 52130 22155 84985 67285 31011 75801 87999 69714 58028 99323 18569 29583 42193 5729 54503 55257 
28631 58980 89359 96164 86346 56827 10361 32408 83595 21422 16807 51763 49349 45605 50802 47864 71358 41253 2507 89990 
31179 9140 20864 14533 58886 92068 54522 50617 44783 28589 76358 40618 31947 25866 35235 12957 4231 40453 10991 9422 
80245 81841 41726 2469 94516 12848 46366 91344 80050 58066 24376 43539 91698 74981 59313 95295 17302 5497 28152 30126 
13836 47389 93197 17501 5378 17805 52996 70662 95370 17537 14200 72444 93204 22488 52930 49418 91399 2069 87987 20320 
24840 94957 77290 77619 96092 25308 59677 46776 88272 18784 39440 48753 92191 39885 54971 89112 59822 31492 37014 57708 
15788 27528 2617 86063 8050 93259 17997 20407 26240 78645 92597 26898 49521 66443 27472 36370 22464 4081 49828 91701 
44338 21778 30206 25220 98502 22579 51401 85273 7371 41949 19653 31444 47731 18689 41272 51245 85142 96392 53467 13566 
39187 52963 46395 99820 98802 94259 64167 863 46259 8348 4271 51259 22393 97772 67998 28831 95877 94583 19819 50351 
32391 86463 13185 18776 59961 98830 69082 62926 95737 8069 92874 36478 7285 86486 57861 27915 54649 16181 37969 87436 
31320 14185 44372 86681 3629 1704 79745 46902 5924 21025 19172 26095 98920 16069 15128 13894 13650 40745 40592 85947 
70287 41878 32279 68397 60176 56801 88123 74882 55390 27528 98537 59950 78156 1147 81319 89474 777 59259 6710 92148 
77566 30153 79528 9167 89896 23534 40682 79787 10135 409 13800 36935 16960 44774 16548 63176 83485 74964 52375 37348 
96077 78592 5838 19650 22667 6327 43777 29681 56767 37046 25306 67618 12116 79534 71655 70989 61001 41491 78160 55080 
350 84240 26058 623 33213 7966 65299 88765 90128 88780 39092 74275 60317 53446 89491 84592 46001 76935 23930 90629 
72409 44545 2680 42005 70107 57682 62982 49678 74998 87512 87605 91651 11783 37358 80859 71230 22790 85949 88290 18283 
90175 35760 38114 90061 95543 31643 41171 8837 43124 25514 21691 34732 48114 34100 64251 47298 58706 54806 93632 77335 
12861 46727 19786 62324 58835 18768 95722 95677 3180 41312 53958 8973 58194 33343 94784 56391 87136 79979 46877 4712 
67308 72819 45135 96230 52013 57016 12105 65068 890 85056 14477 33331 51938 9632 29697 94134 11147 75783 47499 52745 
48068 62505 60889 70552 20909 94419 91662 87789 70767 2799 36173 4828 57680 68983 44307 2363 42558 66400 4039 54223 
9566 10491 45283 30345 36975 50065 10423 63415 56204 37965 57041 44928 66311 31709 24588 7964 66665 53170 51069 26334 
5770 84551 98237 194 4856 99729 3869 21495 66226 78720 94330 83489 81252 19178 81383 77702 88616 58356 45859 2964 
46852 12947 68663 66660 67232 90017 2410 91367 2167 56661 43468 20529 91958 53044 39236 20723 26607 73486 31296 17925 
69244 92971 51231 67528 83859 31951 58270 26155 7375 87702 59452 57573 2658 15231 31156 82625 2870 14889 36412 24844 
44526 50645 41026 78114 55711 48444 19992 2683 41157 55727 25639 17550 40969 79433 95782 94312 85762 33732 16034 65625 
66388 20489 30491 27267 23152 7732 556 85070 29153 8409 83036 44989 6634 95903 74397 59112 41700 50798 70190 74207 
39658 57247 71417 93721 14749 79950 41671 31774 5924 60488 56921 42201 21365 58719 33377 83269 54900 14143 68796 82922 
95326 49111 49862 26459 96128 92281 75127 94130 76491 72848 85475 52079 42813 45311 48286 39578 54355 50838 23812 50074 
32278 75516 5349 41594 47158 34370 93132 98629 94806 81858 38464 10343 44048 681 54411 33483 7681 55002 21284 56368 
86464 13998 63283 32243 34936 11370 14532 84938 84424 52539 9275 25751 31581 74416 9750 75748 45451 46479 77369 62446 
98564 64407 23460 15796 58885 24694 65655 64878 88437 39108 30877 45409 1107 93044 91980 91596 52596 59023 84604 64444 
55150 60159 50849 94084 43627 90253 44249 51988 25129 88596 77548 95275 9234 70559 71396 94885 38535 88028 81065 31525 
75047 27038 18058 86884 32359 63792 48 45653 2002 10715 91343 38519 53619 82931 47302 75095 53450 92200 95214 45350 
53790 56862 91472 50735 96195 27694 87547 44145 42813 9529 86369 3017 90356 77831 13218 57394 17585 12053 50753 55346 
47066 61660 77459 16900 46767 15424