17756 5050 17421 63759 91298 30443 65457 49309 52606 21683 76846 60621 95447 22606 59687 72401 11231 90896 76490 82179 
58914 39559 52876 93812 70492 92750 80469 68217 97672 2075 40201 91223 26201 86805 62601 83036 65967 50009 63277 44715 
61822 49093 18775 57576 36542 4039 47815 9189 42939 26554 37757 89053 8386 55891 15776 7926 15249 59806 20369 44024 
29024 76545 11031 38528 40037 84014 37433 9905 82041 61983 84719 61225 78529 41524 16705 4259 73323 69287 36675 38014 
93412 82644 94725 68169 17287 26200 64741 25164 57276 93357 71441 40955 10414 6107 79562 21518 64433 20090 10305 32291 
18213 58744 95677 56939 10303 59991 17133 42246 40198 39173 89890 36136 88991 11096 27105 48715 62504 5365 67992 98586 
17201 77690 70772 96222 33385 53708 71945 12280 87925 66195 53340 90379 23845 43395 78820 65948 88980 59050 76040 26517 
46175 369 87696 31465 82176 43110 18688 20450 25200 32952 98622 76040 47235 40133 83176 64546 88195 68717 61703 72210 
88512 68109 43545 33120 86375 47856 27915 89490 95474 19994 18438 33826 33145 42522 55042 78698 69821 35743 72449 14848 
67481 13668 10805 24165 23055 93379 90335 1272 37624 54117 92718 217 87374 23585 44880 94636 56730 92366 26737 90786 
93452 26832 64442 4625 4740 74788 40731 98877 65342 39741 61253 14758 43471 58693 98729 75541 80517 31819 95897 31090 
13434 81254 5339 31625 84310 32993 75362 67276 85596 30530 67969 73351 62518 10529 82485 33535 43370 6777 54348 21711 
28649 984 50872 80587 51566 51134 17606 33094 22641 29493 12414 82156 82623 56265 7555 32334 76012 97812 41595 81104 
79858 92325 88880 9073 40253 816 9041 4240 73469 25000 89444 64359 12273 91423 82935 83253 31982 85850 68289 8540 
22747 40716 80330 78879 95879 36687 65360 57167 12597 92428 7044 80038 69892 42626 6556 54985 50288 19292 6393 48583 
26416 79787 42337 12969 38243 14059 84112 15848 94601 95571 14386 96347 54800 69719 90534 27058 81503 75405 89490 63034 
31741 72917 16857 31372 21388 91611 18598 81984 25748 17933 51663 52695 86877 43375 17172 78510 7249 75261 30013 85103 
92109 51381 89948 89970 62949 62113 90275 95512 86311 74322 98320 26717 44554 18683 83393 67175 98455 9829 19468 49186 
48312 85844 61283 22541 29942 56742 64415 31012 22482 4153 2713 21994 9961 11675 63997 25378 55682 5782 54816 63094 
45899 54520 82339 41826 36888 13695 47428 34714 82122 41218 90549 46768 15229 50115 11530 7366 53182 93673 32568 18967 
10530 1514 62552 93908 77296 83304 46930 15530 50033 67088 93756 51343 80167 925 69134 17755 98035 84932 5277 16586 
61862 72094 21960 6173 48924 4487 18828 36478 72525 89229 85925 80622 19123 51845 51388 14194 56828 69019 64646 71700 
7797 9545 58299 46867 91249 93881 98217 49562 51372 4770 11612 35534 87741 49396 81117 54450 58899 88643 26992 49144 
75231 63726 75986 29553 60638 24499 99262 88498 93536 27109 12353 31857 5712 9978 34507 22823 24512 93499 63747 62887 
63719 39714 18605 64174 68610 92738 26521 22492 73184 76607 19020 86515 39305 95017 19347 53879 83754 24518 59903 82827 
4505 28200 27421 237 8522 59767 13145 9714 83288 73097 40146 2828 43152 84799 6870 35503 90506 39612 17001 24358 
57305 18384 60181 92757 45215 86278 86202 41056 53038 48607 90080 82314 27552 26857 90606 42661 81216 98783 32036 81369 
41872 2795 75606 484 50738 84778 41870 4401 24140 38321 41830 77018 2787 17670 89990 75603 5354 22543 60100 81097 
94511 50377 55180 17803 86657 27746 70658 6515 74588 34412 81525 52397 87913 73941 6308 45614 43791 40987 54704 74703 
36492 22759 11075 39868 81456 19745 45480 456 58857 33614 48761 17111 73494 10736 92122 58772 40534 7026 86444 96500 
14761 20240 60715 61275 65687 8911 87244 85656 54778 78025 88819 15078 78029 83618 61611 59463 1861 29790 84676 22169 
86760 18752 47441 87742 38429 82333 11968 38875 10187 25696 25931 23717 90371 55025 18560 21429 46143 22616 70695 57836 
61301 23074 22395 75711 38804 24039 66403 82716 47605 73999 52222 72125 54698 93837 96396 54757 96980 63481 84219 45207 
40892 98172 90936 75315 5885 30460 83543 66200 84360 96332 87837 20664 72616 18085 64917 47696 93666 71272 81198 50951 
28649 53287 83042 9941 46379 73353 39606 49496 47244 43540 47331 15837 54042 31074 14824 43996 83902 23598 42997 37467 
44204 92362 15834 18528 91132 9375 34639 31491 38077 37554 32312 11134 65838 20666 99461 79181 70238 99191 74978 74890 
76463 66909 38739 28023 46901 25515 5989 88946 93133 24559 59714 43804 59103 40605 48053 86111 28271 5310 94145 23743 
2179 85686 30952 21432 12744 56859 32876 65500 24705 93404 84067 18093 52657 8898 78064 78611 57875 14379 37310 45758 
79285 35866 62539 62290 8710 52460 84979 69804 8798 539 28978 42736 31126 95145 63852 87427 97255 34372 1066 47943 
77089 6470 12849 29557 35075 65013 67210 71200 14893 911 37040 43437 94681 31417 98596 23331 72118 49691 20000 40272 
16016 92651 86980 66993 92340 43755 99575 41349 474 44586 10050 87892 14539 16483 48100 47912 15395 68191 57132 30708 
51929 56671 14819 70398 17275 73604 75600 23058 18703 15405 56771 97650 38922 41034 71559 50323 38186 3379 8955 62841 
71466 86357 87233 86801 68206 7739 4384 72191 37294 19449 58444 356 32983 45129 24319 55782 44084 27889 11867 34811 
64658 97818 43158 67891 46748 66865 33498 17424 6433 51159 36430 96657 49738 4137 52582 57262 87728 78532 82305 98971 
49390 16935 26960 3883 41582 4626 12324 42847 38784 49007 65561 10379 31923 27872 66350 16104 78940 70945 54526 79397 
38300 19131 74629 22751 74865 14586 5004 38487 10653 66164 37365 47297 74370 6199 71339 76694 31659 97423 90968 39833 
75463 2465 33797 39897 16292 46605 37591 61905 35561 68314 53757 97212 74732 10698 16815 58531 93001 7037 38495 84693 
60475 47245 71396 35049 95407 48004 35655 64854 17001 64185 61183 44188 74366 79387 57951 68875 65752 38098 62417 3495 
61402 65068 10261 75955 67647 28516 83031 78271 61383 18968 8699 38339 88261 33479 45460 43080 15288 93877 14954 63447 
46419 82389 81050 14302 87716 38404 7077 6508 581 83050 89659 27670 65730 89777 35452 17902 55939 71843 64505 16003 
14521 74481 15763 76269 53787 56215 39671 19946 24999 73557 59204 14521 30956 21911 50141 36322 34468 457 21444 42417 
81537 80111 32459 17694 84430 15797 23773 8972 34710 80522 55268 7309 85325 22107 91526 24614 25916 68215 64065 71782 
88069 58000 72404 55266 70313 12789 932 35858 25587 84127 20713 84231 46734 25658 92408 33606 31715 40806 26256 88361 
75782 72775 61581 90231 82265 59993 97774 13995 76392 34193 22023 57555 58710 12534 62265 50125 90862 72340 92740 65667 
65219 45166 7435 20128 7491 23509 69171 52579 91615 54607 53675 38076 14475 83551 49871 23351 43216 60394 82743 25224 
49832 43804 16490 18173 37471 39074 12014 100 61150 36195 1853 46461 12796 16132 89116 10045 26361 4381 73237 22153 
61195 77639 53875 79999 25503 18407 61630 22563 94036 46334 10871 26610 16265 94674 73539 35300 38936 30200 37974 33377 
29852 94774 73753 45881 23677 15018 55160 47927 16272 23989 24154 95245 84870 76898 78271 33281 43385 7959 39846 25866 
86417 51498 48186 88279 78140 38340 14365 88815 96938 28396 31439 62276 52085 47157 38917 26683 50701 53961 10210 28298 
46226 46530 76240 53685 89150 74287 49468 90145 31544 4818 84579 82078 89178 97065 47882 1588 5947 58408 12032 92682 
17039 94543 51125 59352 29913 11706 85504 16991 62101 90001 38015 46050 5927 93340 43252 89198 35417 21518 31534 703 
58099 40654 95719 174 96665 89590 42866 75550 3984 73774 72296 53803 42175 19391 86426 86338 87300 13631 98226 1086 
82519 16363 86482 76205 3916 28235 99228 86376 21851 70052 60963 14015 9466 41841 34020 11686 14925 8887 84560 24865 
93848 25383 83082 71456 5999 71256 95588 80061 86211 21061 5395 83548 47760 30994 64550 38198 32907 94544 53945 36139 
27722 26705 20717 44253 97187 78272 42365 34155 78475 19569 42584 10625 52423 47615 52840 13635 7658 35374 28183 53384 
39328 93280 438 71328 74390 32143 3306 48391 36016 2314 93676 51196 6827 47363 96702 39176 78202 19447 47474 91110 
69185 32132 37237 72622 54128 77119 31031 66577 63393 359 95532 42250 50448 12664 38964 56144 91772 82949 91088 62328 
86275 53722 42643 76767 1573 89385 55586 35913 68367 64171 10971 89643 3593 90333 54570 3461 94604 30183 77037 99014 
68694 63279 90205 2957 78440 7068 69864 14794 48503 24797 56734 51310 94004 56478 43697 38527 52275 99507 5051 72944 
93757 88386 85249 14069 84504 43309 37323 22534 64747 6690 24692 80498 23824 70957 29143 31198 26280 55904 66320 82835 
35215 84042 29452 57840 27458 75451 21861 99295 27100 65671 21468 59828 35204 15312 67387 50219 96658 8786 28880 94409 
49232 13916 35683 6611 67271 88157 91930 6985 56262 35356 44753 24446 6114 92273 22468 61039 10034 72278 13175 90759 
76806 12591 38269 57063 72810 44173 46998 31038 91058 7548 57867 11861 34950 76464 94645 69986 88651 42426 74421 74814 
16794 33822 40639 59571 62969 99944 41990 18321 95541 72321 16860 64823 67070 36914 15227 48884 50645 12071 3428 21081 
37696 62023 62297 82894 3487 17358 44425 27351 36076 82345 97094 84928 44078 46922 15307 52024 43067 955 30828 70962 
79573 90051 53207 9123 391 26540 90164 50549 3590 76642 42974 60139 56065 57896 30006 93256 52229 27890 76539 69339 
27322 25916 4413 7648 77976 64470 3515 92701 42652 39710 29073 85480 53756 24819 88261 95639 80385 3460 25046 49009 
88287 7507 12412 10539 14086 40251 54293 2525 69928 79036 23954 91534 17616 46700 21519 35769 74498 77448 54189 3320 
17377 18255 53333 7609 20434 36791 18148 77383 73887 26404 37123 37621 78826 60677 3849 98803 77856 64493 65406 75250 
92207 72945 57761 41328 84715 23141 10185 57396 72926 63469 90193 64839 58677 83305 6510 32969 50218 17621 47158 45152 
18076 19609 84013 86850 6996 99576 98062 74446 81108 90054 17673 45654 62836 27745 24009 14717 46264 55204 84723 57292 
83884 27456 96487 74650 82364 88984 95275 33776 24336 95209 44586 10615 25404 83140 47306 30761 99876 99021 20879 969 
45503 69307 52487 44366 21020 21534 87027 7156 16170 52452 78449 61717 5105 61246 13828 17588 57933 52934 61975 4888 
71149 79262 62736 30760 82233 18461 94472 78633 13268 20173 29823 50516 82808 30584 27791 80435 75342 10131 34656 36102 
47172 16411 64886 98285 60754 58406 25656 92686 85312 74675 2520 68488 98331 40959 82374 36946 72237 11220 28408 20610 
51640 81920 62466 95488 61372 13350 85602 1472 36305 66187 65614 31093 23300 43055 72571 64098 79298 21024 50509 24150 
1441 60787 74356 30698 8348 87336 81513 70090 90911 77963 88342 77621 70410 89743 36779 49934 41027 27041 26459 82120 
86862 54231 27902 8984 62882 97842 65458 8906 70607 59540 25014 19844 45174 61058 85170 37294 96131 53661 31654 53076 
11796 94417 65324 23585 64737 98850 94097 34840 34446 37717 5834 39331 658 54029 25871 16737 47078 81307 27815 23932 
41592 49319 19383 38341 16786 49276 52585 81327 30032 90561 79527 9730 68151 90321 55600 89719 40674 23929 77959 33632 
99105 122 40075 5557 33476 52485 2672 94570 83322 94165 28175 10500 97589 39850 5632 25207 6675 28460 79795 34196 
90638 47379 56287 96664 99834 23197 39445 14170 21496 29244 28614 42015 96140 93199 96474 85691 89361 64736 53540 47091 
96899 71233 87789 54334 9252 34149 85286 49603 18678 80740 75214 66473 55041 82897 37005 92562 64316 45650 76131 89840 
14673 94921 80812 34980 77198 41458 28096 12358 8631 69856 92725 21338 65681 33982 30745 66178 62570 47753 64567 7511 
392 52540 4180 3022 25483 39688 24994 86854 99429 38108 59580 14488 11399 85308 12452 28147 49052 23705 33166 36270 
68412 27076 35172 65821 61276 90177 57720 28092 52660 35309 56478 76584 68122 22246 57705 46151 92594 5384 35121 41925 
28503 45962 27977 68596 71114 82674 69574 94108 33596 18934 32258 23175 29386 6611 31846 61258 33317 52147 30954 43892 
58076 96750 30366 86298 52303 81431 15440 6093 42991 99765 69361 76440 28120 49564 85376 33334 92503 71659 20469 59613 
27353 4359 21344 91108 22029 38818 98061 7980 46261 53448 45035 70915 21060 91501 96628 15404 72771 93340 87884 10388 
61056 89180 99582 35688 35629 57721 50288 68890 26429 16029 21342 9076 5049 23214 66999 38131 27766 40143 92853 44578 
64547 54586 95439 42453 48757 54015 79344 55980 37122 43210 93230 98864 66802 48542 31716 72179 48852 50150 54116 62483 
42755 97052 234 93272 968 58617 77463 59076 61773 54792 53530 12359 1129 1049 32861 84996 79927 92994 75362 64332 
66302 41496 10841 46200 69652 39785 77156 59330 38609 43436 44825 61075 74298 6339 87703 79549 58723 52842 2378 95832 
12880 54056 70397 77998 73941 8227 50535 37000 37406 32359 74343 94602 70242 16310 93731 56628 60928 75709 54222 82819 
50801 3324 73054 84638 1200 65113 81858 12475 18356 65274 10997 84876 74258 97449 78822 85907 90500 58204 13858 13780 
43458 6362 13950 3129 88557 47913 71124 48374 81804 11169 99485 73266 26539 58792 72607 99768 28532 57491 19718 24256 
63619 43157 9933 38364 93363 38025 40183 44463 5247 12564 79962 73927 34345 74691 98622 303 54333 92418 12652 1987 
19115 46605 82189 19200 82274 35493 25989 87346 50378 54973 69447 69052 66129 79718 74594 73768 85720 40800 67121 82382 
13281 12732 70461 94010 53892 53893 15645 48817 22966 9706 66545 93188 65749 45433 52874 59190 72746 53149 21722 81402 
58472 41483 96294 69245 14055 58135 87556 1402 57096 10153 10692 49814 19425 58496 41970 20477 41040 90541 77009 68986 
64541 67098 45953 40904 92808 50308 59899 62501 38281 7110 72344 53335 64270 67434 6375 12574 5085 23319 25842 87485 
2984 52057 91840 86990 30224 47101 77628 2873 9872 31574 55922 79589 94293 87654 70161 42448 26795 15846 48841 69799 
34917 35589 72884 67338 25134 28681 18082 9907 67385 99088 52523 21151 89524 96604 48692 91492 45614 55320 89860 93378 
26237 69001 3045 72736 77482 58140 73056 83432 49432 99791 16323 81944 62345 11498 98301 29870 35265 25825 8700 39087 
74406 73602 97653 10917 36077 55351 98596 26124 27438 95577 49381 78975 39029 95247 81734 21656 37140 46434 55608 61782 
2505 73248 11511 19697 9899 68673 63116 99470 58562 45779 53455 41174 74219 41067 32676 20324 19679 25483 2493 25405 
11116 23280 93253 63861 91968 97648 4712 71190 74046 2913 8224 83895 42303 86748 2894 71956 65156 1373 9144 1478 
26236 39776 26290 75801 47900 60378 66766 95199 67671 31419 38405 31788 37199 20849 88737 24912 68295 85335 43708 90780 
38269 95638 61027 4451 85601 82343 92738 1419 64911 52097 79778 54415 76359 96697 28277 77602 22882 48304 52715 32702 
20888 10605 82893 52248 99116 97724 38395 41733 91634 95692 51353 69734 37303 94316 55302 33146 64793 75007 48133 960 
95300 80928 35832 39086 93372 37158 31682 98736 53193 11344 52600 77215 9391 98936 79888 85028 21686 88793 14023 86292 
43666 68426 42582 37153 22711 9782 94187 87692 90673 12673 90581 45254 23426 12322 82305 52386 5613 54252 38183 38993 
726 90397 96898 95843 63535 76456 4030 53273 71914 30996 83128 619 16239 12683 1785 24131 99880 22705 38867 40701 
75664 24277 53473 55281 26824 14749 47554 55139 93692 85905 50129 37642 61680 3654 19467 80742 88875 96590 35715 84482 
60094 89645 64244 58437 91164 93091 76394 28887 16299 3020 81411 69788 83819 30348 8991 82441 16607 55141 89487 80289 
19038 74317 45090 39397 69671 40139 85985 44558 9029 5 46737 7702 11039 27694 74794 41806 5733 30578 80145 94598 
97293 94241 3540 95904 46496 65950 89843 32495 85401 13165 75907 45995 63311 92251 3881 35590 27927 67560 44329 67031 
37158 30710 30251 72211 14758 57344 7793 85618 18992 380 20608 17120 87223 91115 63350 44016 15664 82269 80425 57818 
97667 45960 94471 56032 25803 80740 60999 65994 96425 72102 97987 96883 55832 91109 68293 73063 33756 88511 11951 1885 
90675 55702 3780 16725 97718 14759 14051 32459 45073 6623 62395 51642 4804 10077 96375 40311 7348 42777 62456 22803 
94620 93418 36621 91389 33781 28877 94911 71161 663 94835 41073 23196 47411 24207 6406 74930 1813 97227 88476 60290 
71214 8084 83568 24102 64820 9541 72260 9671 76594 86252 21677 12657 21295 88938 51843 40810 40160 14096 21212 58034 
88590 3528 55539 9855 61617 41038 41480 37953 21630 39208 58673 45033 73452 34997 65141 4618 48945 3728 34892 61652 
47104 71562 80182 58647 27839 42074 37096 36152 9176 80805 42544 52947 31349 13618 3954 30116 79807 57275 4933 31358 
72840 47596 29068 50188 96130 79851 72686 26068 93259 14409 36666 27495 99008 32819 4155 76449 70800 40183 32303 64829 
50927 26217 69750 33867 54241 13680 21675 88022 14908 33618 85940 95232 5268 13574 20816 47039 60703 7787 74155 35305 
59001 16942 91277 56654 27571 44174 88420 98716 4402 31644 6558 22699 50425 33908 69534 9009 19499 27979 33827 89098 
50172 58204 39284 79239 97691 5798 3190 93170 91156 20719 61657 98951 13536 92820 92382 15567 82395 57113 93676 11399 
44081 79644 31649 27049 99360 30324 15415 51802 66196 48609 75220 91496 42293 52252 91772 6921 13536 4087 37900 31810 
42931 49877 60251 46394 95665 68973 90363 2207 71361 58531 4632 54434 89094 30293 7105 75517 94298 54400 72133 73836 
5249 49965 87796 54550 14395 72894 62018 64651 72965 37343 86545 59200 31654 86560 87023 59365 63757 42771 98668 23589 
19990 99781 7924 56088 56602 66594 30006 14217 89371 44398 79783 23398 33242 57032 64528 26700 45620 17307 79055 57206 
58896 83719 52721 23645 587 46978 13276 85251 17366 53347 12170 89050 68599 84322 4389 93841 77435 25414 21945 16599 
15398 91775 6607 38075 50032 52526 65645 28211 53178 86211 22573 52798 90705 77627 27708 43889 55286 18341 47444 72625 
85574 79054 76857 15184 500 1997 43760 91552 84615 65117 43812 6713 56097 9664 52839 17729 46478 86562 35222 73262 
6231 97351 53736 19071 21017 54648 30370 45715 69573 63384 48049 6181 29255 29940 74129 73515 59330 19298 37174 29663 
6620 7049 40766 84954 25952 57517 98834 5452 95968 46891 25302 75970 32234 74443 51525 97241 59725 659 91074 93507 
50466 79186 46539 74745 96595 93317 80789 11980 19144 56696 83844 2568 50805 52042 37210 30822 80830 66867 28614 61940 
64739 34291 96045 82297 82061 94366 4445 31980 34579 65843 65039 40032 96159 3546 73213 76512 92516 96077 16676 67864 
32769 21961 15992 40323 91545 46422 75428 24253 43726 9794 59878 99145 90803 49829 12535 85894 36292 50244 83428 74684 
68143 93760 3176 19897 88607 24365 41696 46503 52679 9238 59741 5843 86849 52291 25755 90995 37672 98679 1606 79171 
60640 71116 73753 93869 16867 9004 63710 18519 8108 21477 91809 31593 2180 42272 28022 77302 6132 87876 76962 94288 
90952 96208 67879 9647 27304 1545 77753 64747 77690 21312 760 46915 12031 11956 77985 98476 91864 19077 7502 40492 
36040 59657 61299 47477 38413 57362 40199 70069 5834 96399 77551 15222 16221 24986 49086 85360 48026 52389 3620 92481 
17745 20706 35977 45388 78749 61419 56394 31521 42570 10236 22015 89622 281 32739 38518 96352 88882 71394 56920 10593 
15159 80613 91766 74135 60520 13238 84461 45291 47359 30492 55264 78810 97380 1330 39176 28490 60917 61789 51761 65514 
46429 51687 85538 5827 53211 20317 90547 94271 69634 48633 91902 34363 28494 36995 92847 49049 49531 61652 12999 90020 
72169 46250 77887 10033 98047 80131 81855 99978 5231 44453 21493 32429 77087 48531 97787 92505 97819 31939 63219 8292 
28372 63457 45586 2799 29010 23682 46391 36483 11358 47116 9684 19679 7967 14212 79570 83405 53747 42208 46030 13695 
82592 56751 2388 75030 26771 61402 56963 48345 7305 49560 85403 38816 74976 25838 55876 84960 99429 64554 22830 65480 
723 88100 55342 70396 89231 48717 23246 23990 67915 28430 99515 69544 49787 33005 50786 18562 36610 93411 2376 52008 
63008 95654 26009 68537 24258 79944 77901 73568 22832 19995 88680 48865 26219 48110 96777 28655 34022 75082 34340 63276 
32421 2149 98357 31024 37190 3015 62239 9997 92918 48536 85922 79415 14381 9370 18729 844 79423 71743 8204 4262 
58921 55017 10236 67592 41668 11357 79972 59945 74477 92633 73852 81011 39343 1772 69259 68095 69183 85170 31365 42423 
31426 11246 63047 84755 79044 50963 55587 89199 62967 41047 37945 9155 10302 98390 6478 19263 89244 29101 73549 88381 
84631 39816 37983 44007 81374 42868 13936 5514 10593 63095 42520 46991 45305 81476 72136 65427 51385 89916 10402 18122 
88285 20373 15326 14056 77712 74799 41379 97132 47136 8205 57056 90606 28443 11157 58416 72970 98926 70908 12166 83015 
86317 49539 98045 18700 22865 19965 71203 42003 67348 43070 90625 26475 19157 58246 10065 64787 16143 41495 16719 71106 
77660 2985 7769 56756 83452 41074 56088 17151 51076 87897 19809 64014 48660 95970 66459 9738 56452 11124 38658 68204 
23845 61242 97339 90596 67333 35844 24921 99765 6856 6212 12576 1841 15143 73611 79266 22653 6340 23454 22591 70514 
30593 5290 49429 37449 17886 62444 68233 7971 54050 9309 7040 20672 19131 92802 86693 30604 2331 97212 71443 67773 
27681 68288 95704 29883 45983 1708 78530 85166 25445 25044 76793 44400 94563 95142 64599 8598 73095 73628 43684 58636 
43829 45666 33854 59219 47817 77027 52966 22663 15441 45864 57548 21994 41824 73655 35151 70935 25880 94271 21339 2256 
64319 10258 35602 70863 74299 91887 51571 7362 13676 45961 69305 92919 62272 37506 56691 85976 79013 8788 50897 10041 
79848 68432 98899 40093 9311 82172 47957 15742 13589 58233 99667 46644 38298 84141 3010 24667 76508 19322 45076 12492 
60251 38797 96672 26697 5664 9572 23273 28931 37801 92569 12681 9271 16250 51654 17748 31448 65622 62294 5984 20025 
68795 14659 51712 35890 60404 19788 5880 86810 15049 79082 80180 90669 74867 1032 64119 93125 92138 58260 67957 24395 
58974 27362 93370 36847 54619 96854 16899 94769 36446 33309 67608 12494 53043 18830 19594 78269 44599 82198 61492 53688 
4371 53440 36092 38049 23296 41710 66215 53636 62724 87286 11852 59043 19761 37457 62240 60586 52752 68187 3298 38512 
95284 50995 97519 82046 8258 95571 47514 92461 80534 60919 5305 49948 50950 91354 81693 41891 27021 98730 85134 96715 
14691 61986 74192 37848 4372 91037 30820 79784 32694 40986 73273 76048 92380 11276 13978 29131 60064 31794 2775 56498 
92183 83036 74838 11328 30738 49264 86048 39412 49059 91093 68958 88116 89990 48523 42528 73785 12315 29441 94296 19169 
52224 65189 47396 34907 66945 75571 32443 88048 3910 70812 39902 19672 94929 2353 29407 95542 62013 90793 8904 61515 
93831 17940 93623 33205 20329 58245 43303 89918 36367 8619 31283 2957 18559 82761 56127 76009 92879 76303 90567 24264 
48597 1681 36297 81524 60876 79784 25992 90094 15545 62930 40090 35930 86940 46360 47428 17707 395 39136 84742 56750 
70835 26872 54835 15742 58858 49343 85955 43059 78211 17146 91303 75719 45238 74665 8834 66379 17833 61671 28342 21195 
71462 9382 97153 99561 87710 92064 90955 84923 6841 23714 8368 79797 13809 2613 86584 19138 51638 4677 38479 68003 
16749 69534 78691 23066 87076 11726 39812 83697 48268 92360 88298 24393 24301 19984 55809 59381 89881 51005 20830 2218 
45415 48375 4579 95437 75373 73656 3850 17443 34123 76814 28271 57966 90834 96494 83051 63453 40835 56624 83837 30028 
68011 70794 60363 51502 96935 82039 16908 11232 17237 64309 87168 66593 68204 53528 9894 57439 68925 24759 88172 6004 
97463 8144 64090 78682 99338 64492 71900 75420 2844 57863 19292 28096 7545 17008 21085 77092 43131 67728 30547 44999 
85669 55876 28341 96916 81196 30830 95224 4813 43683 34098 68510 90336 84835 15222 95844 52007 52862 31306 45929 65603 
21897 88634 96825 96622 97395 9608 40397 30405 67222 83023 5393 32025 57535 68087 43332 67847 73260 26864 57531 31197 
293 23651 68504 90555 50472 97361 71868 66018 67228 70595 40706 52635 60378 2221 18929 76390 53482 54875 79497 99867 
10690 20045 75154 36742 303 7999 48817 41291 35444 80438 91664 65133 36751 79809 72744 78750 8079 62922 34988 47893 
86326 61627 49095 73288 73427 86573 76126 94905 33981 29475 65041 27809 42380 3547 1569 75322 50966 37740 44252 63894 
12559 2848 54709 73623 77441 64418 45788 23396 18449 31355 77583 35894 3266 77883 35910 36682 72445 27377 68145 9009 
17882 41320 16825 99536 64309 5613 72378 20273 71250 80600 88657 64672 7257 7855 7892 14405 29861 44758 59330 85399 
26026 4228 62404 54563 27 51685 11117 38565 9258 10748 54742 32191 41567 77497 51791 851 61559 43622 71011 89895 
22082 6546 36703 40426 8132 30704 40146 49325 27083 78723 34279 91629 34668 98520 78048 24248 47562 53794 70936 61482 
71584 69623 53708 7232 73181 81230 76727 18632 27323 30340 30398 10621 15373 6483 8241 43900 2927 10337 17910 30776 
97904 43277 64043 46594 10628 21953 46699 60355 83975 70759 21820 97188 20877 69772 95454 1382 80245 15902 22080 82903 
45508 72052 58502 50760 47234 86359 57563 46241 67065 25442 19220 27506 57937 66835 6631 51183 70805 13208 39569 71715 
69249 21588 58861 6261 65836 42132 84359 44267 21576 22903 50991 19346 24145 81007 23617 2767 35454 50019 38277 64381 
64242 53243 40102 80440 55361 18371 17524 67791 832 10686 85043 86507 66734 63923 29689 35169 32212 38664 19302 74833 
35058 39573 9425 278 86361 73716 8784 72119 24950 61482 3141 62715 71049 46921 87866 89608 13260 13940 62237 32962 
31479 48324 8874 36852 25531 23429 74530 84022 3480 74969 69661 47119 98417 86620 2845 84314 98678 32274 52926 79526 
32685 22911 2112 46669 162 8821 22369 55445 24005 66457 12690 40763 96192 31278 91433 73589 3119 26176 5674 69590 
82164 69468 86131 55936 34542 64341 97892 92323 94699 40655 36757 94081 14468 96788 1874 38814 36705 57931 43732 99888 
91542 88083 31537 19748 98250 73869 81339 88393 75403 29890 47014 39026 22024 7169 53540 45721 92425 7439 55810 93819 
11771 32721 41933 55396 44278 38571 14461 76437 21867 20111 81942 79659 14838 65461 2471 75019 67331 44344 53123 79573 
38295 31233 88640 30151 21347 64788 16320 77120 83506 37779 99160 59206 71734 77394 3662 99729 64153 51811 63436 2528 
63177 34337 16817 55018 54471 36246 51098 7775 55246 96265 69961 25210 83258 74564 41951 90698 70990 82183 10744 76750 
31468 94859 61568 6365 77256 53796 52660 64217 11392 18543 94380 13449 92032 32991 37691 64174 16009 71080 60486 21712 
80654 44527 76945 97353 50891 47601 18080 73687 77012 46449 15904 71648 1791 20754 22074 26577 36159 96155 20983 46416 
78500 33428 71647 40445 58749 27297 11715 74889 16542 89047 63795 1245 2075 52350 15539 75307 74565 54215 47261 64808 
27201 22342 76252 90808 20395 6693 57731 56096 28304 44772 15475 12372 61305 80572 22029 87835 15309 15508 64929 44365 
5838 86835 20729 9192 39890 738 38989 59544 23846 36294 83696 10281 5221 84472 67216 40533 36836 94091 32101 99 
89582 91100 92927 51741 28953 14086 26854 40269 33013 7100 7157 31980 84113 39204 8882 7596 48366 68907 51528 22525 
48828 21438 24399 41502 99964 79746 83690 98190 71371 39827 77670 40107 22379 1926 86740 19270 6430 89595 96220 91453 
21311 72325 47944 55514 96174 77937 96296 11477 79717 72820 86364 35796 80788 11469 78333 21905 86858 7678 95951 41944 
84829 44254 62838 96402 63595 78105 27066 31583 65474 66871 94271 77139 68056 94296 80660 214 38264 26010 93703 87458 
19937 25576 56161 47487 15041 15894 11681 31051 28747 3983 63653 58459 97148 10831 90669 57819 14335 3262 72002 90766 
81926 98632 95304 56554 59210 32955 92853 11815 52151 12865 12327 90544 27526 69387 55785 95634 77088 93576 54294 95280 
22 4202 19868 27028 47833 14576 57855 55667 54127 75741 21389 90207 82786 90473 66568 49402 66048 94184 36535 39763 
94081 44894 39193 29695 22255 18517 24049 36695 84431 74575 33578 28622 5970 37585 64514 95129 10313 53450 94147 18509 
78976 46612 28206 79856 27095 71301 92762 2589 63117 8172 70775 64402 42289 81367 17993 95889 38997 95576 95561 23371 
78203 52383 69544 47246 33643 11871 22591 63023 83422 22031 88950 54971 10467 487 68200 91993 863 61868 29835 20372 
89351 12947 2064 25674 38945 76453 20506 83758 28993 5708 25047 68044 63957 45438 59480 7633 16638 28316 92700 2840 
98957 16833 33598 36121 28718 4574 69289 26410 29741 15972 73534 32472 39944 36288 13079 97953 38035 80595 64011 75729 
90956 41979 26132 74223 57468 39915 61619 2201 15315 25452 44260 21900 95499 77373 77768 49344 27663 3140 23559 6981 
48783 81503 95074 87797 1372 96273 35293 28560 9424 78408 43601 17120 11791 53001 31278 61872 42315 28753 68422 56920 
83959 66574 67198 20094 81346 7584 25897 5706 42893 28916 48161 62430 73871 25889 80686 99604 90216 32819 61302 8938 
21902 2020 7879 94176 99335 28262 30967 85085 56826 15868 51887 97244 45123 42475 24246 48037 77190 70817 96452 5333 
15318 84251 77487 75863 54562 67923 46552 91918 51229 38737 52290 36477 49788 5287 3474 51755 24692 97028 20573 73213 
65832 46171 90239 29518 99625 4429 26135 78387 99204 5601 23805 80628 27363 1388 55562 71993 17742 9190 38487 35228 
5282 67856 82610 95492 80274 10839 22492 476 43123 58401 75159 72600 64408 73805 12714 90698 54570 77214 12025 67085 
57102 85446 20350 48804 10214 61619 81452 62254 19658 23183 15261 67336 59172 18306 30809 28878 57798 96258 94450 66138 
27152 22348 96755 63069 90766 77942 1382 48751 76176 75415 1504 6018 92603 26344 70363 90957 39691 93557 46619 646 
97008 95339 30160 33063 65298 8984 34716 53258 91325 1789 8105 25968 13413 33206 76085 75025 19824 59833 13674 87479 
33660 13251 3151 22554 11127 89631 46267 53930 548 41161 49658 73130 15547 82913 9655 44324 29728 23326 28201 91755 
60840 39362 86016 637 61742 17611 37637 32611 79420 60461 59334 39402 59671 31168 18998 48761 37811 67760 56654 65238 
28545 10878 59911 59917 20364 23185 65526 34700 32311 43228 15037 61136 75874 85300 94216 22237 54954 63616 39621 32692 
47181 56843 60252 40879 96566 86371 29911 50983 66750 5866 3220 97742 31806 53322 41967 69144 54099 50628 82366 7435 
32994 18106 67474 87454 68458 63487 88546 4090 46076 86400 19445 1199 21362 5882 29507 62272 24004 92314 66003 2142 
50660 14508 20770 55634 3430 72755 48157 81268 30746 2833 25053 56189 54980 88880 70178 43435 2904 60916 58266 2635 
73245 38648 2331 23135 80591 69494 57645 95539 50666 54732 93173 76567 81146 47762 26130 66721 13393 6334 85408 27012 
50452 30198 67689 27905 24515 49699 51064 98299 93044 71515 60229 18961 95073 69698 60684 22972 84969 19876 77709 92538 
55100 5322 49474 1024 58085 56412 36658 15119 67352 60731 90542 389 94233 34790 23375 31482 41441 72873 11393 13658 
98468 10185 58608 49355 69352 18474 47453 34807 14791 28664 4913 47274 71567 75020 70642 79589 52231 95615 59831 69392 
79949 2410 74702 18749 37955 26460 55033 53343 30712 98481 13205 16631 82154 3812 6485 59011 92665 63471 15468 44644 
96689 49720 63339 20605 35882 73174 30233 9931 19106 58978 92864 53708 79811 56599 19278 55727 54500 92045 60084 80979 
22075 49361 44284 5571 17508 28135 84300 72552 40263 84767 26867 84605 86098 45354 65517 65836 76263 6321 79800 97787 
16983 51008 77326 98355 66881 59915 24862 94268 37787 73553 54885 71222 88978 75579 89139 32991 45940 24207 91022 52504 
20800 10051 21524 91015 58890 97935 76423 37211 12859 43304 76713 54587 65281 64247 77254 98052 85339 46030 87365 79504 
52820 43354 25196 99532 64328 70345 15354 58944 97324 44627 19150 72850 69133 29640 62097 47017 94543 46223 6026 61475 
91422 3881 17246 1527 17924 43470 39235 60483 40600 11949 78460 78226 4980 90967 19437 5310 2012 80200 14650 30286 
9687 3694 66341 75308 51376 98108 89387 29502 73689 63628 75376 16666 63485 58483 79038 94634 66249 30225 11192 3087 
42791 1240 26234 51689 51426 17712 94514 69555 4387 86645 48442 33008 49619 399 22606 47651 59338 45348 81268 64911 
51126 82922 22102 76609 60244 2756 41859 85820 56872 67470 56618 72651 80797 21787 89303 45886 91304 80792 63981 85904 
95536 92921 61585 67846 7546 88804 67184 11707 17191 33811 68012 221 81019 49392 17291 81740 42527 38029 71682 86252 
12140 24994 51870 80557 98453 2236 68946 84280 73722 96546 66180 90992 57881 60483 46709 36769 18089 12995 51843 19932 
66677 60395 2495 61073 68876 36549 46115 45655 14875 69623 31741 6143 68164 82332 43682 96062 90445 61235 74277 2352 
98021 90509 67318 50378 55010 48017 30648 55374 55282 13785 34301 45552 48441 71894 65061 84640 62238 47219 64626 7119 
93993 84117 5592 10322 74992 97231 60180 79570 59898 50563 65878 71137 31785 71447 24950 52463 17848 86673 60163 97893 
52866 59540 8947 24341 26688 84672 4553 4424 68139 71548 42038 6913 90003 55337 60641 36769 54804 42490 11684 38720 
22652 59767 52456 89521 32039 52186 62069 47123 76610 98279 20616 43743 12929 2674 38981 63020 61282 7030 94902 93707 
9282 823 95263 88424 66411 94075 99327 41778 70938 52704 31523 46203 48870 48596 63357 76401 35486 5281 85491 78844 
34357 74120 94384 34974 74843 46797 45409 96654 82720 63177 25250 28310 33943 9071 68499 42180 64185 13049 37293 86365 
41462 41976 4039 96490 73061 500 14545 45092 65408 3319 93130 78057 35038 94077 63090 5679 12972 74733 75738 1816 
28030 84682 54331 67594 72846 84826 42897 3714 4537 49092 7044 84507 90539 42411 59554 59501 95366 55246 61302 15410 
53687 58836 12080 71326 84001 8957 22612 73605 5553 76337 78213 37028 55201 41363 14487 65622 79337 36319 56070 81891 
4533 97946 75100 79147 17366 37928 70006 48834 24298 49103 20043 43225