51340 44572 99864 29993 17705 94271 30010 3234 96054 49611 14204 27372 24522 98012 1188 50296 81414 44032 49303 72980 
29412 66470 4443 97435 38750 35438 76118 16470 49340 82390 79558 16733 56145 3099 45378 89945 24458 52230 89857 20382 
63343 74520 11477 35009 40048 59858 46839 28087 83780 4677 33419 29677 16209 24432 84306 39738 3572 50602 64145 88977 
15201 41663 16714 73369 7103 38132 89345 6004 49303 5120 92169 48798 25263 79704 21825 53322 52296 29353 44166 30071 
67223 30427 90294 15810 25584 9099 32304 31668 31439 67665 98067 32362 64312 92529 76727 943 65307 93680 70017 73369 
98669 64953 36246 44719 30965 24394 63991 64707 70124 85968 29430 39009 31217 76740 62625 12032 44083 65733 28732 72012 
32 6498 53766 31745 8250 37242 58325 37783 65249 54803 19988 96426 47902 75807 91476 77887 23502 38990 79463 8208 
13801 44929 56859 50929 36024 62272 10126 8150 8430 61098 71383 7661 25192 70138 56503 82769 12198 20063 54154 70719 
37492 23091 89004 74015 30585 35096 16517 50290 72621 19514 87305 88291 80633 47258 46193 93226 94820 25724 65062 33491 
68193 70688 94287 98919 15500 85684 16695 90328 40182 26597 5249 38951 7135 76781 82597 32017 62750 57790 57536 40804 
28486 36863 29548 88054 44539 52509 94464 71408 85825 5903 90891 35346 35399 25763 38880 41015 99886 76847 59639 91221 
61988 75738 4402 48635 64362 3526 80254 47832 6104 49913 2246 36367 51806 67586 73439 82770 47649 84406 99600 76043 
74704 76073 37283 82264 49588 73037 25205 21634 15857 72246 66756 53515 6770 67875 44302 34501 59481 17807 7236 84366 
52679 87181 50836 86439 7936 12486 17719 57865 66298 54842 7821 15734 43491 88050 52160 77589 45900 67212 75549 69860 
43788 80571 45985 10703 89206 87872 14567 83509 70044 2304 45471 42864 99793 29868 75296 54864 45640 74584 17945 16353 
63808 27301 24176 26385 75856 43631 98365 54792 52085 3122 27245 30247 61384 93246 27186 96922 33633 4764 16593 86820 
43763 69112 728 73945 19469 78033 52171 35455 91139 78819 88878 25930 9416 23422 9031 90416 54126 78375 29963 63936 
7674 53768 30522 3995 49443 37854 86686 16951 22060 23600 54251 48169 35 71889 33217 94003 58626 79058 91967 38027 
40286 83715 66341 93345 59642 90723 40319 10511 34394 10534 21873 75134 92940 12738 78556 74792 1701 34733 21178 68607 
86231 47483 66748 4462 55944 62197 44448 73285 93268 45977 66317 27278 52568 86098 32690 56698 87102 2596 43039 66385 
9021 99743 96954 73156 77412 15576 19960 42187 23788 79967 39910 62060 28780 91762 50818 13636 51316 83281 3189 67177 
64754 30739 37046 56469 43215 20373 50428 75445 79588 46429 3217 63886 36356 8674 82067 82504 53836 41174 27830 50531 
1062 31558 3603 78078 21064 19288 84637 35625 95648 97180 87240 56980 21385 83904 39932 51336 63665 34778 72909 3114 
70516 90076 8679 29295 41772 28370 72472 43183 91688 5595 91665 52382 77294 97656 46444 23209 8327 81744 94984 37538 
54514 11461 69516 82583 1623 42314 59493 80555 34056 26979 90164 95557 37019 39056 49935 71632 26351 1321 65637 84363 
49167 46799 36262 51390 91350 990 69162 12998 78075 3760 23513 5423 52630 74488 39091 60297 87414 16683 85446 49473 
83197 18802 84399 88424 21146 96472 23532 41438 60362 48654 87280 43490 34320 77436 55246 20094 89517 96678 15173 849 
8821 97460 36284 20681 35098 24224 58285 30399 47834 44986 57567 42563 70127 39021 88028 23661 5249 51462 41599 65838 
68297 70725 75962 99394 57248 4200 82434 48495 52786 90578 66508 97098 87270 98062 97172 2624 67041 40804 54701 38536 
4154 7937 81358 26975 37513 96577 86581 93935 34798 94724 13874 85303 63494 97896 49053 75186 96223 1782 26521 48843 
42806 37982 87585 85028 11509 40763 6273 53515 40114 63496 95409 73794 85221 96791 56466 4814 19673 99676 86326 73879 
44092 38235 79387 12756 36476 19950 24626 90368 68374 91198 84058 99038 22374 15892 37473 37971 67863 93913 80477 58882 
33497 65339 98676 2804 39472 8015 38077 26510 58084 14022 53726 71904 5052 48548 24102 45714 55067 87425 38208 50133 
73843 61842 13114 74839 56768 99981 54338 60310 4629 25196 58561 1177 16982 13935 30457 33558 26400 87683 201 90741 
22831 42583 16993 39255 8471 11261 2148 27709 93868 29396 28934 65168 22770 6195 36562 58519 67872 4264 10983 78251 
3816 59328 13264 80030 32877 79026 46700 88731 15960 67511 4964 43275 41535 82300 4268 40053 98347 68606 13425 8828 
13332 5368 55784 62570 70972 65638 16900 49812 39582 1127 64330 78855 63250 93110 60918 32348 46976 1873 58219 97851 
78291 61486 11624 21932 93786 26693 16936 54262 68235 90836 36099 58160 3428 14060 23650 27262 27570 48469 76788 42431 
29921 63611 51630 25796 11889 39812 42826 45543 40517 95359 44002 85498 30065 91975 42905 5682 29141 83243 28703 39010 
72868 20729 55932 37523 28199 82351 36876 96703 6537 34714 37210 267 18337 90661 58879 72071 2913 95715 15098 11040 
30760 97608 35792 37915 49438 89891 77562 18118 37161 98821 81972 11973 74820 11449 96566 40579 99690 24628 51769 45641 
39327 53116 90482 10028 37980 92474 19884 73779 72619 71182 34550 19609 13439 5030 88913 70860 58478 48693 271 35072 
14037 51217 72165 68777 36024 40137 84468 14963 74519 60553 43087 91583 20541 20564 4363 90094 80993 42709 87526 27818 
90565 92590 31339 56537 15125 69771 21757 73264 85063 63313 64277 76169 8226 59578 2383 33307 98669 52683 93108 90249 
17637 35823 7345 49853 60773 53731 20567 19269 21370 82547 13935 35000 53799 36192 72445 43846 70077 27854 71107 87352 
70529 76831 27447 81828 24844 98772 93409 4226 56599 57274 32652 88912 29171 79631 93563 95886 12931 64857 51788 62206 
78245 64641 86781 60114 18409 76301 17095 28440 33961 5240 13485 94132 78516 58159 84996 65943 46896 8318 47948 12671 
51326 76081 40625 40527 22357 89449 81699 17555 30072 48455 30069 14711 69771 97625 63600 20023 88640 84105 73916 6424 
19451 27613 51044 57086 65663 76608 24311 78354 63964 5236 43264 73523 4614 80931 85495 95062 53699 14698 39841 85606 
45417 9122 31947 32249 20918 8774 37889 55242 56802 382 58276 55527 30864 83723 66091 84706 75231 20940 95153 78212 
31195 2333 21102 58738 5253 14085 6429 98951 79871 29919 2116 14113 86490 31560 17118 53985 48391 80262 14114 78228 
52071 69704 21372 90217 71986 5945 2331 51229 30397 50526 58900 95409 35768 8676 65566 56002 5441 30826 28156 59405 
53353 31155 65801 1224 84474 83459 6058 47844 61615 14431 65785 45592 48322 13312 12107 89708 42067 15268 25614 74056 
28751 55759 80134 283 31474 95061 75665 71172 22662 62353 38954 20198 44825 37946 20008 73408 4216 28404 8973 13291 
29996 88764 26786 80073 83465 14815 72875 59527 13255 23930 73559 11530 6889 23630 21617 50516 91641 66011 93220 67342 
86399 13988 51995 76995 66462 2443 80113 9978 47716 39046 91113 40336 1457 99426 27952 89467 2611 4100 8590 65970 
50130 97253 76445 3925 60121 63857 19433 32835 81485 64182 36306 85533 41630 48464 35052 41975 48940 86295 80698 82007 
37815 44632 70278 7138 27684 59282 56042 78370 20986 54069 11353 66287 45878 2709 61749 75233 67498 78001 88475 19732 
114 406 96310 75047 99782 26250 96591 45396 16739 9446 60760 60630 2337 3154 94164 39477 208 95373 30983 76003 
24157 53863 50105 63074 570 31666 32555 24235 96297 62184 54183 72288 1513 56583 48353 8051 89937 44456 75443 64713 
81950 42375 31796 77576 49303 70040 41649 574 44515 87368 94651 97283 90618 16632 48512 16562 18700 27473 67449 16826 
65745 79750 55077 41927 74309 65521 6634 52527 76199 21893 13831 50195 9394 16297 65094 90303 93882 4919 14773 4950 
14107 21578 15309 33459 86906 39463 30471 43282 70550 2321 67315 54131 84974 29693 95871 96544 38359 85361 6617 91615 
24006 42280 9616 56372 75927 79440 10604 39791 62956 23646 16850 35670 2166 45506 81856 73386 85072 62623 5135 21321 
75434 38724 50580 4042 41960 58082 95733 96857 24460 2249 34739 63503 54338 97528 27552 29532 52348 60417 8054 72514 
89245 64045 86043 74758 15338 13604 75892 43487 79649 40523 79122 46751 32678 61054 19715 84224 64087 81340 62784 54098 
95217 92386 95845 25980 62961 21762 60196 63226 52530 23741 59223 57664 58689 86037 61162 99183 94687 57927 41856 27054 
73041 12017 97383 7504 4052 94312 89653 57212 5336 12071 25919 67488 13829 58399 14656 36300 76262 17178 53052 77220 
32129 10716 76354 55092 33918 82886 70321 90002 20512 90418 15862 4851 89997 36317 73424 35384 3487 95572 71369 17424 
7723 58939 6337 67394 89257 27709 26279 96153 72126 81497 52404 83578 27540 83329 5214 89363 20117 2476 84423 55774 
37370 76183 36510 96784 20061 60850 86013 72917 51736 43085 71313 12004 46309 20809 57263 49156 7111 87394 76383 38903 
61736 27249 28253 65322 44442 15687 37779 14955 90871 17540 58280 47396 54707 27523 38742 27482 40412 19525 89588 31800 
24840 38496 8163 91400 78019 74085 81212 77364 26074 5382 69993 28028 63389 89196 60384 58321 89197 77605 59109 60630 
10335 8516 63530 71116 27252 95919 45766 41662 28850 89899 66803 17524 18834 28888 4995 72044 36220 8224 28919 16021 
57426 25992 83877 86946 72441 88346 48224 40528 22879 27897 13429 64940 15393 76671 30922 57755 62338 68677 79246 92070 
30221 13347 32601 94265 46099 52815 77044 88321 26495 54438 75813 80476 88361 76124 24919 15690 74576 57155 32536 78362 
82514 97210 12668 80036 2371 88541 60048 65323 82628 52666 54068 44611 42559 52407 53471 91602 31849 33122 67906 67518 
8607 46492 4501 77402 47985 48425 52098 87684 55209 21330 67855 40000 51888 96653 28968 64007 76373 72381 65400 53932 
13153 89671 67032 99546 2739 75905 45181 62395 47495 69397 19188 61447 77050 79906 51322 28719 17087 3358 33576 98138 
38723 21074 31101 30610 96972 26835 67485 19784 83433 21588 62924 91492 88557 56221 10562 83767 91857 62557 47879 71596 
65878 61130 26404 36273 16921 24987 85862 72705 34521 88683 16098 52110 12982 8057 29642 56655 91354 37057 7077 68648 
55 63599 55066 42571 8979 19395 88592 10460 4895 37576 79662 87536 29033 57451 41790 16397 34037 24799 78893 84254 
17787 15663 91669 17665 18888 87050 99446 85180 79309 36197 39981 24233 43411 33163 34576 68916 53987 17524 46597 80283 
40133 38619 91866 25882 99993 40199 12080 2640 57764 49559 41101 47981 7176 25736 41317 21317 90000 30685 21800 10442 
42383 40283 36323 36344 19790 51524 95072 56609 93838 21230 92950 28170 12391 25611 27167 9547 40602 41819 36237 93174 
58510 73800 85446 1784 86302 89552 22239 54643 57199 28001 97524 99431 27944 85242 34576 59610 23701 58668 49479 70974 
23561 41087 56143 73850 75147 73821 19843 59538 22069 61376 87706 3097 35342 56051 25093 81939 1835 47781 23760 98839 
25147 79156 12785 9507 5593 87197 32518 8055 29147 27136 20029 62465 5262 69545 73778 55812 31286 81252 82757 20873 
88487 53221 91843 75902 83044 57372 84122 38651 21806 70828 77539 14364 5541 61749 62421 60599 50342 32725 66294 91446 
58514 77599 33512 62477 19746 93821 79595 28535 98801 24062 14759 62496 26123 11168 78738 55741 15804 228 38577 4456 
3974 71157 58339 18959 19541 83764 40496 1243 64503 51885 52156 80603 62747 38165 98960 19279 28983 64784 81833 97100 
67728 77610 92209 33985 47867 41416 93816 35512 19064 87951 99859 43939 56682 50630 57739 82051 57000 54186 37072 83102 
88525 10331 65012 89722 46537 83721 57980 94294 58763 28554 17893 63738 98565 20739 56562 34096 61705 41834 8187 33130 
60593 67165 28466 31948 80215 97848 81008 96667 94002 29377 91357 2369 50551 46375 33554 9373 91330 40733 77082 17191 
67845 62791 24677 47000 11921 81348 37383 14359 38251 18706 21988 5787 2762 12962 84851 13136 65415 44837 43887 16438 
91540 52785 61902 47038 7516 75823 18292 75223 34199 23395 99177 71781 85982 48736 33929 28942 57474 65196 95774 13630 
75804 61131 59210 87189 87532 5740 67159 90000 37602 76362 92533 80967 1205 56921 93649 67591 33235 68724 43984 46997 
9330 35234 1848 5491 65409 61421 72379 34484 74163 39472 14090 19446 15749 66364 77263 43645 71331 19921 83463 81369 
1207 60754 47712 22385 3319 72162 10269 23969 38466 42588 17585 44899 4934 75101 50018 80506 49896 36074 97758 41415 
67506 86119 70868 60332 4195 33687 54539 64007 59608 4330 59583 17652 99729 55101 9983 33309 89900 70853 5953 91199 
51437 3167 87121 52800 36685 38193 71473 99809 57264 23119 53100 19944 89032 96448 48545 73606 55248 9216 73599 90193 
39966 34023 57048 36108 9002 34567 89141 26858 90940 45194 24682 59984 790 63878 83454 35827 20498 54066 10691 37057 
17295 21983 94739 54217 97620 13767 88580 52830 95740 88366 12335 48961 14970 7689 40124 72430 97099 23021 94630 11988 
72484 33913 76772 17690 50726 74958 19082 27350 13142 22282 67708 3529 74408 3494 756 6849 95989 1211 92839 24679 
62905 66643 22509 83832 9193 40845 66466 41492 68839 18246 50232 69142 64536 90976 80720 97352 87252 6924 42859 6006 
65662 85052 44850 56727 29637 59789 1836 24986 399 33239 58895 51534 72640 64197 67577 88253 62457 12864 10744 14402 
36507 45396 21035 95135 9448 19164 39716 60973 56646 43767 51751 63863 93336 46214 11111 46065 1298 69767 19517 56780 
47692 28417 37264 52627 75927 82593 93959 65876 24262 52850 90158 44288 91267 7652 48568 45740 80595 83538 70418 86068 
17189 92607 47648 80710 96270 16329 1355 62373 35824 51609 89026 90692 35526 76312 33403 2215 48003 86654 12913 51640 
80502 52381 58136 17954 60326 73388 14314 9688 56735 87135 55520 86507 5283 3092 10771 38184 96525 63677 22296 86669 
23799 84772 38203 96952 86475 81314 9920 68050 30500 83318 42812 400 86594 52312 26889 91483 16133 87482 22270 82980 
4483 2206 8147 87893 41810 89792 58579 64372 39363 20942 1555 69699 55313 27294 2325 29672 58808 54484 6588 80782 
55010 20330 48533 85061 92446 34720 33798 411 9137 8286 23349 9817 43434 66328 11354 10294 36766 29095 69954 18240 
84062 57360 10900 70310 67016 18674 81528 52854 94610 30600 9257 27572 43963 38484 52128 48771 46882 99771 31430 42978 
39091 28288 45350 37341 27649 55749 7264 56811 39378 59123 94897 55851 47985 55252 92114 27206 79811 64576 47601 67483 
25443 46694 87883 41430 19908 24994 91922 55758 85659 85552 77924 89248 63411 33915 26956 61325 77194 50593 34369 36455 
5612 86741 91668 22932 2394 30274 43573 398 87805 53189 17753 11214 53182 34918 72586 76927 51651 49988 28521 58403 
34146 59350 86211 9398 30600 24689 8595 23501 85593 63819 68378 11989 2902 54108 25096 91401 8038 66936 25548 21694 
29640 99090 39899 96977 74913 63443 96213 54679 49236 52829 47958 73813 17943 16685 95350 81796 75061 9344 51677 26812 
15173 86371 57306 781 18801 9730 92332 35717 91615 59999 37073 39231 19347 10901 9714 72853 23438 26877 50581 70465 
82320 95458 63059 17076 90782 24821 30261 31096 28733 85644 52525 72708 43976 87844 49257 73662 42060 98602 71933 15370 
48525 46795 8932 60171 37830 89086 7464 74798 38374 52125 98360 59645 58240 97751 22797 79230 92087 49694 32268 94845 
51063 45855 33374 70300 87065 1146 14434 28529 77206 99899 410 83719 73033 31956 8649 98323 56925 39269 20520 71076 
98924 62023 96019 85769 88262 59028 9018 61912 10970 89485 88913 60522 78404 55056 17194 16252 9854 81385 22019 5007 
26318 16368 34272 67742 17319 30012 50735 19911 24088 32203 9995 50819 30299 67889 75030 49264 75707 12871 65489 45859 
69005 29437 48049 4136 29586 68576 3933 84350 48436 46137 421 44281 20399 51712 28651 95877 75331 24750 13701 45589 
20095 49293 46973 93452 69221 98124 7179 85112 40944 81580 87356 64773 31163 78978 6868 85790 30911 19659 6232 85805 
38009 52113 74121 92599 42292 39654 36663 99392 22489 30353 78435 37110 47801 72126 98091 68757 51734 61358 90298 64510 
92607 1762 72513 75220 86859 3114 23033 62873 83833 11049 97431 25769 72664 55826 10840 36472 85703 82750 76643 24011 
28878 88001 24639 40248 34341 92784 78087 93460 38385 40012 72025 61164 65250 73908 92929 58849 10443 38757 98122 81970 
768 12009 19042 81889 59782 43248 34454 43713 81435 34617 20108 1590 90470 72508 56889 50206 88753 22092 38241 2354 
34758 15797 13115 72881 98008 18316 63094 55861 16157 2698 85795 37086 64462 48393 16614 14261 8409 10870 32122 49648 
97554 89296 71963 7709 98621 72250 53547 95435 48682 91677 86553 56833 35872 74309 80520 18664 93168 46741 58013 6447 
41230 11479 34457 950 47645 73807 56792 64860 82671 64453 91953 11349 55443 65340 47065 65825 62813 6077 96591 81786 
93381 16129 16850 76215 79446 92878 4359 7189 69670 89097 39173 88268 36917 17258 3324 90447 23653 82518 21459 83123 
43073 90898 86193 17904 33290 7901 76871 39961 9488 86578 97345 30708 97099 86822 45306 82123 63437 45341 75540 99913 
66942 81954 3097 32323 74205 17743 64289 94255 75154 89974 99178 30131 39379 90881 93210 9142 36760 74686 98958 57864 
9793 95960 78778 50829 24409 63646 7175 92627 29412 76582 96388 37302 19319 92979 78325 26616 11368 19951 63723 88544 
39924 57678 2393 35936 15705 92846 5431 99095 92307 39890 63150 25301 59063 83944 91534 92713 87677 74049 71814 2469 
50631 45305 58456 73182 96893 66718 80177 9073 33147 40203 7897 33993 70828 96544 92814 95015 42852 27766 89558 80951 
7686 55057 74439 57362 71731 16112 59565 37002 38193 7397 55741 37410 12904 23096 48999 4803 25191 92853 27433 96941 
92212 33603 59649 66092 95014 52433 35157 41842 35895 77017 5778 15015 44230 6184 36408 38709 38854 28156 75586 14428 
92503 19244 40511 97261 84096 48237 46786 64943 22607 47105 54630 45898 60079 59749 69528 1978 98179 7999 32119 64596 
90756 13601 79256 46855 94147 35992 93640 76495 17156 97992 61355 48337 78914 44391 42542 35213 89866 38419 46595 9729 
57085 5911 61908 18668 53357 26623 29059 122 8055 64106 25544 9833 65591 81293 68439 19311 66982 54200 28528 3965 
78064 21160 64292 77783 94851 52470 96004 34118 67188 55600 35210 79370 77507 68976 68740 69874 85530 22018 25889 68727 
29928 56246 67930 14450 78556 91466 36957 41661 32399 48176 3172 68472 63918 4091 21533 78786 73532 17545 49847 24271 
10637 94547 85232 78938 18261 17748 23923 80830 64492 47495 80604 32620 30060 18357 81879 52942 69081 84801 57553 28304 
36913 5934 93491 56685 93325 11965 57714 3986 10170 14130 7458 84681 45143 10037 97786 10344 54161 73541 79001 7970 
18253 91176 20641 51480 8978 49041 43813 11952 59437 32422 22203 54154 98680 42130 84509 39434 81914 7470 28448 44809 
8378 67679 2186 45400 18463 2960 52170 21746 50274 72861 1859 32513 42036 76117 3282 99154 9184 60382 53012 93617 
90685 53207 57332 57817 38398 58122 3956 5063 41822 33291 5800 74196 50878 42344 77676 24643 44483 74661 42228 94660 
26898 34119 99419 48106 84404 60992 21813 99955 26215 29180 87080 5732 37162 35319 56067 34520 42210 83310 30509 63707 
45281 47681 87712 25330 3889 80610 41893 7408 90576 24072 6186 40259 68133 79397 10492 1024 92620 78522 49894 9555 
91949 71219 45363 34655 95378 71299 58647 1178 95911 61405 53828 13127 2125 28094 49421 13105 67565 12373 52919 42795 
29266 26584 81037 41631 72561 7134 86000 79211 34858 39712 20414 96314 99081 12714 529 78066 35336 46064 20295 78166 
48544 91012 71405 26780 66219 3561 40573 15927 73581 8053 13654 96308 33961 44834 50389 18705 96219 71191 39348 78213 
81651 37995 88634 69810 19590 52214 54182 71320 66708 5885 27247 43216 39061 65061 61568 52134 31428 17301 53896 51565 
93565 68563 49589 96495 36364 42954 92517 3907 24196 24307 8520 69885 53308 54396 83723 47653 18292 17048 46720 89768 
18745 88509 40689 75089 76705 75426 31108 58175 91744 80249 9998 37697 67706 45811 82012 85287 95363 35368 94917 37893 
61490 67936 1807 18415 59183 16531 55461 18175 22548 10240 11672 42045 67637 9907 48397 58481 44023 27258 90373 41863 
28774 43949 81118 81700 6388 83990 59930 3100 73672 63389 71680 27303 87688 26040 3935 1728 8144 80354 47162 30546 
8805 92411 46458 77154 7188 1327 95605 89577 4914 83283 24721 32465 41640 75231 1437 22539 49834 23576 49609 61539 
88132 30701 71710 9117 71358 17000 65850 18040 59572 30523 12443 53803 85725 11074 650 9476 53452 89467 23568 45456 
13560 66520 71708 70932 74693 36782 67648 23650 27722 45224 20652 88704 72987 55794 87148 28344 72613 46877 68364 81697 
67295 912 23020 52439 56318 70177 7630 41494 3553 89129 843 27181 74479 55126 18976 33232 76740 47754 42169 66588 
98552 89870 3166 91663 8972 56309 55258 33172 13628 25132 82944 71560 69292 91996 69029 79602 63191 57877 20270 7043 
79783 1186 97467 28916 89986 76112 80916 6999 60726 47660 27922 49608 78118 70023 63212 48477 21920 12506 74002 48234 
18223 79971 28101 41726 54233 81425 74720 13802 50621 25431 79131 87929 14389 1281 27504 69851 1820 99430 98654 71695 
16652 40305 50974 46574 12519 32928 65430 6530 20219 16586 70626 76217 16771 42222 25526 82175 35951 42343 95824 86291 
9746 13479 68602 86296 46606 15125 61470 76521 90618 33549 91839 96864 24937 19278 12130 46434 35046 12305 89170 13010 
85691 95882 97423 88443 31050 31453 38352 57836 83032 8814 80971 14094 29713 67237 97297 21662 95590 3249 17969 76605 
69536 83576 47243 81746 63479 92592 84221 28697 83697 21074 20920 35614 97677 75832 31813 11186 16164 10620 22636 59768 
78060 97687 28263 64179 53677 23437 39439 45879 96907 29739 11738 94440 38348 59553 21335 34708 12522 31929 91815 5986 
53881 8331 62420 4535 67504 89874 90118 95757 15005 15996 9671 32144 83293 61461 54604 82827 5544 97067 11363 44928 
90572 37807 83524 47140 42556 25576 93144 96635 53244 18449 23150 16075 20007 5999 12456 58151 95286 29107 7825 62564 
10231 82597 14996 38306 49475 65010 35821 93960 21570 55920 49446 9955 7857 52399 83737 50687 92969 69509 28477 41981 
53272 13177 24491 56654 46173 39720 80435 83037 88400 3669 33553 15480 40076 93571 26918 53923 66282 66344 86511 27476 
1386 16690 34026 81658 23137 11372 2741 42723 90297 53961 97061 85955 8084 75263 64526 15659 87473 42909 60161 33333 
99702 52133 78637 78879 19949 744 48698 45315 45047 69907 56763 51742 66505 55847 28225 50431 31444 72406 3609 64000 
61523 1338 38842 80215 80230 15703 94676 73908 45201 72881 84086 95743 92196 16530 39960 21049 68296 44787 31127 77489 
5293 24365 9038 73911 8669 42037 73635 94657 1954 88920 50196 94364 23030 6244 4950 14716 7893 36746 76828 65465 
88318 89687 13413 44745 61267 76281 94527 70740 76074 19568 96582 58632 7019 39015 74101 44417 75265 42834 76547 85606 
30203 34765 29440 33916 22890 35869 88274 61982 417 33725 47421 80746 88375 53124 59981 81280 5110 61208 26821 36146 
53531 917 18248 87381 46353 49894 60148 18424 93263 6946 15843 54847 82332 24879 1578 90013 93824 6417 53022 73600 
24907 55616 84169 94748 47667 31157 41389 99462 30977 96511 90086 90076 71907 6104 85618 85226 99580 23642 19258 32301 
65438 45102 25336 68698 11107 82113 9367 85092 96187 20578 53921 56979 44577 63232 98263 24541 3006 50837 94859 74595 
71801 2477 29961 33223 58096 90759 92542 34303 81838 2814 88769 99247 45568 32474 62548 396 77441 37832 66536 16428 
65993 83636 3074 31284 86003 40505 53572 9277 36215 22825 37828 3568 11676 90932 61160 99256 57259 92601 98074 49033 
48964 99803 79109 95581 72412 52853 62814 20190 54566 8274 78278 4111 58603 42790 15601 98856 68983 84703 97835 97714 
57621 11020 9002 66548 73028 38166 84780 11058 99716 61305 82920 80082 5751 7862 74385 55324 7027 86074 82441 50530 
51174 48145 65322 63982 48741 29487 2933 22748 40970 14509 47801 31300 61054 35354 7449 78875 36972 19386 34291 43581 
35784 46046 67804 11742 33009 22930 17252 15003 66693 23715 24566 9621 68531 82582 84832 4023 17940 11458 31407 6292 
11924 43566 10728 34793 89685 19685 90417 77744 65818 43991 21730 24361 23584 82657 89613 15995 80603 93410 66092 80219 
99993 19811 29733 71390 73935 32451 41407 61789 30915 99081 28526 92248 55909 98839 95032 29375 46390 88952 39629 34301 
29177 14538 1703 2810 63070 51940 63811 43020 17117 72484 39097 55932 34158 2417 13951 54227 97279 99306 57076 51807 
64145 74932 30156 99187 88776 15308 73376 75042 52793 57518 24119 38346 21354 73066 376 81545 29096 99777 93762 998 
10283