84414 64784 5126 63169 41641 57182 35001 16448 75440 27653 82269 41901 60833 50239 55327 59630 31067 90700 73006 28280 
99013 3533 80601 64856 11236 85488 23296 86678 93994 162 70846 21293 9857 63816 7201 29567 32348 94736 89719 78641 
31186 55082 6025 85084 78968 48106 89828 21792 74225 48921 83545 51354 6678 59338 69638 39265 95184 91100 8493 38520 
4024 20353 62843 88186 61402 36190 16102 55597 71766 61547 58136 13203 62026 93700 7664 9934 32752 52178 36683 60667 
887 53787 75152 44299 30875 88290 58211 3334 70538 17468 35639 88308 57886 7210 12212 32403 25971 10427 39293 10558 
9089 33187 74453 27334 50796 3067 38108 26630 34469 83206 49819 33947 52021 40582 58669 52739 79542 87067 86354 76846 
45815 62071 69156 56487 43055 93805 6665 88093 10356 51860 23099 18699 63619 39727 64631 87206 37936 81866 59843 42254 
47874 97881 17594 61011 51208 80966 75774 80016 35043 52802 61728 91730 2250 79548 66181 87791 74812 99757 70166 17946 
24800 67522 80908 66847 53248 20403 57130 94453 85403 51471 89389 54498 24332 63440 54622 29923 39494 34136 25329 7905 
17012 41068 73666 90765 79296 38048 91627 2129 42675 79120 54236 21736 69280 53956 28710 26427 37918 86616 52164 41369 
65209 62399 20333 96633 19287 96622 20111 17433 40657 11671 67858 67693 20471 30351 69549 73556 20688 26150 44135 97509 
91852 16878 86540 82930 10528 78166 13013 64409 98655 27385 54052 54575 82319 54690 33669 48753 95804 78940 10327 79997 
98843 81916 20519 33120 87274 37566 29806 69143 23046 44061 70086 49549 43813 75553 66948 30160 34794 12349 94786 55149 
93748 9653 59477 79555 46504 68134 10423 2914 32781 63276 61479 19965 17044 77186 54555 25855 1520 88745 75257 80235 
61142 45401 34585 870 76227 49980 10020 96332 45254 99167 79690 8131 90962 10173 62753 67143 56837 41646 82901 18885 
33726 40692 67162 47149 5783 56607 23671 5007 66987 54250 54379 54079 64384 60655 20948 993 90728 1775 8010 95199 
94725 38177 53047 93996 98605 28778 922 25236 16424 305 39532 93352 51063 65969 79273 88591 10892 80023 16627 44829 
62441 76987 52039 38427 43020 98168 62810 68703 29157 48040 2457 95582 89992 75866 96300 2539 37425 98004 42803 34626 
40667 96336 65714 35832 48830 40743 50437 34141 86718 13196 5553 34282 25059 51662 94249 37185 19473 51149 2129 31896 
64170 67589 41091 72605 42305 52053 24298 20758 22242 82360 4393 67876 6628 35127 16522 20217 94389 66238 8601 54605 
34943 95384 31944 75654 863 10521 6990 53768 44606 44397 82420 16843 76141 64034 67664 48333 13830 39006 87992 80679 
22214 14398 10845 85802 31130 30869 60638 16063 88523 69694 97484 17859 64490 38197 58815 69832 61084 60132 46709 7179 
19123 38344 27438 74501 80081 81598 94497 4196 2019 39574 561 29841 82157 58237 17392 23530 6065 60691 80477 19847 
11077 35597 76154 50570 95299 22065 14451 98011 72060 11163 38798 73628 62073 97159 19898 94059 74078 91266 75334 1515 
52539 48434 91129 44625 22494 96416 17278 78487 70684 59279 70511 19906 80623 34956 95337 76167 40130 40066 15802 54849 
82374 97043 47318 52164 97964 62869 16931 18329 91659 16184 80042 44249 12726 74976 68421 90553 22000 92906 49088 1452 
70661 38975 29609 34377 91849 75476 46319 60578 46361 36742 78240 64569 12219 36913 87915 91074 90985 20502 60352 57242 
46109 78710 61366 74190 123 42788 12015 1108 57437 19872 34549 65208 89373 36860 48954 55852 53495 82373 48762 42475 
91431 56474 72361 72863 11311 60505 52852 51780 84365 17934 66732 51856 56976 73226 37007 51426 73716 72502 11374 30488 
25974 71474 45300 33616 76803 49491 83125 20350 20112 16181 59802 27817 60022 27263 91505 86523 16406 28620 36193 11754 
13782 14590 47481 52592 6353 36252 7220 62035 60688 6035 83757 84417 97560 27934 134 24410 53273 56807 92391 9962 
70433 21209 86853 88026 77517 75815 25871 48440 69121 2049 25014 10578 9832 73977 57435 56231 23441 28853 95576 24517 
56309 14188 12959 38390 39198 95768 88598 83263 48637 47159 30360 15023 17393 19227 83862 716 98211 29329 49969 11633 
79441 57406 25980 15905 90636 31159 51720 35383 14966 43294 57846 36944 95427 83463 80420 9627 55696 98300 14192 11133 
51507 31514 220 29958 18707 14694 62137 94069 3730 99906 78833 62126 38656 75741 44474 43432 67847 33633 79365 51087 
61713 81560 65357 98499 7962 21455 3671 40796 15801 28845 1763 32474 93948 20951 34595 73444 13843 4772 46806 82451 
13161 53046 24099 27375 29294 40245 66487 31979 2367 41049 76955 6569 58303 22902 69947 20421 46012 92776 56286 88765 
5680 40706 62319 16695 24463 31162 95309 88327 39825 49574 26098 67845 57284 85717 45809 82238 30562 31089 50009 64336 
65206 25298 96406 97614 32555 38909 40774 11357 32777 76151 57346 60324 19079 29405 81589 59635 76019 85464 78058 19767 
35614 74164 43665 59489 26708 12867 87968 56586 88188 94126 83969 64947 83256 29443 46265 52776 97243 19332 74483 52096 
34404 84658 53271 4255 63972 8674 44288 12624 84521 98720 42212 84018 36181 44260 21535 70195 5844 87853 1583 48715 
63672 55423 7977 5529 76739 13535 53654 86313 40973 23701 47641 20373 13215 47578 20476 50368 76317 30001 82119 68959 
91472 32824 69872 88460 19942 95429 63942 6530 85990 71753 11031 18660 99248 20540 34838 27976 22005 59271 15383 24862 
91919 41089 31672 18549 6464 82345 22571 18351 66385 1142 79203 95351 72735 81789 36579 47503 18924 62948 16129 73500 
86005 7018 81363 98175 37906 60061 47335 48238 27737 99371 96685 46824 31538 53927 90498 48726 73000 9405 1852 70996 
34379 2537 79531 50345 86685 17522 97800 68871 71433 16461 17507 83963 781 42632 4598 42800 18691 90740 11274 39647 
63464 32748 89524 22472 43305 31707 48926 4224 14150 75879 36212 64184 80793 7913 14011 7305 24125 40865 89673 13999 
48311 54857 85453 47334 35573 39246 22188 78848 70106 67251 22364 35061 52792 23964 10289 4581 575 4377 19409 84161 
54261 70825 43830 16901 96931 40613 89086 77815 66722 28533 56405 28836 21707 95079 28652 49543 54638 12353 58183 73779 
73567 9999 23254 35406 65024 50650 5754 79344 62505 43904 53459 75682 38916 44082 53263 13234 39298 42374 11053 39661 
20245 74449 2784 59615 47867 10298 42411 60970 50955 79792 45540 20198 24974 89604 89646 58765 74103 75647 71446 70424 
98227 82469 8385 81035 11529 62381 45674 75692 11112 83056 82823 38281 31978 40458 65103 90334 89820 70263 33504 86940 
46352 60746 92703 78457 47203 36574 10899 47181 91604 29290 80912 65466 67775 92750 68266 25775 4994 63802 13769 46171 
8983 91067 12015 84519 82940 47520 42399 3042 64967 9269 89163 97510 85739 79099 54177 92433 44175 10288 91013 54443 
53571 325 3041 68783 20412 42668 39791 90076 46925 87337 28084 24760 46717 27357 2381 85421 15573 43682 5671 46345 
86472 34158 78213 72849 10450 80443 27918 44798 94994 63573 81938 97226 92267 53051 38539 16947 84907 47427 77999 53778 
9529 27754 60412 2712 90379 4459 70035 44379 71473 72082 96998 13238 16078 95129 39821 52259 3959 53441 45828 42414 
43572 7035 99429 95050 26544 26133 22720 93587 79820 33851 89503 4981 70451 38600 11973 31523 30037 59953 69963 61705 
40218 2260 68776 5428 32467 10060 60930 25751 76263 51378 77595 95127 85278 93342 6449 6204 12806 98100 98761 44919 
88806 91144 73854 38028 80431 36168 87868 70074 32779 15429 69091 39770 83037 53248 96798 66545 64951 65140 65636 15774 
9765 58489 78948 35564 51677 1245 33029 90306 74130 42745 3352 56669 80250 82638 69362 98930 55402 16386 14080 70510 
51523 49429 94407 85969 75834 26035 98222 15316 29234 55504 12385 52816 43842 16045 12810 67541 19256 39565 85412 69438 
41285 78184 87606 83015 21489 43974 12705 74112 99768 18752 22512 77389 90761 34156 679 11983 80962 65655 74682 47631 
63729 2201 10951 76364 31764 68867 30969 98523 62329 37428 18612 75489 98889 70594 63826 61281 80861 69224 40815 75300 
67574 16667 70311 92518 30714 45717 2373 79570 87058 35253 33347 38575 84020 46984 42000 5392 25432 60732 26023 71121 
19049 57080 11745 47375 3007 64218 9276 3001 53882 29517 55259 16409 41400 70907 13741 15247 81451 309 38635 64388 
64135 54985 19630 13351 73100 72122 72093 36829 70306 71940 19499 92131 90745 14695 63719 27943 17375 33448 49738 95068 
25960 20067 77580 62227 24795 42100 38097 97137 57594 55696 86377 47218 24569 90731 43931 93817 76282 14131 87371 46135 
76827 35344 22864 36253 27392 75060 48214 59447 10187 82900 97433 55527 59244 53170 45401 96065 14594 44604 20408 61210 
72127 9031 46889 31478 50650 7634 17434 24779 72317 10787 17448 58928 64220 64974 91656 85180 70767 32510 37735 27402 
66912 58712 93102 96842 15985 1332 86020 56590 73317 32426 61685 46463 61654 11300 80531 36831 28025 86947 6280 51569 
11359 55526 94084 32970 45568 27903 95553 90064 37648 71401 57380 81281 14969 32170 56363 30321 68232 37694 65961 7102 
46220 15683 60194 6076 82061 29415 87997 13444 29615 45503 35220 42149 99568 63394 10922 62505 82657 4362 27651 20655 
17650 93703 12888 76622 15740 18917 10644 18465 81853 91352 34122 11820 51477 71274 94719 17409 22158 24905 15320 149 
72820 78082 93569 44403 93606 66129 69328 82091 71222 39800 32292 24346 2853 61337 7982 31808 52351 10913 81191 41502 
24717 83890 62623 68957 28493 19304 86688 59183 63373 2019 8059 54570 38065 91532 6721 1452 66125 80959 49626 76691 
95962 85177 72092 34048 80750 43475 76428 92787 76533 14418 18950 74023 73556 69944 32530 2113 83690 34165 96616 73470 
57426 26339 48784 70196 44547 26546 7363 66935 51579 97660 54965 7358 26837 4863 83954 2079 7689 40740 25111 1573 
86472 3335 19265 78426 20628 10284 92955 68023 45737 59191 72463 8371 23094 37133 92433 57588 30371 6441 10064 26998 
16931 14990 69719 67514 12078 97129 82123 88518 99563 52205 78366 10542 74592 43360 79931 5833 79078 46311 65025 14359 
53464 2055 72751 72452 14880 14147 52375 79934 62925 84444 50354 19648 88351 30600 77021 90040 12482 33524 55860 94275 
22091 81472 65495 22231 98094 64095 32313 38176 85469 71855 67922 13449 42350 87653 3761 29414 32500 43364 30428 90549 
51033 47542 97613 14734 13670 55960 28672 98448 67641 21733 78947 35153 52287 99013 88227 66663 65488 42409 82271 16009 
68419 17266 65441 70407 39351 40428 28882 93682 91415 58910 86704 8646 89963 13635 13314 64329 78219 25217 36359 11468 
54753 87318 78597 6707 52997 30122 98767 88112 48503 71592 26749 80540 11802 68630 34617 47602 53691 72876 94654 52726 
45041 83957 2105 61837 83865 76988 91351 13732 37296 23835 53062 13456 6335 57187 62273 44008 15998 23478 95606 71987 
58690 76953 4512 63557 57082 26222 30538 36597 67737 6099 91121 3786 81489 61237 94140 42545 74102 57847 68046 9845 
48099 65089 13604 53865 42253 43269 57841 20895 80356 47926 27315 43331 49386 57671 60395 29405 2825 44188 97557 84246 
56437 69589 39774 17346 36765 33859 63201 31163 69354 11234 43823 78419 4810 86335 89742 1671 1075 84434 19876 57627 
21942 53774 65404 27177 44561 72473 5846 2678 43357 39023 38868 28422 95975 70873 4914 1499 77276 75308 78687 79195 
35548 31643 58474 14760 40546 14872 4387 39740 69676 72519 27570 65396 29093 2757 47333 85747 19981 16340 41700 23617 
66761 1007 32490 50100 54908 82229 94779 93091 66199 69733 22557 40020 9282 49517 15907 43316 51574 31855 73861 89786 
90413 36616 35313 64029 35932 62513 53382 63578 59939 614 55497 48785 40717 36630 70391 99840 69301 59431 48277 14529 
47842 8825 56624 43557 57598 64067 38153 39408 42319 92302 44484 1627 4375 24933 90535 50040 20110 53622 75407 60808 
63701 2388 16242 71193 57687 5699 90099 89320 75988 91041 11474 79104 61955 20280 12066 18542 52995 30048 6666 6367 
79162 5334 59815 24341 56140 82751 15084 59590 42116 77271 57269 14393 70567 66000 68081 20921 46195 8566 56424 92493 
21576 66255 99695 51110 46039 91115 67474 47846 65226 29563 19411 79602 51531 46175 97883 52577 99354 14467 91687 95284 
13784 84597 16301 83119 42895 46844 48342 33875 38852 35442 13927 76573 15 21986 25017 5783 73256 60387 43879 20091 
46593 446 48730 48240 6593 63574 71659 43903 39490 66088 16566 88323 94902 94480 49919 75772 56890 23379 15387 3657 
41689 63206 19482 69599 79382 62427 58090 65781 56593 41996 42246 65623 82713 47054 1502 76749 12955 72921 53448 73491 
53093 7899 41047 46216 5525 71717 82818 61372 31 48849 76476 12438 41106 52134 2126 28267 22008 41748 6645 15729 
64283 95146 84467 48336 36802 69809 69230 71085 62757 42179 51659 57216 14608 32355 6272 11504 44673 4948 37162 95597 
27579 84667 90213 58425 6907 3608 89523 7120 91229 19286 66157 28540 9738 8794 34627 71428 21587 93252 15620 31340 
16258 87841 81905 41664 29285 6072 29085 19521 59927 74964 70313 40137 1375 60038 88149 48845 59915 4256 69958 92793 
40595 31774 71102 96754 47094 85082 59017 85094 2565 96747 67580 24576 68722 90669 55280 8643 98007 23552 18857 29347 
34284 41453 97707 65648 60758 2387 51831 3011 86975 44554 64009 47869 574 8498 99247 48678 46911 14993 6831 97271 
55857 32825 70665 81981 38051 21461 98798 35729 23405 25886 94158 64662 64369 82321 31988 80226 13603 31841 44222 93945 
17920 83422 77831 84580 12505 92632 46971 7397 31402 85618 29623 48503 52172 34714 7494 51418 85598 35293 92994 60449 
26173 99450 32991 92576 55868 10997 82935 30615 86436 72593 83096 53990 76899 68159 93068 48116 95250 56793 95438 23705 
65474 93118 43180 27691 89736 62799 56294 1271 33379 48821 79522 70932 62221 61316 6793 25839 45563 11110 35809 55909 
67704 20081 9225 65071 6518 19496 76204 91951 72587 97829 1709 14071 39893 27728 68591 89776 48102 2444 88031 93160 
27934 18258 32001 67588 50026 51609 88416 19979 78408 60011 28333 97871 10134 73737 29170 88603 31137 23294 70637 38433 
60254 90601 75507 69929 66800 13164 15738 87344 4397 11628 54997 16796 46685 54735 53377 10821 14926 99110 68227 99049 
51632 20965 57396 79856 15373 25542 95896 82646 41680 16925 2534 66608 8510 29260 59163 98957 99950 53275 94674 44626 
73075 22533 28862 80266 56147 18601 6966 77597 3165 93794 55070 76283 73462 62040 81769 39738 12925 679 61371 80451 
30453 87949 50714 63564 9573 8399 41918 2463 32082 46578 18110 80620 29829 90345 3193 51563 72217 91557 87503 6650 
99397 83930 50116 62948 64519 5812 5857 7086 23996 91822 26576 96691 50102 59215 57264 76057 47095 37767 90894 55196 
3541 99794 99201 50249 61635 22962 23721 82505 96655 60323 1509 22988 78731 42285 29929 47746 73827 40997 72956 23484 
30489 72474 57844 16813 22570 10605 80455 25658 32243 45567 16396 10379 25856 28378 48685 34663 98329 33580 96559 3040 
20420 67273 74194 4938 24412 16445 13287 53531 13158 29677 74730 90999 53266 76988 19717 30176 93933 11552 45339 86351 
35748 20536 26960 9795 5691 31702 91667 38699 97284 82425 56756 40972 51912 99562 54810 3539 42217 64346 64177 88949 
5994 89937 34999 55547 86853 97461 38939 30206 30978 79332 39254 28267 17420 88687 21310 54318 54199 60472 13340 59220 
23097 8760 6561 36426 36395 93915 83751 17959 13513 11734 40721 39550 3498 47139 34106 29275 81253 33826 47139 60960 
61051 69858 31974 21255 318 28835 43119 28159 39790 67035 56942 74090 50806 25104 11402 52171 89468 28604 85065 47596 
36797 3099 91136 40345 4255 98428 4949 45222 91057 63446 41152 6353 91467 21214 62493 15456 82838 98443 86161 48375 
48032 96621 91089 55948 7165 88218 6011 59548 8241 20219 45056 86735 29619 28458 36076 52628 14056 45876 50495 53606 
22975 74753 317 34054 23497 94487 53084 24770 55007 49546 75733 30252 60634 77568 29342 63576 95010 59267 31315 66341 
58728 31970 78481 49796 81155 67947 33212 33097 12065 18513 14250 15190 50670 6919 18790 49443 67668 13397 49533 33404 
79663 3703 84393 2294 65889 63355 54384 60662 4383 75985 41027 47220 92252 62437 42993 58267 29969 47490 90373 7252 
43549 49520 36993 93209 76690 56193 30043 25958 83183 90374 53444 29652 15658 92677 91356 37095 15175 11431 21361 63472 
74139 54430 9015 40457 11102 70203 30332 1283 41102 66188 50050 24228 78543 7080 44734 71949 26505 61289 75964 59009 
16061 51429 69854 76253 3340 31164 84457 69638 59607 62550 3678 86343 83781 135 25496 9406 28003 41110 92275 41790 
21831 43039 60298 37620 26670 64320 4227 95634 11374 66325 5958 85393 23576 85300 66033 10580 19021 20071 70566 44965 
67951 46046 90999 34798 38829 11037 18348 70248 85688 80521 29836 9831 96325 173 76562 83854 15269 25509 77116 74385 
39398 43692 26298 61493 97396 67045 26482 78799 67367 19644 4224 37168 5574 99081 18822 42550 59468 81529 92826 97971 
94635 45590 17259 54913 48531 92367 28149 97413 99329 53524 14661 34849 68453 75756 73829 69162 99988 65466 54321 35069 
15821 74882 8633 27331 89439 82266 50278 4828 84442 68722 69433 22979 47011 29519 67506 9832 32223 67847 64343 85775 
72565 88789 26766 83980 31655 85631 64268 82996 10601 65424 68875 17773 93913 2551 44440 63663 41946 52306 38182 98650 
10430 22018 37581 54621 19194 37113 92087 24442 51892 4957 76014 3385 21166 12522 53752 11832 56015 42878 86608 13981 
46683 60506 49660 99038 45455 27880 54783 15791 36920 90579 90618 42866 90141 55756 47855 11431 90941 82741 64590 51332 
72956 53152 12966 50129 5645 7121 98948 26648 91442 50874 9916 87580 8342 36234 87427 62581 45639 7187 98576 27341 
79667 61778 3302 61273 68478 90811 57881 86567 39663 33533 16357 87957 13703 87666 12007 4050 71877 39099 90998 45043 
81633 36068 52352 76456 36083 96664 86828 6182 73626 64978 57434 8748 52192 47197 46783 12429 77445 93189 52017 60375 
13516 74980 651 92419 69155 19832 31608 54216 41542 66123 93499 49688 83148 70212 35615 78495 40281 46318 33094 56360 
33935 41334 68671 95770 70780 51542 69112 79500 55640 68104 3781 96861 6559 56971 24183 50060 38385 67152 51201 67837 
66988 26178 6529 77756 15491 80997 61161 25131 30446 2025 48164 37254 60305 64626 72373 32128 8723 38305 53345 18556 
42571 37557 74281 49461 34459 70 9304 81513 62051 8585 50127 81883 78961 88647 15505 3826 67642 68712 77090 70177 
59277 84444 16037 11284 81817 61479 92798 66545 77494 11716 79667 91234 41036 13839 77714 77667 90529 47016 88348 17660 
36401 23939 37729 7207 74404 995 45415 61795 16462 13915 88526 49392 34321 28612 92369 60521 55406 40763 87776 16965 
2634 2893 15368 28904 59549 2627 58534 83831 24054 98805 26012 29538 50977 51077 914 76300 10629 21723 24549 28650 
85465 4604 20843 20566 22696 33766 96761 69411 14553 28311 91987 6115 68965 53886 47277 59461 9354 80256 86994 47336 
39383 79905 76526 60351 13666 45935 29840 84420 47789 62407 64476 6816 1980 87010 53351 58245 26019 61739 16249 56470 
33052 51310 66076 42520 95724 41131 82483 25183 5825 97982 50253 19394 92962 17627 28392 88086 39882 33397 9747 58267 
27292 64688 76470 30530 72951 3277 67991 45057 43178 34187 2368 31676 15834 19511 80081 83721 48410 85937 10640 1030 
48805 49549 64484 50415 30254 99325 73060 90248 13007 82712 53098 31520 98541 62015 4194 97749 18679 63645 65878 55517 
19411 75803 17220 45880 31818 23505 48773 44948 99703 15243 77615 68820 20809 79232 96019 15831 14969 16778 50312 14839 
73745 78988 22206 61378 711 76335 41523 36956 52164 16377 90607 82512 94077 37210 10963 60696 35998 40686 28275 92611 
18804 74191 93744 40515 1998 50560 38707 12329 19898 91032 14955 77809 94218 40979 43474 49367 49401 99525 4442 12983 
78570 92630 3307 34518 23879 23426 72650 23880 33556 31314 15904 53674 23357 75497 26489 72611 13875 6829 75973 66003 
47892 95284 42414 55874 40530 21452 63442 19241 2656 9787 1575 16416 88974 22110 53601 51169 29132 50690 12468 78681 
68419 31415 95188 1588 3250 87156 57267 7901 95849 30130 99077 21788 52279 33872 96051 51898 47046 7776 80332 83055 
88821 97126 20960 32462 63376 85852 2291 97803 50681 60159 19969 54320 21250 24893 24550 93327 14825 43467 79628 8340 
91818 16495 85728 31341 98278 57148 6438 58258 89989 2474 20028 42595 94647 12914 88488 15130 41032 28907 26498 45747 
45962 35643 86286 76971 26649 58577 71175 58626 41764 37435 15524 37024 50498 63051 97092 65245 91264 5483 23233 33198 
88852 28342 98428 14197 1734 25941 58688 3052 78317 10154 65644 42475 30940 78189 18420 72738 40237 90389 23745 2506 
53325 93455 10758 47349 46635 44329 35124 78000 76006 67431 8559 94300 15390 2676 44298 26753 80636 80808 98911 8012 
95638 33768 60753 89216 98997 57743 93203 69388 588 15659 39496 97835 4909 83531 56778 18685 26829 65369 42661 91695 
59298 88754 49080 3198 95204 22567 65468 94402 8931 35841 57159 2062 25361 71709 23740 13658 74837 48643 73722 957 
49317 37449 97107 91147 33382 29017 45557 88367 65379 3980 63837 29855 945 36046 47409 29595 79074 8451 53793 35456 
25236 52063 50279 4314 24447 92233 21743 71859 42742 28688 84143 97639 2535 71521 78673 36347 10796 40663 88662 68004 
42126 75868 36382 67356 14665 8610 72646 44344 31240 56117 36061 92979 91093 64280 6225 68920 25920 76804 96671 20882 
23301 37698 79599 29834 37409 63153 87099 28199 38959 46780 91140 77863 49021 94154 44261 11393 64299 18405 74159 29655 
76570 36084 7135 50272 26615 41048 42783 5335 28082 83465 45869 96309 51465 37480 87941 13146 81404 27739 41259 63680 
56325 73218 54366 70791 86504 11324 72604 93290 18636 83040 67973 2280 62042 63629 796 23683 56635 72856 86882 78040 
49532 47306 38023 9158 458 4318 49191 78414 57056 94956 55270 5737 45284 81874 58069 82453 53395 69040 41690 31799 
66342 81607 89014 59045 79750 29662 18469 99015 27985 65266 43841 52015 84097 13915 79286 74651 82670 74190 86396 2671 
24214 22811 73806 7522 3096 90579 84794 8951 80521 79073 40620 80296 22081 28793 13351 32749 15078 75275 44333 23510 
12931 98100 42428 25933 32433 12533 90305 19937 72059 47445 49843 69945 96513 63961 24120 82073 75374 51529 72237 89020 
52623 1247 75241 72410 22332 9211 32817 94756 32046 16288 29201 49707 21583 35666 81155 2859 98329 97407 55218 53240 
90044 92314 57476 76879 50083 31460 91510 2890 53226 19349 94535 73158 63133 14664 69684 24585 12396 30015 40054 81435 
21669 60165 25557 99650 76100 32601 1685 59515 72541 80154 84154 68920 77712 10476 54734 22121 57814 14179 95390 14770 
32951 7261 38825 72995 84191 34633 30853 26234 31343 98517 38985 5117 36163 24216 29187 94440 4729 88142 60879 26107 
70473 54672 23347 92200 91064 63635 97558 37921 94108 40353 53606 64647 15035 30275 54237 84121 66918 49853 1731 48974 
17729 64167 54853 88909 37479 8354 31542 1548 48968 58188 19069 94295 92591 99582 13981 11142 96055 10851 57440 67662 
59957 6881 9528 23988 14397 36500 74409 53918 8243 40497 18090 54326 61947 12507 42714 83393 80381 17835 32598 74417 
39240 18402 26983 43956 27821 37996 74302 45666 13636 33835 44406 26045 70274 40671 6933 1222 23424 3725 52880 85049 
23631 19174 78348 23118 1081 88261 95495 12426 88107 67504 24015 71991 24129 6837 91070 25075 79687 23521 30446 90321 
72851 35178 30309 13466 72398 1379 95075 67442 24069 81079 77653 81322 21575 63662 27705 18558 41270 29957 53131 57776 
19531 84722 70630 32725 14222 82387 61811 44940 59759 59235 73168 72382 19144 59750 3538 42610 99902 70128 41107 93879 
50135 63351 3850 31829 35306 96849 82401 73628 55178 95872 46478 13270 96312 69449 13534 52859 68634 24939 51755 37411 
3869 53763 71524 83707 76816 78172 45769 40972 24971 50034 34864 59182 3850 83436 27721 86162 83227 85419 54743 58218 
71761 66289 80119 66942 32387 39537 33674 83954 60927 45 38701 72729 69103 85986 77246 98330 42342 82587 4914 65607 
16511 77067 52299 14556 41735 23965 38299 43535 83937 72266 93926 48864 3315 23592 87787 9629 10002 60127 99208 42954 
33795 16597 47300 49388 64411 47288 23901 6867 72278 17554 90128 72056 48134 23598 97799 91737 93042 11837 13018 8660 
24342 14168 76319 40388 51336 57375 26677 65921 47205 55648 46419 84564 97932 49019 29288 42637 13335 62860 41084 44928 
34624 9748 98204 41592 1006 93569 80811 49703 23134 4980 90995 21080 84967 80151 670 71008 76622 49994 6544 32856 
84902 32883 73966 32228 81832 38988 73444 29822 25986 79673 49916 54421 70874 21916 53791 89606 76140 50793 71358 21186 
26825 37666 49814 80821 42688 65972 81470 54146 83406 84528 95527 70552 68023 48806 78934 71424 39256 75158 87212 88459 
62693 73955 24883 98418 45871 19135 51427 94470 55454 90188 65498 515 55788 9371 38252 93596 3719 44962 22889 83252 
32511 22307 36391 35781 43612 13832 71019 79830 91543 38914 70233 57649 47360 95762 1772 46760 8343 94526 13988 45378 
80544 12560 51415 44745 13755 91735 25984 87970 16632 48457 66536 32474 3756 65035 88218 67490 79991 53326 77203 52401 
94976 79457 86498 72242 72483 35657 95404 93476 12289 20749 90802 48502 82834 71897 77213 62201 72307 81684 90524 54697 
26490 79972 54984 32950 14338 48640 2840 80054 51544 39727 38038 92899 40389 41424 14919 22510 99957 90674 44350 53188 
89481 36619 7378 25137 93599 37078 68012 81705 16621 72658 15507 55400 33363 23758 71749 64066 97326 46069 80646 16710 
20231 36858 56601 73365 13040 59669 74189 24388 96598 52372 51972 40655 69342 8181 43945 57318 29729 74784 79975 93130 
14432 31561 85761 15598 45886 62753 83550 49905 25283 42262 93738 64678 58376 12239 39052 22219 89947 68761 85615 15236 
87189 80702 76166 56250 60802 24918 79072 63249 21536 11617 68424 82104 61024 72078 42420 65344 20477 99166 7705 95018 
42683 1960 91067 16942 3386 58964 50040 80311 32707 79629 1982 60161 4408 26930 20656 27612 46324 35202 97319 6708 
56730 41763 68536 49535 87874 58055 13092 10290 38664 65337 60101 36252 19097 9702 8750 44441 42896 17778 35365 85584 
39513 22242 23097 21690 83251 77576 31958 19427 10932 27736 13284 11948 36878 49080 25339 11799 71675 51955 23797 77320 
5281 69840 36520 60850 35543 70057 48880 14914 58788 27834 46007 66142 84402 28473 99078 50870 63189 60890 13968 1969 
10387 63123 84009 74713 28298 52983 11945 61403 55712 31198 88578 4091 95635 74278 77173 38004 80726 74811 63524 404 
9898 15473 80715 56701 15689 32298 49906 44333 48316 39139 48218 58214 60877 78369 13448 65289 74116 79643 99701 19179 
49878 876 16092 62710 77469 16208 15902 57115 77823 43875 31555 1875 562 89954 92142 63876 63379 96707 45772 71473 
86092 33854 29162 92766 16545 68478 96600 92464 76429 56967 11336 49565 75632 85225 58669 43394 3626 76239 20824 66030 
48137 97939 56775 2894 52623 74595 46753 43996 70550 47083 52364 16294 82330 77318 83380 25423 71152 35764 26127 70365 
77447 10550 31273 64806 67881 42431 64859 94018 30819 53416 11401 26851 80930 77871 77978 78276 47193 82693 40020 75826 
95879 66504 77393 78497 94359 97030 1203 86580 34090 70163 43865 8400 70301 94278 71960 81370 73107 55583 71834 70948 
95611 9140 39992 98680 61865 58053 67713 77867 21183 80150 49297 61914 40142 124 17279 2713 36075 26399 41395 13339 
90100 48567 90037 68858 51890 24501 70407 78772 50488 98263 6525 97058 81302 21981 98527 37933 61554 71238 29508 70509 
9240 3753 31122 22236 81696 18868 29421 88723 61168 21463 34763 17895 14206 46467 83867 31510 62332 97578 19024 94513 
9713 65412 48321 17565 1579 30146 43570 98640 80094 387 81177 60546 64792 41826 4892 54286 60262 81336 20710 8072 
71708 68610 85188 97077 2971 49485 91048 41970 69073 84008 24033 99695 38313 89706 24859 60430 64209 68336 54773 39436 
65185 82032 77025 51017 2161 70504 7916 1553 56219 30671 7719 50374 67101 22684 23488 660 36608 77212 46942 2277 
13255 46376 62983 59449 27849 20598 34171 61973 40621 84414 76499 6200 10594 52257 64837 44185 79960 65885 74672 7579 
20822 11390 57922 11232 91430 60441 15660 78689 35681 63896 17947 45226 73777 9557 18516 49685 89624 31918 97305 18794 
85964 80043 92830 94421 41679 4225 19589 23957 92070 44848 57874 70144 74952 75071 26922 52884 99428 77855 64390 87556 
94757 94478 64678 77880 82747 87312 84292 20832 34037 13864 15555 42733 43326 41995 72276 38511 5591 88316 49767 78269 
99904 33027 78966 43187 10108 54700 76724 76900 42585 51482 78412 37261 37583 32694 10703 57530 7328 90721 14559 28771 
23368 17915 93401 55609 49725 59602 97168 43038 86382 23792 4751 76389 88343 99307 93464 98443 6629 63115 14359 56128 
76488 32805 46023 21783 73585 18005 48328 61184 9935 55195 29784 28841 77341 75260 14736 60050 47994 35498 97965 3062 
24781 77455 41341 72707 71220 28324 72244 50892 40669 38351 62857 83919 88296 41840 38608 17587 27181 3287 22960 49673 
10024 46700 52454 72261 65586 30314 52208 79666 51758 52926 50514 42051 87226 29458 69605 19369 58293 48631 298 41317 
143 61773 14745 4323 91536 47656 93968 13939 79288 99180 97573 3549 62075 13517 90683 76487 63760 72114 24624 94432 
91947 65906 75614 38896 1731 68287 17418 27125 12206 98867 37513 23108 73353 9646 42241 8264 8425 94230 43143 97873 
81648 72664 1396 50994 62125 79393 98072 38426 85699 56443 52249 10214 40745 5535 39350 83379 7803 48562 36525 35022 
2165 84790 50828 52258 33088 4448 52154 99826 30386 37558 90092 11406 10299 1001 88286 16214 43529 20056 57023 97241 
52254 63661 98004 1756 3608 84801 20527 99003 59717 2339 81191 79623 47585 14781 81471 70745 60807 10481 10939 17637 
1299 22475 61806 22974 27095 44689 41478 86802 66060 54161 16582 10429 49657 82485 30893 22416 91321 8647 87127 78179 
41208 51074 23146 35235 71941 88364 7914 47012 98902 29227 90138 61594 32868 87224 35636 46757 31650 59677 85419 28537 
2489 33685 99799 33430 75870 83387 13171 14326 46642 42135 69425 73919 36161 57588 30891 91501 70942 9277 8688 2008 
18689 65968 54999 61192 2282 23828 72271 27536 7877 69044 60073 89598 34603 8324 65633 88141 49494 64025 71901 36600 
72731 24281 77365 30829 62014 5671 44830 26336 4375 70278 31791 48851 46065 69181 24789 65290 19820 82315 42011 35617 
50077 84805 61861 54814 46698 13679 32117 5395 44510 24737 94253 67021 7902 50855 25447 5219 5223 30558 68081 64929 
37501 95093 50466 4570 59821 3379 24988 8703 92233 98552 5398 75975 45780 78307 22736 2805 77202 25193 86668 85933 
63211 89101 82856 97408 2158 13737 93618 91920 97731 77019 80077 88009 70894 41236 52549 10253 36767 21688 51602 48919 
69539 71155 98003 45291 59899 62928 31538 10563 92124 81956 35913 46181 34976 92380 59231 15958 86141 90100 41757 13238 
6354 97473 22786 10070 19831 35626 67482 6758 96481 58378 86930 57901 47168 86364 72175 92349 67360 71455 6968 25690 
5763 607 15714 93410 15415 79836 13796 18484 82289 80315 87135 38978 38826 75104 4086 6885 41711 57586 21661 24474 
79365 45486 89619 19234 2821 89374 91657 99361 35741 40107 48055 34783 23248 64338 54192 1780 73514 18998 44392 9219 
84078 14392 97628 6429 62762 27436 68528 29048 4737 68128 61045 79949 21734 704 14435 56024 53462 81899 31847 55780 
5090 57684 74068 85998 16851 34579 32752 77335 92642 24408 52252 79234 74850 66704 72254 22720 27789 83601 12213 10895 
15511 35316 64252 78315 42476 12387 41547 64115 17457 63578 97708 26096 82534 70040 6706 99492 24134 37799 48830 23876 
46076 9812 86052 36586 79506 63582 26606 15834 65405 39452 78545 54592 33975 43739 58140 79536 26730 22795 59862 421 
50765 88753 47333 37065 55793 68389 52609 64660 66391 53256 90105 62575 62041 23249 86446 27556 66663 28783 62985 30165 
75893 53779 33304 33941 3787 27009 13009 97394 94189 46278 86830 27883 50444 4906 92718 83274 75416 76415 38994 76552 
18496 24545 48255 87687 11957 28291 62606 44837 10627 89636 10217 46393 84712 57572 9732 38138 67445 43948 64630 2754 
40070 7427 53187 15538 91773 79516 46622 25178 15478 85986 52246 99518 93819 82967 30718 65116 28647 787 7067 94207 
39053 39757 23831 97196 45512 1776 8591 56991 80735 66927 91548 54342 85062 43751 37628 30425 59653 84225 84465 10708 
65169 94294 67456 78297 31851 83830 11977 15798 31659 85235 93873 67272 91716 97674 64168 80326 36969 23331 3440 95214 
54993 51714 57042 49876 14018 36555 52945 35908 2751 80903 11881 94975 52769 35673 53936 54593 65695 41094 47643 41921 
22982 82741 25908 26621 2804 8524 26594 29707 60156 20112 902 41666 58248 30351 79403 18207 18418 33323 9057 60110 
41481 16332 98606 50951 22244 28335 33882 41966 89638 64079 36323 2749 749 55573 79007 83565 67368 55152 11831 48664 
51475 46780 73534 89406 19828 12489 18163 26592 5828 905 38366 89881 12217 27042 44981 2604 53100 56210 68306 68380 
95732 3377 84711 55030 92026 41556 70899 61323 47361 87931 70109 36395 82650 81706 28983 2420 18200 58457 64309 96354 
88788 51504 46703 75309 54471 79722 87841 8558 62422 11785 23065 66200 21319 98836 9613 69950 95333 85060 75624 42550 
70121 88328 63711 90063 68015 12182 3059 30572 10095 98606 8608 33686 11127 66867 80524 86738 93861 75700 1175 84301 
47570 63198 19133 2892 54706 25878 13613 52509 1810 77831 87133 24044 44691 75541 65518 27075 4953 20298 18665 33389 
94178 86562 62625 77112 72412 57447 3590 66226 70659 58829 49670 61437 35400 57962 81655 61777 27419 41278 38114 34831 
50472 51634 44456 42301 57099 60361 86802 15596 10755 46646 25579 16854 64689 25724 71325 51811 98069 54995 79045 20646 
50654 68303 99188 58538 74751 99646 19326 60875 48532 43365 65670 25807 62091 59008 38646 84532 56532 66454 3193 54815 
6121 41215 70891 62957 10506 13566 54009 27125 21123 53581 9658 22714 92457 30098 80121 15987 5890 88154 64740 83983 
66013 77767 21436 32064 98927 78855 35217 94866 36544 12342 26003 12135 16805 32563 1603 1801 58092 37449 23381 64856 
23106 73199 61736 26685 51035 66386 59014 18077 91932 30335 74620 79413 83609 98022 15650 73098 35683 34503 13569 63405 
80214 33853 17788 83170 13647 95043 81785 98220 19419 99116 95103 2909 21765 7002 93291 5465 83782 48796 46937 837 
35463 3331 34492 14430 50850 20415 6959 92068 56309 14870 48867 75255 49022 7697 80224 24746 54671 20811 95803 67467 
97270 90688 26780 97552 9712 91126 41506 78055 81937 64432 32239 1036 43665 74777 90643 2576 62498 20220 82448 87726 
53777 78525 46123 42395 466 88567 10587 32445 16858 68176 39158 72810 95509 50650 85289 54934 58983 12061 6228 7082 
93681 3989 12222 88294 32561 16170 10866 97562 41981 414 85453 66349 53083 52589 30207 82059 35915 20393 92706 18119 
56954 98625 95400 84799 35422 44386 89591 21225 81764 80083 36214 48849 43007 97850 84405 51852 14971 81361 7702 57428 
20800 85711 19649 1325 10279 74109 15030 77946 90680 66353 96959 4977 45863 65847 76287 87229 93121 89478 87122 83755 
30074 45455 3146 51740 7669 87755 50192 70463 41083 29501 41776 42684 53224 91688 90061 12750 75157 15394 74723 14905 
27365 21293 33866 919 96851 71705 83247 31299 75620 2944 3061 98149 62474 29377 16238 28869 3769 11244 29441 23437 
20100 67048 1108 6440 26956 92263 58158 68144 5609 76171 10086 42533 9271 18550 21960 86826 91692 44621 23834 74284 
34066 82390 47515 48219 52349 46418 21994 3443 26801 92105 87428 73962 59307 39860 9224 42863 46918 62266 33884 3189 
29575 46226 14433 79640 55330 8323 33584 69608 51929 25359 84694 69019 39990 60382 98194 56201 49736 92979 58030 68790 
28929 21830 32268 93571 86820 11743 84876 68074 88041 72285 54811 87938 61254 75307 23822 69360 45521 54793 52360 4144 
67633 13042 32555 94851 33925 76651 62739 66167 9072 51597 81189 7638 36609 9290 27367 18438 97393 55277 54914 56745 
48137 77721 91357 13028 27073 73073 4512 23835 34791 15655 22078 63880 36067 64655 36537 68966 66615 26141 5682 88658 
21795 12595 84935 50406 93582 45748 74309 25104 24963 39941 56611 282 94128 38388 90436 21379 70299 29769 35682 24759 
6581 53885 72022 69441 9156 22167 31954 85705 83023 87045 68522 42851 25729 8941 42341 92731 68564 24598 35123 24536 
428 32530 68772 82878 84002 45800 66908 49031 41025 42625 42844 46096 70069 34522 31113 28090 83455 41853 64982 9306 
12409 86868 65308 97764 32807 95427 528 52016 63954 41253 49346 99966 20069 8353 18821 90005 17342 78393 73898 71008 
2642 11657 37392 97453 72665 61946 56319 69030 41986 35125 57113 72891 41643 86299 84825 75772 9228 92355 38533 83223 
75763 96432 3931 52198 77462 63846 32162 37409 39853 40081 69607 45479 72387 30331 98593 38309 56246 29137 39006 396 
22476 16790 34362 66086 16324 25469 16969 76910 60470 19632 63140 60628 5865 41780 97958 10439 92572 96915 68373 5579 
87319 91540 11689 38584 78357 94324 83435 64219 52970 83067 98606 64731 88768 73087 41055 15424 14268 25830 88342 3312 
30913 22330 5967 16224 74164 4542 22359 66677 42152 31756 88811 46015 32261 37 88562 34078 77570 29484 14149 1687 
27442 64256 5524 64828 66456 53222 45325 93818 71144 78770 43772 20519 46146 2733 23313 6252 34388 92388 72281 99921 
73841 11400 48881 41671 96987 30678 2620 99300 39192 16176 60981 72409 31511 48982 77890 50233 92572 78086 72656 84967 
40661 30294 64011 2835 96845 87341 43327 12641 669 25984 47495 45749 35058 91678 81273 52680 31499 85780 74303 22468 
88804 54539 89142 44452 2801 27831 58852 74126 32107 96811 1159 60768 20378 98523 5013 77737 11405 16431 42900 69980 
29051 27386 39363 47452 72107 70307 57778 78427 71291 93908 89802 68490 28689 26129 60591 88009 18925 27329 92052 73012 
68129 27902 68789 91917 74236 62902 32946 94753 86251 6423 98852 51728 85444 63125 27590 25512 33211 17412 15120 18371 
92600 22694 31791 8697 10929 74762 13466 55927 79333 89659 50707 57252 61366 29517 39680 9331 82886 2324 10361 79927 
53586 34788 14907 84579 52407 75703 77010 53041 66109 76379 70230 70969 41893 95244 37725 66487 70420 91973 12442 95762 
5032 8933 18768 32649 56421 56923 1145 71823 28572 26705 35040 36489 17684 8622 87753 70751 27608 50687 6332 76508 
54790 79602 39973 60904 8911 49437 70711 26028 10680 86467 9337 8345 44199 90343 23086 35485 70929 13886 52379 98052 
7811 6153 97404 74149 69073 17961 86721 87137 45018 56112 70400 15463 91239 21101 36847 63984 22627 41262 64034 92074 
90049 60812 77252 16141 3909 74110 55473 47313 31345 12983 50781 29088 2962 9693 63632 30688 15938 26657 21240 32802 
25603 3982 52233 45389 24129 22310 31297 84698 71636 18006 43049 53291 82381 39922 92800 75509 52561 84935 45777 74497 
53858 5489 74347 6564 81604 3756 50393 60001 55600 42778 86698 88569 64244 51510 52498 10835 26451 38619 90002 23169 
15289 81548 9859 45383 65107 76799 89244 50046 24058 97553 49199 45343 23225 71493 66016 5771 57408 6302 41371 25911 
11908 56145 68502 49293 46141 43555 56157 21696 56176 34745 67307 89562 21866 24135 24473 28599 6141 80498 11649 41338 
54865 73860 76361 55882 62825 66119 72348 95223 87083 68107 44098 75916 90964 14945 29776 33007 48142 48723 31754 14987 
60191 90005 61753 72656 64879 40771 29634 5476 64657 72652 26848 26855 95865 45730 67618 639 45688 25968 72417 5072 
69245 55768 37280 31579 27116 7317 92474 24939 34352 61023 80928 13225 68674 96751 14886 69361 38595 14097 82995 1657 
31166 31010 62380 73963 70557 77646 90987 49451 67153 93840 27997 92438 79361 2310 58422 7535 17713 8969 12983 47082 
34037 43858 12301 75291 73167 37403 32116 54924 85601 13701 30349 73468 78847 42823 62418 4554 10685 64163 8670 82297 
98961 68462 99613 80355 41838 32549 22394 25419 29003 95326 91597 471 2955 53075 816 68228 57269 43783 75415 76235 
70539 19231 40131 92045 16346 15259 34842 3186 84281 61102 64591 51067 15833 80751 70400 96254 2963 93885 15508 29438 
63825 60151 25171 57359 4807 51027 31004 39778 21891 21557 78082 61493 36327 66199 52009 5532 16622 66102 77483 86712 
65916 5907 5300 18466 65661 86836 98011 27540 65344 26636 31396 48182 11327 71743 93637 4358 49145 53616 82230 30566 
14435 94811 66553 39485 71325 82968 11093 61737 82472 9288 84625 14796 61552 90444 19283 50807 52617 98468 63460 19737 
47535 23715 36321 93291 9781 97771 38400 95054 76373 63132 6131 84400 52544 67040 4271 88707 23772 61315 54070 24942 
90713 47700 5733 29338 24293 22957 14867 52727 58654 65410 96707 16091 56487 81150 87167 55656 91412 83779 15042 88783 
85714 36673 19072 71268 455 10533 58712 9570 73263 77739 7903 39698 32607 58181 84451 32152 2998 64212 73477 1883 
34464 62625 47870 61466 96038 89247 62753 65453 15983 57291 73110 31078 23762 53850 5491 48884 29073 90866 60874 48200 
25130 53547 75676 61820 59909 48593 65885 64603 14398 66259 30620 66001 72282 99847 13453 25969 39535 76781 42196 57952 
97277 63831 85859 88101 2507 30935 93217 47804 28637 14554 90551 83740 77971 98311 10663 38966 182 7097 3303 41588 
15468 74526 83531 68592 15550 62927 94719 17213 678 31042 67022 57082 69616 55507 7101 38804 64473 72121 4458 8562 
78148 76634 54077 29430 22333 46017 15356 20603 31663 20861 62697 87478 21046 32543 64367 12695 61307 91050 94970 61006 
79347 49168 36841 13467 71635 81955 15821 21116 42113 15920 40948 66732 18697 44856 60874 32417 26020 85438 53073 77113 
11314 51778 13254 83351 35185 33877 75280 15447 72459 83085 16397 21970 35238 546 18353 95434 70101 60790 50067 84534 
64318 48250 44751 52179 72692 27712 46402 65577 53170 42778 73654 26541 48926 81609 88758 24019 16875 6291 89041 49366 
36706 4620 44516 41302 55601 58341 58339 88397 52280 39548 1659 72380 16746 67598 44527 87541 50888 33014 13035 91134 
29513 39407 86955 8330 1816 662 99672 5476 5591 78328 41107 72741 81438 86296 53905 41408 66871 93384 50419 82445 
93573 85842 5396 34834 51872 19488 37031 73941 45751 58984 60393 16285 79239 85778 63909 62072 23832 65897 16152 24747 
72954 40276 55066 1945 37875 33677 93284 72029 64756 72403 16671 68299 44995 55518 21674 60757 77206 72169 81025 78550 
36984 48941 44453 20616 10641 36955 61032 53242 61911 53864 12620 85813 55944 76707 40387 83723 61205 17575 40576 20635 
26041 96896 56494 72772 33764 26858 64919 26795 6714 69840 2072 6758 94244 81114 85691 89007 43807 24763 10326 6574 
79978 69588 83250 26190 94502 90778 72263 25485 35162 13730 48195 18219 63198 30230 48147 37825 59376 77568 38906 51816 
12146 5383 82795 27501 56809 22048 35574 16323 54484 245 92196 86418 8672 36821 45982 68294 10239 40544 3299 74282 
46083 95978 85259 6754 9404 68013 52765 66074 62352 846 90932 44268 91477 46280 53137 58860 34785 12525 51637 52828 
81720 1426 52014 17320 81975 9014 66152 37530 51714 15734 73398 40304 19680 30080 80901 29005 62456 45377 73655 47726 
77609 37288 26797 95312 48121 63931 90443 4194 98132 44039 55261 61796 27343 82702 99712 70317 37481 72528 68635 29526 
72552 13045 24529 6875 22056 58882 29299 90876 56487 25360 66754 89179 87455 88917 39416 46171 60311 18786 81716 2470 
52004 43436 14125 66550 46167 34307 12574 49002 44026 8386 45261 8875 84394 78874 27171 98471 50405 88122 6664 94798 
54746 99862 19858 12182 94428 68172 52149 82134 28640 62359 71340 13028 48623 21153 4755 96235 74115 82549 34539 27812 
87723 8446 23792 57014 18347 23597 98169 46078 4033 12257 98640 75237 83659 6899 18228 5968 31582 45121 62288 22510 
70716 78950 33161 41510 85450 54579 48430 47951 993 60981 94798 54901 66227 1420 48257 24656 50387 30257 5896 37555 
26380 3131 17926 26962 1441 27846 32880 71683 54797 78317 34481 50711 72252 84690 3680 213 29019 70226 43281 34158 
92054 84080 68970 80251 87507 81999 29099 84668 21781 45652 42509 65329 81264 54731 29712 46310 5372 44433 3499 8905 
23831 81707 61701 53773 23088 66307 36997 20490 84654 87983 67141 46432 40718 5353 8291 99683 1181 87656 20786 27327 
99126 65842 56534 67334 122 50360 18622 32605 38404 67478 95367 7966 51923 50839 8761 23736 44868 12423 12603 88695 
43124 2014 52229 91024 97055 77938 92243 99763 1757 54215 17920 29064 40270 68842 79503 8359 74372 10245 63488 10831 
34438 1033 42634 70868 19793 22516 36856 35863 92775 87174 62327 71997 13641 58946 68423 43368 76109 86155 57441 53820 
45735 67785 51839 79673 26804 76940 61627 41148 70039 37207 2314 65771 98151 75651 57784 161 44712 9828 64555 96964 
11101 69410 74465 2975 28571 61826 2709 33967 41991 57817 98675 94508 70190 95451 59657 29088 88965 52732 90642 78331 
98388 45384 18555 48688 12616 41407 83968 92106 76140 43675 18091 59707 62879 9882 6195 94501 50560 95733 36350 80182 
60944 42276 62295 88784 73901 52787 99869 57429 70139 40867 17081 73691 87092 84402 17593 6359 57133 21797 48740 59940 
86870 51849 80276 69195 75506 80950 21879 10786 37920 6104 2137 25041 51905 60960 98267 27273 86492 47506 56475 26763 
2495 16548 89684 52082 15650 33121 75817 44821 15020 86941 95891 85782 50312 95907 82608 40320 73922 14707 4428 44399 
98932 44807 68942 54576 46492 34522 91093 51246 75762 32964 87079 80499 90024 14966 10704 32592 91789 53612 63821 80240 
64656 98531 37368 5267 13273 56467 17767 37814 40653 63219 52117 65508 58332 60661 41561 54340 84300 20298 11574 69640 
43036 29560 21660 75799 67489 34881 47443 65142 16446 76883 58300 97548 87452 3668 13306 29055 81843 65435 8771 3158 
76870 82367 37598 44919 80537 55097 36543 52726 39366 88561 36585 2833 8007 42503 7942 36662 34199 7041 31073 98156 
14104 11014 14576 82725 96889 70864 63869 26650 51461 35350 36340 22036 3804 75641 90188 30233 61576 68794 62464 52151 
46723 84728 76189 40803 41152 82690 80475 29163 42359 36762 33426 8366 40827 29732 87386 30240 33187 15362 98339 93182 
12271 62607 9449 9050 38223 37200 75568 57944 26454 837 89643 38778 11437 92543 68778 1077 88270 21774 27612 81701 
54606 76116 55422 75165 41554 48170 55350 67604 79039 66635 70804 5443 87790 87369 83221 89529 21732 3566 52677 64760 
30446 53642 35186 39689 39455 18424 45729 3685 91271 4271 17430 65239 4819 81155 71715 79257 52503 76474 39788 71177 
92274 22591 7004 87862 84069 78665 55225 31196 61965 93720 87581 50950 3641 23872 23989 58569 40080 82008 53211 32423 
14574 39936 48486 18547 25495 23088 97858 8049 12381 38850 27214 12573 8288 35079 62117 49013 61313 40955 11718 24227 
51954 93038 93221 53780 64203 59563 5503 10162 1561 11773 40896 23979 92105 64030 35184 19962 43197 49287 75859 98814 
5234 81318 37479 69353 72886 71241 67530 98083 53813 91972 63168 62495 1385 79568 93546 62105 99231 36283 57329 33243 
49173 57725 10438 72958 4241 10060 77532 79800 64901 71273 68770 99439 90369 4476 95601 66312 7051 41377 68125 26652 
85376 40284 29717 46215 21683 26732 21774 76267 11724 10364 6748 75381 25108 63075 79550 21696 88848 56047 43773 6240 
21556 2536 62802 18285 61289 28027 73583 81063 75180 2661 40284 35204 60029 31530 78099 12764 60809 50983 56519 22633 
75589 93783 63432 7545 4777 26027 78877 30778 82251 34566 34803 131 86452 12483 91958 42929 16068 2039 73753 44998 
76988 18493 73448 11485 34747 45685 73282 86279 27106 76331 5522 2569 94562 30460 72690 37461 56655 58387 21018 61295 
94304 94586 26244 77174 15577 92371 29738 18422 48476 74320 82081 30280 64607 4577 29790 29234 80927 14291 78958 58024 
65470 35980 13771 79959 15270 18555 66433 98873 38533 96439 43193 10842 37749 86642 65337 29893 76278 59106 30345 24029 
34440 7141 87373 96995 21184 19767 48311 60948 63095 86123 48405 85568 71252 98684 70538 57070 98134 34185 69875 17834 
15588 8661 78576 9966 53827 99806 96805 3519 8763 62794 99116 33827 50137 47458 83923 75025 78161 16674 35313 11001 
33333 64107 91161 44446 56496 53934 76006 24202 4552 14605 32911 90129 60939 31357 63461 74945 81327 48949 30058 38606 
38085 56481 74631 59678 66298 59963 2206 19581 18385 88357 85816 38471 94242 66347 488 14720 5218 32739 33782 59840 
25864 29349 17245 49175 4970 87640 94835 58855 59709 86844 11018 27563 70279 29208 15713 83298 68916 16245 98692 87959 
80086 50417 45259 11171 23688 7085 99713 6557 78393 27678 65170 93714 71643 48650 83834 34212 67148 85639 75071 29401 
83923 66559 35282 73136 38972 41712 86611 16780 31820 65909 46733 3425 35817 16573 13026 76356 46375 77421 46738 31566 
86262 48539 11503 69075 94516 99814 84782 8527 85307 10937 33999 50253 60690 93481 65907 12110 84852 98464 47081 90047 
31743 44669 62237 78184 58773 87899 45811 73504 78060 8149 30469 40109 94247 36794 44758 94832 90442 83066 42069 67092 
67852 87362 48970 37841 27357 38486 16885 54443 61245 621 81089 82826 74819 86148 33011 7358 37124 70757 8027 28544 
5708 45825 41513 28726 50113 91322 93187 80804 84189 26643 46824 5110 65175 18508 53142 5563 45256 89447 54718 11961 
86047 30108 87358 16177 14268 32814 4637 65105 53987 84053 5976 98437 37712 97479 94340 13529 66466 20348 75228 27631 
63312 50048 53685 29896 1813 21983 57880 64332 47366 66494 90023 29014 92802 44161 38110 91159 44296 80207 59149 6969 
26276 33004 44702 26750 92636 12895 64163 73710 150 48121 45830 88926 89088 90909 36142 17571 81736 9163 98575 56618 
30929 86478 49415 78338 17255 49706 37487 76161 74313 88106 74581 58269 9200 58759 82093 36124 44551 38159 48328 9709 
27423 88230 2353 9817 53316 66952 12625 75256 11323 92883 70231 9000 69139 53366 26561 10185 45244 61242 5096 36160 
25449 30212 63847 13955 35287 19304 40877 77804 93435 66326 91108 25424 10805 47310 67673 40355 36444 25930 66171 88533 
11572 29770 59519 7344 5615 38269 35229 64058 58225 78996 91433 29353 58701 97310 24061 73184 92086 92318 71789 61111 
81260 72840 11264 19850 4760 68455 30247 47034 25033 79357 77887 9608 72335 1384 96161 3975 54477 55844 46747 22828 
2314 85794 88857 53959 1014 25439 8654 82757 50511 38871 45056 37384 6213 37210 90422 43191 85646 7592 61385 90928 
44018 13327 40519 44236 6644 67825 9046 20516 34498 46406 62057 80780 30621 4642 36612 62397 29971 66694 63848 17893 
53581 86470 84798 36886 36524 8988 66802 13723 98768 46980 40796 76979 83533 31846 56239 79324 1008 24921 39496 93582 
68425 3115 5997 51416 69090 45464 75325 55215 64661 31114 63592 58382 69280 45983 29136 14102 17177 62629 35864 96512 
29697 92972 45842 53811 80968 66361 81938 20177 60557 69122 99704 97023 32474 67053 47932 13535 79988 66445 92930 61509 
4290 14246 30576 53369 41645 90959 44089 19041 78866 83161 72399 5045 953 10881 86908 30360 94977 4334 34392 33224 
28415 90304 85707 50497 95338 18666 28517 2312 38026 97594 30934 1705 37765 79711 96153 41090 81631 41267 81874 25633 
77653 2916 83857 5170 87304 6314 19959 35188 96887 70544 62055 98357 13424 99237 86846 20674 91268 96670 74987 33404 
1525 5862 46916 63797 98391 89613 95033 59862 4890 46940 98637 26561 88173 55602 20368 14991 89029 81419 16075 8708 
70157 3062 81944 26322 13817 58628 22795 84423 74423 18545 87353 72064 71854 57696 26474 70192 27378 6049 88013 13996 
71506 16795 94863 82574 11451 21851 94255 31396 85980 61933 70345 13752 86797 84589 20987 64001 38366 94901 79689 30721 
31642 23265 86181 78345 64012 85316 59670 36289 95953 73060 52085 17510 99599 68978 66509 51718 11922 40822 2298 79528 
65697 88308 83836 14251 54009 52359 17241 51252 36979 67466 35993 91941 36034 91269 82575 40771 35919 80001 69548 57485 
36256 85771 92939 3624 29576 53248 567 10 60804 35010 62754 99742 54048 99356 79697 23575 51269 63417 30776 76511 
1800 29607 84869 59929 99435 91892 23221 88707 80143 94756 80780 33991 3897 88672 8744 28136 24442 81715 32640 281 
41277 57632 25527 70977 84721 71702 70600 45329 64588 16724 63147 10915 4714 22503 73224 20612 27856 89341 28069 82332 
25647 54843 62138 53662 89742 36740 98070 49468 34214 6959 75911 90728 86981 72353 10582 33812 82097 11348 87275 48592 
57296 90189 21739 16835 29717 9554 75101 62525 24503 65255 32642 16532 75019 75093 63005 72178 60725 34396 2566 26925 
58580 46437 33872 8149 57959 44716 84305 36429 20806 63197 39678 19527 64972 61501 95303 94492 39062 57338 57396 12103 
47073 26767 22986 53695 67803 95947 10229 2562 76878 64258 23779 33457 60187 51649 49220 80907 98625 68526 23642 7235 
36495 13125 44482 12210 40362 16921 98724 54289 63850 70338 63823 72493 85673 55506 21331 67810 98442 93677 20761 77702 
86060 91120 88205 48801 40949 15349 36510 47860 71001 25668 20835 36916 51098 5421 71716 51491 95495