73802 52497 90687 5155 5559 41017 68082 3268 31995 52905 18922 63720 75522 87090 73747 33594 81647 61645 77673 50933 
46371 36658 37062 82207 73650 84131 16069 22368 5117 54050 72095 64933 26830 88416 84356 30320 74742 31245 45661 86169 
64783 49485 28334 10159 97782 87346 89265 35972 96818 13090 3106 89375 66428 29148 59465 53674 3437 40536 65534 32026 
54942 36303 74026 17887 32536 70759 50572 63671 8009 2991 39124 45214 69127 59384 69131 68572 58352 80589 48205 27555 
16288 36795 27990 4553 47273 95245 98116 95885 13793 2928 42841 49656 59770 87753 39307 59260 505 90601 61147 32456 
20522 37860 37370 85701 4081 54542 66213 44896 32376 10412 44055 57973 31536 32279 26167 12267 83592 89963 10074 47204 
24718 47098 39907 50536 14556 26231 15264 57036 42097 92000 38511 68180 81885 59472 48578 1173 10487 24221 43915 65971 
59159 81568 46513 52073 30269 64730 4609 58890 41678 40163 75630 95046 93759 26992 69846 67467 52996 4 8092 81135 
78474 76426 58096 77755 65179 85081 87307 63337 942 18388 85682 55140 39488 80305 96330 11385 15277 99359 84190 94636 
2207 602 63564 86195 91990 46825 86968 52274 78553 78722 89097 82106 55880 61997 3966 16436 87775 59269 57444 77312 
26094 5662 62169 96327 88597 12168 43748 13684 9553 45268 96648 68056 62941 27618 6505 54534 32730 2412 27269 34786 
89729 97798 56156 14760 31414 33867 14021 55779 12834 46481 94677 36333 5287 82128 61460 12437 197 42270 50780 85218 
57016 42506 50139 75891 92015 82831 76999 54207 97550 85011 16593 50810 35852 49069 2840 32210 28221 11603 182 91203 
56069 81270 66992 44412 95702 89475 14666 13511 66144 15187 77527 44089 22983 58635 111 20672 62896 3164 38455 10176 
36749 38284 50561 72811 67096 65327 85799 49187 7268 32045 25559 17619 64060 1735 26441 76265 41940 94883 7554 13123 
61097 63855 18856 56733 1111 25873 26594 91074 15577 90024 72470 1181 4954 18206 80016 80018 88060 97208 8052 21840 
48972 13959 67457 85104 97833 91996 51537 64757 10195 12407 1027 90189 4542 98093 87293 87286 47047 66021 3324 71753 
2046 26964 27101 57481 98142 81763 16933 69053 83844 73084 27527 39883 13586 49031 21266 33508 39297 91735 30048 17376 
16332 29582 40256 2929 12161 33426 73223 62661 29410 55955 59819 13768 68860 27373 22400 90995 60996 86825 45829 44433 
33604 2627 57133 56939 73611 61169 22397 17971 65124 44367 21553 57593 41164 64662 80914 26506 2829 75195 21753 41385 
45316 13510 75716 96659 21388 13277 85146 67187 9176 12578 33921 33502 74856 12063 36170 8891 14102 43468 1244 29468 
92171 23152 19962 95257 10087 93858 44500 4977 16681 51208 29924 60310 28884 18291 78929 40225 79077 10664 3012 71522 
21917 77644 65888 70365 28297 9615 98508 70440 51078 14774 37072 3649 79479 55477 49710 46229 75990 30954 52943 62157 
2302 29267 33612 63355 86460 36768 86944 56679 74554 86802 61862 77226 38663 13961 20448 93384 86873 9604 85131 99653 
82609 13475 80154 76016 1825 54659 70174 59311 90859 79531 40986 15914 17598 7579 60885 78556 24817 17534 78877 76838 
27658 68867 72891 75016 9954 40983 68924 46896 14040 35426 88666 82906 98452 37862 83697 74084 77231 85137 16375 3282 
53716 48425 74805 2684 8027 49591 31568 17573 30428 33882 99819 43636 92893 53250 36827 88048 79306 57804 2129 20842 
95411 94676 82724 94770 54966 48046 95761 31540 68634 59531 34426 7310 1169 77638 83631 64989 63316 56505 55861 85691 
17363 80456 66362 66217 65705 47489 57536 10998 8462 46465 71011 35042 23946 33132 69736 17848 97701 90110 69219 90690 
90822 58217 28915 4522 44712 54435 24565 458 27189 22049 81785 87310 39733 3745 20509 65681 51317 38085 92681 74808 
93215 57979 61242 58785 87218 20461 129 91053 579 68336 96505 99931 24140 53814 18510 53299 15428 10312 46908 76493 
82955 24920 28195 33678 45816 40576 84764 57067 68045 42254 45536 8598 87376 69101 13750 2013 66486 82185 61302 44766 
39271 15320 24568 61704 63032 74277 98285 32155 31103 75568 76213 63366 83865 868 53155 40891 34535 36512 25163 22990 
61857 36873 64285 89430 76874 69 49639 52698 70450 22909 89241 86198 18982 10158 18966 53731 20030 65679 93749 17571 
95080 63418 51768 24707 29757 55072 72645 70565 80598 61394 55930 99169 93253 20052 68991 2700 91591 76145 92341 61457 
23865 44529 20373 87716 98618 18865 8161 84636 99814 23170 27240 94969 66217 95642 92056 39918 77598 54152 49854 49919 
72839 56103 76418 24647 59721 98591 42573 52569 51211 12291 7640 48011 12566 23088 19974 33613 18048 72010 41739 74158 
20460 94668 27336 90460 63212 25161 161 40908 920 44997 37432 29302 45580 49489 98369 6516 30962 35020 30771 83020 
73167 6436 502 90113 32048 61903 26462 99438 62187 86306 50581 19057 50831 14891 28882 38363 75229 11013 91524 48164 
53598 53225 87693 62177 36672 82185 56761 8901 27944 82715 81753 24596 44173 39790 21504 26043 70722 32920 4855 11483 
90353 15167 96589 81001 59949 25616 75607 64262 6895 1128 42918 96792 98604 8461 15778 44287 27681 11447 48812 21216 
55156 80576 37765 86997 10797 1822 51810 10015 83256 5208 34816 76673 48514 40610 64817 24924 31198 74963 37700 71229 
32222 18811 39440 81014 27618 38385 33405 50934 56845 90289 29602 2008 38879 84482 96419 79950 63194 71003 11232 45933 
47269 23843 40457 95212 49437 56287 53413 90244 77657 5509 83283 90286 80269 94849 69693 69522 69977 49146 22078 46920 
54612 84578 635 21185 67342 23101 64451 42128 35266 55413 69179 49710 37081 65077 81707 65372 76157 43177 22042 77321 
8761 43190 43109 82722 67570 3321 56778 87973 16813 39340 49923 43283 65426 67046 3724 96534 36890 25682 35054 71379 
84507 80861 43477 25152 2545 1450 76551 22352 23773 36412 49011 88530 8974 1965 96967 6655 75781 67392 72723 94072 
61496 24708 65823 64540 350 87093 32157 63835 78318 49858 14612 52123 17837 36259 99463 33193 18860 83630 93101 69269 
53710 95616 82066 11520 70404 13623 82892 62402 13907 93140 2187 62859 30919 34214 91092 14017 92033 28354 49794 3451 
59626 46216 86495 21904 5389 77372 50435 23386 27979 80890 64283 69179 24116 31175 40956 8394 61762 11183 92863 88613 
85326 62507 78733 21530 27860 3362 96699 84902 4848 69043 87011 62682 33743 44618 2520 83801 78102 93050 96199 96568 
10562 38304 45387 37489 81437 20544 97583 44468 51284 50915 96951 10262 68950 78641 16458 97065 20720 1073 53685 82874 
9566 78737 33714 85884 13971 90762 71041 9282 2396 86783 87318 5442 27794 92599 94245 60188 19861 77859 80933 60774 
76846 47512 48311 66971 89097 8169 19423 2527 66069 45549 58277 59230 61886 17937 9186 89075 78298 42321 86176 59983 
52149 61178 16594 59374 80258 4702 56434 52901 7583 94466 27021 75281 21357 12671 87052 25786 37334 86739 94692 20090 
2920 59327 78864 1676 72453 11907 15534 55766 55368 80112 2351 89049 41646 93414 20159 94050 74507 26615 24425 89231 
48347 65373 75342 90019 86654 20307 14082 76903 9977 24109 70118 38807 44595 42904 91167 24744 56395 40760 43620 15110 
23208 11442 90445 88353 7149 73176 59712 21022 41909 9326 39577 88633 23272 86608 72497 13461 45702 96904 90798 369 
84089 32056 64458 35201 1875 25374 83966 44837 58255 1213 415 38668 43547 66753 36605 72243 65528 58526 63068 63845 
94755 7218 14152 70968 24918 54578 87121 13142 93315 78941 3514 4865 71307 30105 51342 86868 82015 68848 4314 76631 
96878 62852 88847 73404 92793 64089 84867 98905 54099 45567 32368 76697 67239 99173 25764 30133 14685 9401 94168 48319 
88648 44155 72454 48329 34519 33634 13409 28880 54249 87713 22016 41065 85691 93459 82098 77208 66419 64253 692 41719 
98860 15591 48427 49609 58499 30508 94005 68747 94180 39789 5697 19399 96213 9872 58069 30653 33669 33288 98555 64967 
4650 35157 22716 32518 21639 92321 90846 93267 9598 82931 62225 30856 66525 71690 18398 82697 87479 36416 99939 84503 
89050 74940 8849 70444 56495 80827 90188 81720 34415 59368 22867 37563 57477 80188 68950 70609 25160 43917 11473 75647 
64710 55658 37252 74430 4513 93279 33056 84821 82457 70129 30835 41926 71142 97569 28588 38012 14650 74922 5377 8019 
8089 94484 32637 25681 96729 49295 89806 319 48820 25659 40259 53732 61172 86727 60919 98574 64754 26158 26954 65598 
11968 63881 2964 60596 93118 16971 70673 47859 32728 1085 31457 48082 5375 759 77828 77313 94646 36882 76377 76743 
36984 3413 46800 23522 97816 7883 63947 2302 55871 68775 99506 40979 36910 97240 7035 40053 99222 54976 62444 22752 
8660 63770 45024 73027 23907 19642 9411 56167 75626 77724 94950 98148 78497 54116 35156 64307 78449 64006 74624 23040 
38751 40079 65901 56517 25780 30810 36917 85103 72853 13662 38611 2935 51823 92579 73513 9387 36097 72785 69464 25553 
62737 50369 27724 83234 61707 97905 4663 33509 2133 8590 60455 38657 26144 35340 79820 35074 7186 90371 62730 19103 
35950 20750 87037 61619 81455 38976 48542 69242 73065 84226 23824 81807 35292 58665 96055 39759 9016 395 71507 73426 
20131 83152 30093 80183 76951 36596 10322 69177 98970 62461 11579 24602 85172 54158 15180 70938 65551 60302 87695 89135 
68789 44085 60561 73570 4247 41600 73393 85605 89428 19685 89968 96135 36693 87313 23620 21468 29754 97580 14876 37813 
31550 26916 95261 93701 4234 8995 73916 41205 9584 57390 3238 76301 60370 80076 52727 86692 90409 72154 29452 74692 
59315 58726 61381 18117 84781 68034 17039 25599 95836 23720 44838 40913 28762 43923 80823 21855 13058 5911 42447 8022 
85693 10357 93201 41948 48507 57050 5631 25855 66523 62723 4504 13169 94668 2845 15817 48724 48235 86034 47706 46529 
77944 59218 33589 60881 42469 34945 97248 95316 57847 77098 19303 65726 11691 84082 54155 63579 27565 8710 1010 34871 
2198 21718 98812 42622 78516 11346 81470 39199 48015 90496 7895 98321 10721 50086 25373 52694 44676 58628 20183 48955 
59706 85375 36598 53912 81431 42732 54641 58718 38039 75618 25700 43258 26628 76319 56974 27032 74611 45558 78072 36861 
10096 95309 45837 3969 2550 35980 92023 23209 86897 53608 46725 31222 66382 29198 69496 49859 9755 44842 54623 14630 
48159 34931 88957 21927 15855 35512 91762 93279 99332 61830 84541 99854 46130 77070 7907 76618 61211 91048 14727 28174 
17014 65430 56505 74702 43408 21192 15032 24899 28807 25708 45155 42935 25292 74268 70370 40807 8734 59740 16339 75389 
77238 65322 68484 27901 94033 96364 53091 66855 45321 36622 37603 69321 74275 53857 27601 49438 98359 87807 47017 95821 
69368 95543 52793 11940 58230 22076 56417 65135 28299 41255 51194 98853 5710 82659 65572 18435 82203 94718 81638 77641 
75235 35523 26739 22630 6550 30365 52256 73185 36264 55985 10716 67170 63547 49298 58971 44311 44913 68220 10218 34992 
88774 55870 66406 84783 94996 41467 18172 896 53665 77004 76420 85752 58853 71690 63224 53211 14429 29946 77829 28763 
85955 1397 44930 41635 89459 57035 59798 41151 68871 57156 16460 61773 59306 11937 22978 78035 76886 6594 17770 31611 
76017 15601 31535 55186 74288 27516 17293 26133 4105 48311 66260 11382 41470 64978 81666 94369 75079 28128 19075 20115 
27627 82204 94735 83544 29424 84202 25160 46489 13152 88002 66196 93816 24782 18276 4472 57102 29605 89980 91682 63429 
96657 64715 62691 61334 3979 22770 35389 31477 35827 53417 94330 96031 65903 90225 4128 48204 74698 96191 82694 28643 
13064 91857 29790 96078 90392 93467 95963 30408 57691 73185 59569 48363 458 30173 6927 75347 36147 13214 69869 23321 
28278 85962 85653 97271 42085 11741 37976 17716 18467 33552 35365 3654 72382 16342 85410 62383 18137 3635 39911 86709 
85582 4905 60864 51523 10008 76518 18850 76358 3526 74688 92422 59811 15872 26718 54931 75956 66887 28435 74641 13615 
88562 70729 76606 96233 24049 31105 86324 44966 87840 62111 21023 96340 38916 89108 79610 15042 54394 69109 99720 64545 
31023 32232 39238 91379 75092 92283 5713 16079 99631 87800 18459 34890 34864 17703 9832 3972 59067 87938 19958 93596 
99531 36698 13366 64846 47816 99874 52754 99081 29124 53428 72194 26791 70723 18884 72007 32380 89297 19733 46958 97628 
51925 57806 69759 90186 17523 77466 44272 73018 59052 50316 20748 58471 50157 18512 62722 55337 23100 99993 87013 8181 
20659 20980 95818 86958 20007 70537 81720 98875 45193 75289 90439 85586 89408 42190 98514 51075 91232 37036 88315 69214 
50284 45914 15265 36090 51516 8451 73792 36486 47404 12692 96226 79874 817 93424 86009 6341 91470 17577 28119 81871 
38705 73093 48137 10156 76103 30531 60559 11393 38400 93560 77122 62358 91185 59714 33326 89169 66169 36288 30313 54685 
50115 58471 92888 69253 62580 39487 32851 8850 81821 87886 59367 95390 40002 65218 33722 34038 54657 41137 79610 13727 
44493 3081 51689 78999 73016 87915 89214 69094 22404 43483 95686 56187 94602 20730 2783 68845 87946 58811 23399 7665 
30412 95737 21277 46513 24877 12229 4444 51345 82686 80010 7058 71094 38349 13093 58674 57461 89233 59394 15378 1559 
20234 47311 81724 79483 27519 11720 20323 46176 46313 25535 63781 32271 25445 1630 79365 28945 16597 65392 20607 33162 
80639 8725 1492 69255 34223 17758 36900 95758 42396 15358 55401 74741 43399 49583 532 65064 51286 56413 38278 97519 
87089 34019 15680 43500 88937 9332 57425 65522 72361 2496 15876 56035 95343 77070 69899 99440 27949 72560 5507 50430 
8882 21337 71607 14990 73254 21464 71029 70636 93841 25387 29093 27580 49342 17798 10887 251 47189 85135 5017 74223 
75001 50969 52566 90583 15501 2423 31205 60835 83947 55977 30925 68715 27664 23882 74106 2902 59989 46363 95105 28067 
68969 36949 14076 96688 3510 73280 53264 73776 77406 63040 604 4875 85399 15911 60804 94779 51563 13906 76713 42174 
8962 90584 76390 93368 22541 63947 13188 1248 57906 65871 39744 21871 31310 32604 70684 7391 10160 62313 74436 67562 
55911 58679 37509 15453 86654 81944 87019 45618 91902 5441 4181 37874 21877 24653 16795 27773 59320 48470 95755 36761 
80182 94645 37475 28559 19304 35253 78993 55949 99917 2993 49932 95656 42066 33926 42922 81235 13309 30841 1963 37625 
88137 29226 75762 78504 7631 97535 57818 73719 39040 40804 313 7261 4226 76172 57565 7083 98059 2471 68435 1494 
67850 20643 58192 1791 63792 56789 57984 54423 61479 97773 55880 79312 76344 84649 57833 47088 78086 14226 12132 53794 
74860 84991 5148 88723 61317 31815 30754 12336 74052 54247 90247 73131 2503 13973 26980 15221 68368 60673 23965 56632 
32710 43313 93207 10396 30005 61095 73826 58443 84396 81990 39449 19939 53669 46287 39404 59428 76804 15532 6918 57125 
23244 82341 41482 19057 80683 70561 82216 33880 4815 88061 2563 48793 58756 99289 87469 52179 59719 62713 65902 2 
20238 40067 8435 68351 46153 39446 96023 97087 40699 45780 82360 37636 28850 4518 87783 44916 69938 43589 32921 92944 
14617 71392 94030 82611 60079 33001 13965 54343 20309 89686 93974 38289 889 78394 19853 21411 74626 46287 45878 93064 
44916 59187 68271 4765 56859 70423 53807 21143 10267 20954 39456 1153 91841 33570 48991 53801 60920 47456 29177 85766 
64687 96234 40963 81648 22287 11598 40696 72930 56267 7553 59836 15211 2195 14451 17973 63727 16877 7094 20662 36485 
65708 74756 61333 8624 22033 66113 15921 50349 13753 21712 47521 32 53809 72526 82362 86883 71608 79818 13036 27367 
15002 17522 72450 12162 39949 80181 84456 43873 9413 67427 31445 74435 44270 19245 66596 7203 6609 99961 33608 2544 
77694 3322 65261 17998 15996 65494 75513 73485 79992 66970 71254 42806 82268 92916 40108 66228 27081 37742 34073 7654 
98922 80458 52472 38446 47319 86988 9903 89267 28180 78292 7970 28055 95413 92200 95255 33742 48881 93982 24052 3475 
99824 70192 98761 49200 15103 71517 65156 25578 16181 14135 4028 81110 57186 42420 18272 30061 38611 59560 80432 96017 
87903 86766 71696 78761 75326 95697 32763 40182 30261 83677 37736 82327 61997 221 90499 37772 92271 79861 65782 36341 
53898 45970 29492 12613 97267 98750 70104 56694 69734 72996 21104 67273 83766 85779 66054 55664 7506 66865 48180 88955 
25507 42459 16113 90288 73817 57281 46671 87862 52045 35863 98397 56 79729 73465 1029 50552 26471 26425 99955 30144 
84760 21231 17624 78152 50027 21887 29881 79501 11809 65223 32566 96915 3883 6837 5853 94348 56448 51389 18335 37964 
8026 7038 25776 74108 46911 49459 16003 49257 41194 58569 6776 51731 19133 23437 96674 77229 10636 30368 24212 51142 
17126 84616 97061 32971 21839 42283 41479 4081 96050 46868 97705 32042 55331 87561 99871 16626 4765 94535 49427 96470 
16432 85027 77337 44673 80392 32401 53474 87258 55974 70874 26264 81179 99813 3583 76404 29820 58269 98555 84105 21611 
64020 26933 49450 85683 33050 22662 92994 66123 89665 53679 67482 66463 7605 95218 57553 57006 96139 61126 80249 69536 
11841 97683 7761 47135 42359 94568 70244 13837 14136 61981 21836 84149 48314 44649 46262 16661 98842 24922 3229 89935 
80068 47747 73964 70340 65749 70001 97140 36093 92564 4401 83625 88654 77858 79143 85219 57677 83856 77359 66821 70731 
12753 33158 16880 76302 78228 83102 23688 79263 73255 51362 94752 78261 19736 77767 23747 83296 73269 4938 9098 76277 
80655 29904 54230 27415 22885 40849 51955 30979 58098 42250 1825 15875 91383 15080 49528 97142 684 37152 50092 52131 
9674 83303 41923 82686 7632 37527 93515 55581 6551 96061 56431 86830 21635 75132 87408 53445 12033 14951 19903 66607 
20854 84833 26586 3022 69156 91474 73621 34854 96070 4405 40235 19018 44865 80510 67873 75925 4691 38576 22125 49118 
21742 92245 10637 33037 10971 76035 4817 60318 90702 94080 21397 61124 40449 18744 49266 75520 55002 37304 20217 33979 
48189 62548 83987 13930 53395 51578 35550 93890 55966 8277 92153 22610 62159 37048 77886 21928 19869 12355 91941 98193 
24538 88788 91196 60684 53157 89204 58428 26324 80584 84267 58812 18931 29419 42415 83428 45685 1788 9471 22378 72025 
7921 24629 8025 28815 42793 74548 72621 98967 90558 3373 22997 65496 82959 13960 48923 404 41461 64492 81776 92281 
75866 4971 71537 23588 99548 60478 53794 89482 87436 81130 74357 90911 14128 99795 28808 84665 94269 47243 7528 92005 
13402 1644 39590 3595 94681 92219 10427 53765 44532 66043 43360 70672 18375 27764 11884 90638 84584 49667 43671 68754 
12439 15709 3317 64840 9161 86913 70631 67034 81279 71447 68771 12270 98246 37150 14142 90332 57676 24114 99579 3992 
75477 831 91184 2631 25099 32418 84663 74377 31446 98305 32508 77074 15264 33412 25803 66621 62631 59970 15072 19165 
31786 37341 69760 40452 62799 78146 34469 85250 5052 99672 53744 65920 84289 94548 82813 94922 31554 49499 50910 40237 
80437 63032 12170 71215 66896 10775 9891 92732 12287 19564 11523 31454 92006 16092 41489 61561 15251 85888 19224 49335 
92751 1059 13629 67658 14084 40544 60108 32922 24350 8001 54048 67756 10976 89850 81024 61213 57396 44371 87978 16021 
99008 31289 96383 32883 13886 40325 74459 55310 29590 75192 92298 29934 91860 73580 95929 31428 92174 36087 14561 31988 
23120 19259 92718 36797 21232 6531 32930 71591 49594 75323 64029 54402 48228 68278 35803 45944 84471 78176 10637 86592 
52962 9306 90711 93215 75795 74301 77284 11598 65731 61344 68704 80008 69848 98261 20088 68523 91864 90554 88344 42634 
74466 92227 38112 62309 50668 94622 6999 911 85140 94185 487 2768 67916 46706 53192 48764 14706 62043 82809 12760 
91412 5237 85950 29208 13637 48196 73758 60479 45831 67964 66397 21942 39742 46192 36245 29903 89494 31210 89633 89256 
81858 28114 58732 17577 11044 38287 58345 94789 37785 43281 23738 73266 63934 98818 56081 33075 65069 66315 69943 14262 
30162 98618 88217 47347 20636 92985 71009 13279 55900 24628 84885 87270 45319 49741 47352 26213 22145 22561 51748 20217 
40630 83749 93557 28795 44685 82023 52209 65114 24261 15641 3919 46437 69424 32813 59071 36198 1627 95987 45306 34601 
70700 84989 95920 97103 23821 4607 46461 82661 87622 11694 25260 24797 11819 59863 21513 81839 42770 2304 20322 61009 
51543 42326 52585 16373 52017 54280 92602 98609 97759 10170 24719 94127 72596 64645 71245 41919 89090 73584 38928 21690 
913 75547 98745 60891 42366 56721 46792 10755 58263 87083 67285 18262 98370 96696 7610 10371 39495 5437 3018 97515 
29593 62108 63868 95616 85496 92365 33812 67593 43087 36866 55923 53974 92822 13942 51372 79770 86983 38537 55284 36061 
15725 31969 97505 65310 7807 24286 35062 7513 60001 61181 1561 57047 88561 84037 77018 86244 76862 51000 40408 87665 
86903 38294 65774 5860 78871 18681 6660 99621 2589 54769 18317 12815 49063 38477 40209 4226 37420 22742 92574 50474 
70813 98413 47439 79872 69433 84388 14010 23387 11202 21477 70261 56563 37155 29776 58970 97061 52209 18559 67094 78047 
60361 94344 10080 45012 84893 45765 57587 47238 76091 68701 35159 11545 21097 78900 92168 75034 93200 96737 15648 91115 
2832 18981 22198 13049 17946 16025 36032 22547 66593 43708 78121 68452 94580 13398 27001 61298 55527 33595 92224 13347 
31925 50985 38144 1450 32474 98288 2739 59552 70108 89549 52663 8344 15100 22418 5809 14103 13809 41567 69795 99331 
78382 70321 52606 56571 57214 59816 83207 74858 61772 5856 90178 80948 92360 95510 73518 8584 17605 75408 99916 92243 
31364 5654 14574 73230 48016 33900 49415 52512 19949 64597 59694 41788 92109 60357 317 56542 52767 57794 86210 20721 
49245 23562 57716 65329 52745 7365 6016 8000 89637 72532 45368 94784 98399 59920 11701 85726 58853 66721 77685 24455 
93910 13534 68711 26224 40704 70764 69174 22339 5817 67470 86053 9842 34511 18409 53239 87381 30601 47675 99572 62992 
1418 1996 73932 83273 72087 55760 86625 57688 44201 52487 84341 96890 28877 89994 79287 48766 77551 65932 2379 70045 
35783 39809 31649 1034 74306 77549 23742 42855 24016 49352 21767 34264 59478 79863 90798 43965 46061 24648 76631 63334 
8912 52394 47542 60145 77117 54449 58861 18572 57119 4893 7335 80277 61764 22182 24923 40990 6319 60230 54728 24995 
15264 54152 9961 92551 16462 87685 89473 73433 29107 54893 1693 52888 18232 98524 37743 93796 84167 74410 76968 98297 
65251 91310 91743 6228 3748 7908 55187 54752 68275 50434 62046 74669 10320 39942 19318 41437 94877 46103 18580 87255 
2521 21670 71255 17446 88125 39286 59984 4269 35338 63546 37183 90723 84107 84736 11477 29261 412 39109 47414 71668 
18137 944 97176 94753 58807 7083 97301 78848 32750 96541 99010 79630 48728 17200 35257 92695 20961 79672 75164 13552 
37332 34622 58030 97021 98514 39442 83043 93147 36760 2204 25955 50494 81321 40372 72708 27231 58527 55027 26587 6565 
74078 67766 11632 27193 17463 33482 16136 2962 41573 85207 77492 60071 49975 32532 93071 72463 85662 4523 72585 96735 
37059 49770 16506 13024 96405 20295 98664 99764 67394 80205 59243 67543 48598 53172 86679 81578 84960 7340 17666 65876 
5634 69847 67008 94143 1772 67642 26914 40285 19243 24611 38619 57013 18917 17652 41779 3818 28286 1028 49866 56711 
89081 37171 78864 42115 15457 94658 25851 17035 91134 66729 20003 91265 30134 61066 53934 42132 85149 40108 34766 65191 
8254 28817 59568 14504 36999 44090 63680 82810 28547 39665 46763 46140 98662 50608 53984 85488 9692 68968 26103 31602 
80642 90657 24612 62392 12273 32783 52876 86914 54634 15823 66585 49772 15016 55504 79798 95570 25719 5832 21803 19671 
76725 92402 42969 18256 20243 98843 73375 59335 95659 88893 73973 65491 32804 32536 96262 62760 16538 7222 89720 30514 
69516 82450 8252 87971 67421 5729 53952 84448 42434 45394 18438 31911 55318 81324 74942 93292 71549 23878 67378 58598 
77603 85191 65936 70417 24973 70639 8813 60880 66284 59842 57957 21755 42051 67956 56496 41457 36924 67724 58478 73941 
25703 4445 86400 89525 67882 61974 91415 62547 55259 4675 65051 43255 98062 14237 50619 60935 30850 57184 58524 51487 
90018 79707 87696 41739 76231 50115 54724 26959 40327 83524 1434 74529 75792 97026 92515 74247 4326 44529 9759 61516 
19931 24776 10387 49199 4279 57266 32243 30188 65722 45843 59396 43857 31750 86843 39753 70412 63404 93283 20881 45638 
15563 62297 23855 80391 88060 86277 70011 67524 49304 64448 54712 38328 45928 8396 76527 84970 37656 26211 60719 45064 
80131 93531 6037 55257 45624 37652 12433 40969 33240 27446 84913 15159 10406 19717 64178 91244 73379 30588 91786 20047 
99984 95858 67501 91655 95710 26506 79468 29327 20791 91136 7309 19228 73499 40609 40316 2808 89821 89910 11214 18391 
7641 62809 66937 92502 20834 20582 62918 4572 15353 6289 69968 23056 75598 73980 2556 95699 64781 66171 11515 39024 
13639 43825 37822 79057 58808 595 1606 49174 91268 7131 4169 79291 12595 62737 5474 61633 77532 90933 54757 66286 
81957 34964 69392 12494 76818 76384 5494 29843 88750 99438 12058 97857 18564 45151 49629 93965 58092 93068 91701 22309 
98748 19911 42893 48503 30805 63108 99417 63235 60316 73861 87390 35235 30924 16895 1293 47991 9948 72835 40861 81911 
10606 77662 85031 97654 54509 19459 65776 61797 48985 23899 74623 64696 6820 64457 55696 1768 71831 50024 37882 62336 
33735 43955 19544 62687 61309 90861 41780 40775 23115 23107 38967 45215 14973 84940 78055 25327 93545 97515 68579 85591 
66438 68252 50659 67503 54663 29399 92819 65592 61263 10884 92511 33640 59290 49333 67488 20872 31829 62233 79216 40330 
45104 19051 30310 89221 87367 57419 43493 6212 1743 3863 65953 2775 58093 92649 5734 47713 95718 41971 95221 91465 
71756 41210 38074 36073 93607 39285 65914 43881 25384 60040 37692 21288 11844 82869 23445 34872 78254 48237 77255 26502 
7222 81878 48544 43568 54394 25881 97188 85827 93570 299 39740 27248 46142 24828 84224 29373 1070 32968 9509 47205 
69495 11031 91579 42536 84676 41832 70435 68297 16467 44852 36911 79373 34682 87567 1322 95744 19308 58129 12265 55223 
75149 18088 45646 30319 13703 10249 8599 90768 49790 71111 14541 94837 62467 77915 31820 17439 75383 64860 64876 70064 
13939 58976 88874 22808 40154 96729 81633 55529 2313 40219 54768 63410 72342 66731 44090 48320 49830 57786 79336 38472 
86806 97897 88081 93705 33751 68508 61137 45403 95200 53785 11422 20637 95445 55401 83559 36769 25728 56516 43455 11839 
95335 46319 74839 57972 96574 43301 11558 28173 1885 96353 664 79631 96640 77162 82038 62644 45239 57772 532 14112 
43178 47806 33110 97033 33139 2132 86600 45976 19273 72078 22889 19253 7038 12419 43007 71362 63973 84651 87964 11412 
20623 37523 64006 38118 98641 22688 90040 28683 40230 91620 27316 68339 45489 77393 44943 80888 30460 48552 86715 50285 
7179 15882 58992 77365 85557 51718 53884 30390 66996 20874 34379 1251 22600 74919 43890 85045 19421 41067 29128 8738 
57688 79247 92 68544 71915 1385 30072 25138 97340 529 70503 96352 53817 47765 27137 71926 52909 45815 47150 39777 
7490 85752 91517 80750 69009 29989 50684 59991 87993 13007 77775 21246 7647 32045 88294 7798 38482 37031 33552 64699 
50428 96617 3469 59479 44044 3746 94254 49306 9604 48007 36476 8668 38398 42202 34788 5322 75502 80517 79437 81469 
84266 84609 85236 42750 98426 12758 88691 53710 65565 75806 7370 85756 31598 56832 99699 64149 31546 84704 62 79721 
23972 27184 77461 10765 20811 67334 59685 54621 89748 48990 50757 99420 69803 26636 2016 70090 76294 82530 49055 86486 
81672 67842 46094 44297 59716 46013 70819 14739 10220 67726 44100 75505 21248 23826 83936 76562 60099 85106 61133 61353 
97366 35864 47810 12583 9764 87687 65574 30151 89995 22979 38359 2461 23158 3004 65549 75837 16769 58458 93166 29711 
58796 74280 66145 35974 79125 33121 56338 19192 70873 50329 43150 48165 73852 64016 23598 63128 55374 77515 34095 6091 
67715 64428 61959 32870 63522 1007 93841 30047 42930 68431 78598 34672 65441 12362 29805 36475 98705 183 34098 41079 
61448 66803 62940 92792 62277 54590 63941 85280 25832 73830 2471 8505 86312 40456 12438 95479 41233 92962 5404 10060 
98572 50657 20457 31944 28228 91552 75176 44021 33231 80217 22269 38975 55407 40696 27009 1245 86108 14047 45074 82519 
53364 78373 98950 16987 58628 40351 27620 85820 17159 55011 45672 50151 26966 91027 13183 31640 86886 44655 61174 25801 
27435 10789 17824 11543 48751 24595 59545 82321 60836 14777 11732 67029 38570 12555 31376 39683 77847 82678 32926 12147 
17035 79473 69189 46790 83937 59034 30994 34878 52138 513 76932 46459 65964 343 48026 19254 77196 91574 74135 19279 
19002 86906 12032 57288 58059 208 73682 81051 58210 11064 4384 32169 65705 38522 84442 38942 3397 3026 15427 244 
55476 87753 58980 23033 45897 12733 68016 44196 56875 13405 69040 67183 69246 92815 63704 35302 82384 73793 15440 78928 
54501 29830 78160 60460 19883 20585 85183 57831 18993 82844 27170 27184 9988 38388 96598 3863 31401 84093 37883 88733 
97369 95762 58417 98725 3948 61533 90595 61971 81454 35133 27312 71541 40065 70083 42908 53303 92702 34922 39759 23330 
45965 79180 15010 60467 15967 35844 72522 18658 59424 97902 29382 90167 1611 66245 94502 51 59616 30199 17492 54718 
67236 85678 62613 12078 28389 68694 67778 48120 1108 78069 53470 61129 19116 48599 38209 22442 88453 38498 64878 52518 
24909 76285 90382 9459 75964 43748 12242 36818 20640 21043 29989 69333 86088 86943 39550 61914 88424 93835 24111 69466 
5054 38882 88924 90878 91009 6577 19466 79852 32153 34144 22281 91120 44019 96914 36367 22476 62366 60661 48817 88935 
51439 25437 73543 84514 24035 6578 70446 80071 30423 96873 67139 30046 45196 97637 35075 97270 37559 7498 48705 62781 
11348 83469 165 65520 48176 85704 88801 12252 45442 44662 4304 25978 12411 74780 39318 77141 10386 27218 33809 45267 
9886 5607 76153 6560 10199 69362 58617 9939 34738 63546 82229 7296 5001 91832 83772 27661 2197 72935 91835 1611 
92565 61604 58524 2607 1671 91486 64871 24602 20793 54423 71656 20282 37218 97779 41198 61868 75605 95153 17518 17602 
53541 98383 79220 12402 21629 48320 83212 79434 31522 38651 70665 70703 57989 18000 45133 56803 80594 2457 83789 86984 
32585 41333 13586 86726 10716 5049 19114 68939 61432 88588 5622 64042 44752 77549 71436 28929 45471 17469 39554 81129 
97861 94523 424 82305 68650 91998 81888 65947 38610 19187 28009 2825 1274 58502 50458 86913 50066 78558 76529 16347 
23510 67942 10693 91832 9802 11463 70253 81449 7193 33450 56902 24306 32641 19773 11481 65072 25329 32193 31202 57035 
3999 58611 30390 13438 27159 80427 2213 84842 4453 65821 37414 77722 39209 8303 14388 30069 39698 72990 31243 57339 
61558 49551 91565 97550 70187 33571 43113 26293 20704 47130 81657 34283 7401 90144 39516 3403 94415 44226 5735 9932 
39455 97901 93252 41000 89061 49906 56986 54192 66989 9328 7411 88436 62656 988 94192 43577 25207 81045 49673 27818 
99727 89584 32850 50000 26546 72168 99557 18324 48964 87188 23808 55068 6809 9657 93411 23371 54521 66802 81871 30249 
31884 98039 33014 5055 48719 49969 57689 93160 72630 58374 76870 13223 12529 69357 1191 81992 72834 19926 42352 85276 
86672 42982 22808 97854 44259 99837 84660 8213 92509 91754 69111 77332 26209 8272 60810 77380 46241 3647 31578 93008 
80005 89336 28363 87281 7058 9560 69480 75962 96955 95469 93242 75299 31620 78921 98457 87031 85242 83805 6542 97272 
23453 77125 73148 79251 62370 79165 16419 45308 72793 3466 4311 10453 44861 51790 15953 71017 3362 31401 41339 83582 
47236 42482 64779 3807 59920 56666 32473 89945 71691 23940 98058 66133 17866 71545 73927 76537 11899 68221 54807 97841 
86124 862 3334 67333 22459 79964 75744 19942 83256 20283 90735 54684 36154 7963 2012 24337 78395 55719 5553 18646 
63202 66164 98031 26690 88167 97356 23871 56390 88141 65568 60843 76149 15852 53064 84845 53259 7198 94950 27448 96128 
34691 6932 5481 46859 59576 19641 40002 60219 84013 36453 11247 14430 89753 91943 43310 92904 54682 81663 16571 1221 
38943 42971 76320 66610 30582 80901 81727 16799 31365 84038 2294 850 38456 21588 9746 40491 59375 36760 64209 29586 
67322 1139 83119 13620 49482 87299 87621 75280 25155 74694 26959 19034 72639 90462 57570 14916 38912 81910 41193 36044 
63633 81300 3203 50210 33925 44509 34457 35970 79228 70091 18326 43517 10114 67553 36282 47448 85233 89469 66929 19084 
99737 83926 86675 45894 40104 1204 24337 5806 98908 59391 93638 80554 16638 88755 77026 97841 13664 45632 88440 40260 
74641 2270 17608 27100 73177 59285 73527 55781 97902 66664 96329 95638 56879 95524 93099 57194 4020 84414 36627 66483 
23651 55438 24673 25737 40829 69219 75590 24939 72738 96210 17902 86950 16158 99099 7019 97524 7835 89928 54516 77988 
60288 83733 67367 37323 56878 14161 67057 48389 37270 59117 76287 33036 11332 8178 16215 85575 49131 71481 53164 42171 
344 91325 39689 48262 60291 21157 51842 65094 41507 42225 80870 30701 19052 27873 98623 74380 93719 36234 41571 89320 
81562 67709 7879 75765 28377 7347 90739 22117 95276 190 47486 7593 50514 60485 49398 75337 62303 18139 48764 56069 
89643 89794 17374 35758 35004 9400 75850 4547 78046 6239 1896 31911 64764 43390 55151 44050 84508 95805 86763 59842 
80341 91133 40272 29490 90337 24306 95020 22201 45869 69584 91148 69283 66037 51642 31682 51126 46714 55149 56251 40136 
38865 68719 5310 58854 75865 8265 94617 27057 9535 28945 37506 79411 23812 47292 98680 1313 94652 28397 82379 60198 
74141 8316 57401 54588 79083 2730 18832 73740 50716 19989 89270 85346 10290 3377 65649 20880 33844 92733 64745 23130 
43826 23103 42948 38009 92442 91177 85374 8073 64360 20739 37851 49141 7252 17248 91353 38565 31616 90376 79480 34463 
91559 50539 1513 28835 85715 55759 90648 74588 32877 55948 5732 668 97889 45764 58529 20391 26215 26624 22598 48724 
29011 8866 89404 61093 69507 71071 65290 34228 90628 71479 74682 40614 65833 91334 57757 20454 43543 37613 86644 89720 
87101 41068 1405 67698 23027 46070 63783 43482 62561 32960 38325 73056 86502 60546 40113 39150 92110 24334 64577 57552 
74020 28641 7443 45819 52137 21459 39998 71486 29493 87615 89113 51784 67794 20700 38227 43787 51114 13653 61099 13402 
95501 39067 66408 94148 40519 43818 459 44052 79082 9215 63181 8880 18119 20582 29508 94400 28068 41899 62147 90357 
48274 99158 22749 98913 4913 87996 31219 67613 21085 29071 40920 25184 92591 70239 90989 88366 23803 88804 37439 35801 
21761 66188 72095 7233 78322 35791 1868 55266 88796 33781 54078 66203 33567 21976 41299 18835 62337 13604 4815 6888 
61071 29092 39245 28407 62908 88442 71868 491 54358 37563 31146 67457 87771 84381 67796 13845 45699 93962 29215 68152 
39180 29509 81324 52689 43484 19986 16054 23572 7028 10447 35408 25656 84208 87930 50714 70719 42378 37941 84559 9431 
82704 53551 23828 16549 20770 50494 66641 97732 69787 50660 99413 52410 964 79151 96292 10552 34324 38154 20193 54253 
14092 53483 43175 83523 37480 15928 71814 72068 94941 40879 46521 20807 93827 5642 52062 26059 28143 4789 30609 3960 
2553 98472 83437 3806 44808 16222 38606 23442 30237 87766 61789 58418 38789 29023 29516 27473 29024 9430 70092 49871 
66274 68646 55476 87510 62326 11750 57928 20838 14680 10864 54186 99187 81160 33546 40330 7781 59125 21342 64367 77706 
14229 94643 12650 62244 51393 79486 88119 15630 70631 55912 64377 88359 55958 38852 62594 5830 99 59637 72429 74036 
55513 51616 36522 57696 58850 34731 20455 35492 57256 96151 64966 34589 50300 36184 45405 77423 39018 64216 2056 20107 
96109 52463 66216 58863 77415 39399 36016 36954 46350 84697 13130 57224 52858 17270 42984 65158 12466 91992 11590 31970 
99702 21621 87863 20310 75617 54837 82501 27307 92014 26606 36272 64418 10929 44344 5364 59938 49778 40325 32309 20107 
36654 11451 29694 29663 45505 70889 30247 95499 22437 85254 94183 40985 38595 53593 73879 57240 26416 76483 29101 21190 
49083 6868 5215 50854 90780 36432 19097 81459 15355 19275 58242 94984 49566 81593 66246 38217 99494 14203 85126 97213 
67218 1673 4239 5930 1593 27047 45142 50772 69175 28 61376 58722 4 42392 11513 84588 49215 13876 12096 53338 
13362 26046 64839 94094 99679 16167 4240 15975 51531 9199 10852 63674 52384 89839 67547 58714 27571 97596 44769 17312 
16810 8007 19990 98553 47075 18972 84153 63399 54226 60004 80168 66920 17088 9451 96551 6554 78657 64307 27380 5011 
87531 48711 45806 61578 29818 76752 76739 33372 12159 40413 8066 65342 12314 34902 40295 14057 61991 7029 36386 1949 
13911 59070 55830 91859 51676 58914 97047 33547 31847 4801 50946 56097 95614 71907 37932 21640 75905 24350 53174 94650 
32057 13345 4601 98474 97426 42999 14671 94167 63616 10861 50104 94724 86702 34093 63812 57412 40115 21860 16197 79999 
9834 50730 11001 20378 54235 77472 13793 46996 21989 70547 29930 15639 17005 39626 90053 66358 10905 45099 67228 26054 
15538 18972 42106 29610 9394 29105 28007 40095 75936 46708 30221 2714 88164 98686 96284 98894 94776 79072 81581 83855 
32982 23290 90037 56917 11399 41294 15449 64546 47510 96928 9347 39027 47123 48747 67715 37540 87565 56040 37023 86176 
40202 63828 9095 2989 18543 83661 72558 97518 26212 1571 88306 50291 11262 28272 14947 46047 10533 16562 84024 6548 
70907 47277 96724 92437 29575 97413 57583 41454 68575 83434 20742 34884 93910 94713 8000 64807 5170 97655 52276 45398 
20778 16913 62264 49026 24377 38352 1743 7257 72994 46161 89788 82671 38592 71324 88970 60013 86358 73872 80975 95245 
47382 38462 28539 98200 39020 47814 73428 64475 1658 5684 83669 37520 10402 18141 34036 65307 47185 80974 14917 80639 
45515 65362 41559 18011 78151 64286 53781 60835 63846 47690 26162 81595 84523 15570 61978 27874 92728 26494 19400 9754 
73534 12039 93376 65113 19771 49178 42747 73124 25170 78607 31232 2372 50506 40624 20015 49837 40292 50860 68439 84105 
6772 16780 34246 13265 67755 74089 14381 41648 43850 18004 69668 66518 38276 34806 88964 54093 23669 34920 85648 75216 
27860 5007 56996 50131 99514 1064 55408 84997 27581 57618 79347 25344 7380 57028 25740 17631 21102 39833 51407 58427 
84616 40653 70005 12290 76164 71072 1502 93955 16594 64475 36876 5332 88201 78407 65360 62994 7188 23238 13964 60618 
37767 52479 37180 54229 10673 12347 67110 13793 73640 84829 44584 8751 35448 69400 42146 52971 78214 67795 88019 88185 
52713 15149 60840 72543 91588 33578 27775 37403 42056 57260 56247 57888 82816 82361 73966 53398 55551 17986 92243 8153 
48720 97530 64544 89444 96447 38338 18691 79921 54060 72481 25323 68165 52035 16110 46078 81281 64350 90390 78950 35453 
42570 33204 42035 89130 57745 4864 82744 15866 45086 66870 39526 9529 26431 6820 22000 31366 43181 16368 57466 38919 
12149 76043 85448 4243 1258 25832 20274 82562 38832 36444 2921 82708 18668 33189 15414 92288 39084 2046 87848 64716 
79634 41801 19516 11426 99527 61299 8861 87013 84388 218 15121 52968 26826 97644 18546 66822 7356 65303 85746 63119 
64024 73608 63505 40524 5132 5903 3788 14811 30531 79970 42115 15294 32570 44617 46896 69498 67376 43634 73603 55561 
1805 67165 57149 56968 53388 39993 28273 11575 32362 24588 98255 14402 57566 24711 55844 30074 13925 22487 21445 56254 
38224 12514