25903 17308 86132 83626 33269 9793 3053 24394 92975 96826 85353 79598 35003 14837 55226 16567 23382 15041 48733 63849 
19445 35053 83848 19548 63531 84420 85194 57200 26802 63008 58498 59443 18049 43607 19988 60644 5986 35215 67389 96632 
68881 94671 64560 2192 50724 48584 59376 45744 50905 11324 65415 94882 44977 40265 47502 56342 71734 32032 90444 15449 
54608 40917 69195 60964 32380 60412 94656 13979 80979 47409 73764 14471 83961 73485 74768 52768 93596 73756 62474 80358 
58920 58682 666 85025 23764 49496 50472 72458 96344 2198 12844 4031 77796 78484 35081 16849 78145 59564 2850 30390 
60112 99778 40015 96 46507 88025 76800 98332 18803 28791 15759 2308 77641 3869 71383 74155 33144 66100 57210 79864 
96946 4521 75514 87428 21774 17837 78373 22281 87042 26193 54195 41428 8438 66174 95419 52237 638 78579 20306 14593 
40911 94958 22168 19754 67369 97418 52790 33896 43014 16794 12948 66915 65075 71686 3795 36249 40925 97967 71528 37845 
81018 29911 23787 3480 42709 95398 46407 72560 53254 22627 73118 15373 64747 17463 98808 88544 90889 34919 18663 43714 
66019 50960 69757 18895 33592 14322 6445 93442 94595 87236 74582 67568 77929 5920 61418 29658 44910 71976 51156 23995 
67500 3956 64219 66636 24283 36071 31264 49663 32335 70287 5119 57463 33504 17425 73513 84725 69401 23672 87720 93269 
31416 33998 86389 26359 11805 594 73787 75069 53630 95644 55846 41211 32080 57288 9672 75800 33209 58911 58687 92034 
17943 2083 88606 77972 20075 6357 2446 90927 7567 93562 31876 78067 40440 72036 13911 17469 66634 42179 75605 33496 
7396 88844 91089 67373 10569 70807 52170 60456 32647 97102 66791 66541 67152 37030 25282 35555 91309 30812 69219 66563 
6624 57984 94223 16477 72757 76690 63678 18469 97791 40767 29808 65723 3684 76845 3080 62182 4385 61583 97002 21927 
20989 26475 44236 38902 59088 83544 28954 9784 75731 73390 74571 61501 80485 39755 51107 62503 21674 5399 5195 93339 
83075 24253 54035 74487 93791 31094 7088 38813 20112 46722 10355 9103 48259 85773 73890 20713 56367 89860 72572 30837 
24728 61683 8424 16081 16315 39103 94277 59499 54693 86317 16101 88723 7480 6166 91863 89332 71650 98664 64796 47773 
99186 52202 78819 97989 90003 42376 90074 23250 41641 58248 3934 51058 29325 44045 45589 45872 6864 6379 46353 1091 
44464 29143 37093 5009 53220 49061 63796 19836 98519 43631 70506 97926 54530 1336 77289 15443 61345 29717 78954 5541 
38441 30783 84951 66533 67953 21106 59360 56069 66129 95156 20680 12688 29812 48849 49036 75905 63922 35425 69537 80910 
83769 88033 36848 56615 56087 94849 65489 49064 48402 90068 34039 66925 42154 78171 7287 14105 94985 75005 18855 95337 
10777 21150 40106 763 19218 71165 5930 22830 73646 61108 45649 40380 36772 91705 38046 30419 34155 30132 63313 41694 
90735 62035 81793 60836 27022 41417 7228 29255 60268 46108 55538 36685 14053 55486 51452 47102 53930 50946 92669 58270 
99205 33664 74509 84731 77495 64300 90514 51979 58586 36465 19570 72079 8108 65179 21905 80044 9376 33085 5612 38997 
47688 15694 10886 27360 98467 45499 44993 22114 13532 88424 11696 85659 8170 82333 97354 58440 18195 7947 31443 50051 
87098 78992 48687 31014 53949 2392 26816 6586 370 64438 60455 80424 15151 25274 42359 74020 76629 69871 99199 94423 
27236 66565 21414 10402 88006 10767 16425 10602 76865 16422 80811 85204 84220 86906 44720 21470 97020 18948 80249 27505 
79719 29558 20311 19047 69699 53170 48350 72571 79558 99598 90048 5593 70669 51113 41319 1360 6983 20971 17318 12531 
13076 78004 1374 68740 76745 74745 14625 18990 70224 8888 12807 88327 67206 80136 39017 52355 92733 87287 37957 89406 
60099 14999 76903 95057 76642 87390 54965 33877 57523 9538 99541 44830 9065 10500 33833 22915 4170 30947 77977 91278 
47632 51120 65735 71904 69119 22020 91161 48376 24714 71253 81901 33359 97286 28575 15141 76708 69243 30203 33576 37204 
20883 19015 43364 47176 46250 2568 13880 89168 3037 42983 96815 88930 99508 30675 46499 31089 84612 21562 86769 1639 
89114 68472 35239 79072 84070 79988 18380 63067 65834 78360 70969 45205 38623 75054 36206 21491 26987 8935 26599 61542 
64505 43663 71927 76239 64681 87079 6898 81994 95256 25466 200 91967 35389 64335 76424 72822 18619 45148 14859 81566 
34964 85742 96067 2753 78454 92159 30067 59998 18724 41055 94061 19452 85401 94033 58407 76604 87445 15259 45604 15853 
19747 3910 98256 38924 50788 97211 69472 60192 43749 6564 23844 566 35670 52657 88473 64545 33827 51743 77207 53615 
92089 98176 89385 61275 19469 71340 69377 74101 33978 1833 22342 82351 497 39781 4222 23880 12915 41076 80306 71855 
22536 26923 39668 34031 4446 23310 85116 71346 4429 10956 29476 73935 57017 31678 19230 23801 8596 98820 77244 29670 
62417 16553 10004 64589 25799 22052 15061 13382 21995 16926 64890 33799 40337 5668 24930 55917 56189 58328 11684 45603 
86062 21651 80681 49024 3690 38957 43610 91666 3381 50983 65306 2151 21145 63456 55779 92915 53894 17876 41052 44486 
79114 17991 73726 70909 18623 41422 22190 68876 46304 16022 18621 91460 41435 7073 23894 12805 30651 25778 55878 90006 
98902 16801 74274 83939 49437 84575 82824 47786 43039 37962 9432 8793 90238 63747 82055 24095 63491 39585 50482 58338 
35912 70874 93202 46731 91213 94777 35721 21295 39888 73841 10915 45373 97632 97976 63928 92786 60228 90755 87486 36698 
7829 21098 17472 60626 40576 29888 93362 33829 55561 36641 20322 36113 80396 2934 24873 17545 12923 23352 40292 69391 
81279 90295 10868 89439 76707 16391 94038 40405 9149 28928 77051 38419 84125 44561 22573 23886 62104 96240 46861 99408 
36713 96597 95705 82848 94082 93 97990 16264 60133 78425 206 50165 77489 48976 30832 93111 82342 45800 33901 92436 
96996 89979 13918 45635 55444 31937 84417 47421 90544 68017 36111 96352 84302 34994 50250 44794 3049 4309 10834 52481 
38171 78114 62868 49921 33432 62302 48177 86510 25959 23111 64178 59122 96287 39588 29873 50560 28415 73356 17182 99507 
55963 41982 28987 53458 46989 4200 32512 88996 74086 24628 97699 56881 62289 49936 31142 61408 28802 12277 90075 39344 
72287 89132 20829 36915 59951 30104 65904 12852 29242 91826 55980 83868 51959 45947 90540 36674 8503 54957 74134 64087 
53482 2413 79866 6872 12821 95002 40726 21932 81692 93447 33359 43230 91321 68491 20487 94275 81064 32783 36038 24425 
24885 13717 84667 92217 8880 34039 1980 33056 83437 59195 47596 68202 35913 94674 27898 44637 94505 43648 40099 18326 
6141 31067 95643 19198 88779 16820 73998 70567 21232 37576 30204 43082 16561 80144 91353 7895 61735 68802 60822 41566 
92272 98266 26380 49462 67498 12213 31099 50868 6278 60545 58481 3322 81224 73393 94848 59751 65218 20614 35329 19148 
63070 51551 22407 47389 44483 89435 17893 32555 59955 23834 14969 88284 95419 9811 46033 89227 76325 21963 89141 97454 
80039 54710 5944 43580 24915 83517 35205 25677 37532 99552 49514 14871 85236 51377 87935 60373 2742 20941 31434 85673 
31419 43698 2312 83681 55165 40484 18940 12686 26303 6745 73042 28889 24640 12045 48059 3464 41683 80996 75159 47843 
91743 39762 60298 78804 10265 31840 9792 56633 38475 60382 60359 5373 15283 26975 59490 6922 91854 54709 71749 940 
87604 37911 97452 87413 19728 84088 99200 95688 12691 31714 32593 37658 49464 40431 5963 43025 21040 48856 5037 65238 
52905 33461 76647 70788 372 42246 52234 32227 59714 588 1277 27789 41294 81070 102 53396 74391 12752 79529 32487 
11013 76667 85457 64695 36096 77862 23549 83954 93099 58508 32078 91247 8417 41032 72202 77010 64993 15912 85767 20079 
52146 31853 90904 84540 11428 90337 16476 67287 84322 84338 50201 57152 32515 33328 50138 64720 40957 82872 79077 68770 
92982 34499 88308 22147 75335 67332 27671 4638 41001 4246 85463 72239 50995 49138 69790 94313 33953 46549 77734 53323 
32077 33007 66159 59993 51743 60283 50015 17480 92618 51746 68335 83869 92414 24679 18273 63792 46889 84515 13067 93229 
63206 96847 35836 29871 32238 35114 19096 87399 53057 46169 90376 38275 58883 35696 4542 90744 33923 32283 26553 30566 
47916 54435 19336 38578 48516 56407 58261 50377 34342 22014 70002 95839 67369 82584 49346 73291 50885 8955 34524 28289 
65206 88070 25694 9794 3876 69982 48509 4114 18042 67681 29695 79547 98788 24993 3153 2204 75518 70130 4894 32619 
89858 94386 50080 26621 51808 9129 69182 86573 9239 61189 49318 44200 66283 43613 93565 69789 41866 12069 60155 12633 
20824 1510 23846 51560 3635 16668 46425 89393 82490 77450 84936 91278 20396 53518 59250 76037 47166 2357 39704 26376 
15248 45689 48814 2657 70752 27229 20794 24782 99392 35569 57536 99596 11801 86609 10975 12590 25654 36616 73982 54466 
75621 96089 59972 15391 48061 77605 9618 29975 49767 19774 99985 93475 2473 30332 34585 28395 36538 88110 32528 49578 
82776 50389 80791 14971 33611 16019 69324 99924 6561 18306 58359 47557 4785 98491 80987 30215 18412 71007 36781 34758 
27934 74686 66740 19360 34928 61745 42295 20629 21503 37605 35598 50077 60136 93725 2806 66620 93393 59966 84863 89591 
47276 51821 83345 28411 34203 72530 91309 30309 30895 25215 54198 14758 91896 56562 29498 93381 51803 53496 46986 7029 
21280 24718 2305 96784 1466 9858 99406 7939 23768 13245 60546 75530 26629 24883 65717 17639 60021 98459 6397 46231 
33320 52878 32632 71097 7078 86929 86471 42775 24017 66639 70764 76331 90010 22937 85732 97906 15728 55097 4523 96496 
79694 5878 42659 85891 24399 73087 28843 5638 87188 35366 1569 92030 8888 72062 3165 11234 14040 6675 90037 28900 
45423 84143 67050 58509 28965 76038 95037 29666 5581 96744 556 49067 53596 10698 24949 51502 68900 89544 69684 36793 
53248 50824 65698 38106 29879 36624 25711 8333 51348 61055 73375 58531 27595 28971 55929 70120 6764 41745 64460 79251 
67803 45458 77608 78541 37245 78986 72483 33219 4989 57222 93749 62207 51880 22220 62842 8325 41712 19424 54144 78030 
60760 18715 70615 84380 40136 65175 49534 71990 87914 72631 22749 61053 65282 19488 81827 78541 53217 59567 7180 39261 
97501 40697 65196 8153 25081 81281 46382 32073 24543 39036 66932 63241 70987 61470 58574 98969 16735 53516 15056 89449 
17278 54431 67158 80771 52945 69243 67852 41198 35712 83777 50908 66211 28130 35802 89663 72623 6401 41140 81079 69260 
98703 14952 7855 31163 74642 8084 92020 28584 95883 52266 54748 47535 96807 8552 35260 72807 2217 6771 53836 30919 
51379 69103 8510 40866 68181 70442 74418 37587 32827 17921 58076 14617 69848 79771 92240 32225 48554 22301 57900 69276 
38196 37328 45284 41784 34260 38536 35247 85513 6383 84725 42743 72173 34294 29133 19268 72293 79989 22870 42981 1103 
83367 23979 26088 64073 17959 82045 71960 9046 51161 65735 1361 49895 40588 64919 34556 99637 59853 2862 22742 66703 
68380 4571 32749 25872 74416 15665 32210 93843 58990 91130 70109 33390 21495 90875 91176 19969 39532 32636 17268 2581 
92861 75443 92477 37183 91823 29223 60004 28736 87947 83030 98270 94395 82975 22986 96528 17603 31066 24065 92896 66685 
53150 93422 55162 77092 66924 26195 110 50128 44470 79561 68267 83908 80814 94637 29544 92249 97951 3057 8274 15414 
19679 13196 51235 7817 3986 14444 84851 59677 24234 73843 2742 81566 33915 44005 64530 87606 33392 89223 49276 31820 
19663 53289 43629 83208 23228 81968 58745 17774 49147 30448 52963 12674 95893 83346 48911 37573 89805 94179 85602 44149 
53516 49858 22434 62507 84968 35671 93317 4122 68826 62629 77156 14372 47261 75764 16361 57876 86370 60488 27766 97071 
7722 31786 52797 51400 37060 63584 98903 68661 98729 21676 61012 67484 43573 32233 4403 57875 66831 97735 1723 58110 
75008 67370 87586 77551 13984 64215 8995 95637 57118 42567 31430 21229 24056 71773 54861 57157 9174 91098 67470 5270 
49128 88891 13357 31418 90271 86891 80253 65991 47990 33662 11134 90777 18731 73599 51362 73366 12952 39125 71898 54186 
23053 86228 31732 83788 11540 2110 47403 84996 65767 40410 33507 54957 67258 40297 12788 8069 87247 80006 9863 39847 
74036 50296 39682 5370 57697 43919 41234 36693 87855 38 75792 24970 85038 11353 15961 90452 35955 31768 28539 288 
37615 67168 1003 90236 37711 77665 34488 5587 74899 69183 41969 12894 5922 64106 5776 93245 71360 32208 93942 65829 
80513 43350 54794 9141 19925 22957 42717 33711 52994 42428 35416 4518 52515 51317 31057 5215 41527 21020 93189 78929 
45456 91591 33804 1321 44953 61210 73717 43442 44348 79572 19117 77106 7298 85762 61056 42000 54045 34773 42090 58170 
60216 23243 43186 15365 75764 11202 21502 84868 7813 92148 97877 98127 73076 4470 30911 94801 99919 85727 80755 50404 
41361 28047 97409 97240 55040 2749 56435 5265 48974 21630 22870 90770 70191 61649 97482 56530 67244 3568 33057 71941 
66493 78642 55165 37337 46117 19981 57329 7632 5750 95384 76669 32155 48108 17949 25462 59314 51860 64463 69690 85224 
73743 47810 87834 26516 73731 53483 89742 1846 10514 21442 46987 19551 30663 96132 92855 86160 77 22009 28117 29228 
84325 5012 50006 57476 90252 92103 50134 74331 35773 94874 98960 21311 48891 75497 56056 38652 26913 44814 44309 53488 
71983 4892 9728 54905 85718 68899 21293 6086 20121 12512 74866 91524 81124 86431 64233 34858 21005 94583 36071 28119 
33428 93149 68899 76231 79564 46589 66351 68691 12107 3945 97063 63598 29480 6603 44246 28694 62002 70834 98833 95753 
49901 37223 12669 41366 6232 45346 80548 21318 19332 76340 87315 69913 36610 64793 84415 69546 11769 60703 1204 94803 
74098 52086 85830 63036 20040 48592 37475 24311 41196 71304 99872 25644 86064 83938 11833 70275 13356 732 4083 30821 
10721 84474 99663 10192 53664 90669 63387 32804 72458 99575 29671 39633 57172 72891 43197 57916 32741 74187 56679 93186 
92301 54848 62648 22060 30366 30590 75824 483 85791 32971 27639 27343 36396 58385 45309 88454 31732 67959 63392 3798 
13620 96349 46414 32126 87728 94149 41541 87173 31611 34612 28407 47323 92663 34908 74825 17923 73546 79394 67419 25744 
82146 18365 63587 52760 4648 55653 58683 74601 91736 13348 27844 80176 24135 78226 51441 33116 38727 34859 89154 80513 
99262 76064 73330 40139 92086 87471 79278 90657 39417 29899 57209 73192 2499 97212 8525 88071 79743 90028 8475 61990 
58511 78604 26141 50012 45635 91823 17731 66245 47925 37937 2925 31324 10573 58770 14542 31453 86328 5708 39403 18227 
60725 62469 85065 41711 41271 28249 60887 79021 4263 34350 95216 99320 30656 85298 99751 92607 72193 12758 72603 50466 
42286 79174 45615 80832 40592 27860 3912 40781 95851 14959 89409 33116 53046 9355 52221 53112 6600 11871 44339 78960 
56408 84292 94596 22443 94221 15000 26637 31894 86656 37949 15652 21776 83581 26606 26189 65908 26831 78390 35381 44350 
16135 65672 68481 45765 55665 74037 53289 15010 31676 77985 8487 80453 40718 51803 18088 38491 62632 91651 42951 49206 
21221 26924 53061 61779 90598 49195 2576 42912 25335 96507 89794 52148 38035 78418 2103 3778 21806 27271 52354 7397 
85161 77844 27106 18045 43343 5892 30187 63838 899 92430 7393 59516 54663 23232 79334 37188 96010 27209 74457 99532 
2031 46100 64060 12617 74904 15572 56386 80155 40621 13590 96399 72653 536 27054 81942 30206 15510 67480 18141 20025 
35615 15610 60677 95734 6846 51825 13230 32693 68993 74090 187 42659 63930 91144 96631 86502 8460 78102 99108 37719 
78962 31908 37593 75321 93679 6470 6207 46342 97177 40702 83110 99620 49238 14732 27655 72571 72500 93922 67657 86512 
21193 8718 55083 60780 98644 30908 1662 86173 71003 58584 98550 36067 71004 29163 17259 16656 83251 87302 43221 68209 
47158 71327 59459 30466 38435 38435 1075 55847 63142 53948 76350 41036 40615 66129 40784 62405 23769 79144 34704 70631 
68085 89780 39914 98608 89825 30260 45220 70222 53252 35847 10821 737 86476 55116 79827 4650 16266 23155 32782 35709 
12619 39167 3225 31381 22345 7308 82063 15971 98933 45249 34466 81630 61894 52030 57806 35603 2052 43222 5613 83126 
2289 34182 18753 55527 83403 24589 41374 94987 91914 69740 90452 97038 69060 80068 5904 59030 89366 56579 90814 27960 
50295 59416 42200 46354 97706 87086 70194 29930 69250 87153 93299 98316 37623 18307 5305 87654 5637 20957 6926 38835 
42938 94648 75698 12890 83034 55209 35819 71214 34547 73287 3991 30734 73826 86281 34989 12958 1899 59891 90615 14029 
43234 46721 14555 55993 55928 53978 64746 7761 38526 20107 96447 31170 16394 92046 18574 51227 60408 78543 79023 27986 
4047 88884 99613 2955 34936 85163 25771 23087 47410 51142 47082 71769 72929 762 69692 78253 90563 81300 18366 512 
16499 19406 72952 98464 49426 56999 68667 18146 76186 15544 68785 88516 74922 80950 175 94500 95582 42719 25977 30740 
55515 22156 9230 20621 78178 72175 62106 32838 61658 34834 38485 93972 87950 78572 32243 8778 26982 95215 16490 98311 
45199 26606 3684 95942 76750 9980 81109 35246 67291 92620 50550 22905 13753 23990 16517 43106 97278 70637 62295 4486 
92697 21608 91712 86655 66363 21340 14043 70925 85967 31705 22353 10155 37288 1413 13138 32757 18352 30942 26195 37508 
37743 18519 85580 21742 3226 89732 60742 47234 39290 78357 63119 45371 51661 34190 21702 74199 63593 2080 63017 99412 
45640 16868 24220 17841 95406 7102 50160 47792 69382 81086 77163 17550 74589 44033 60493 64197 95946 87137 93969 40998 
88340 66469 52175 97926 85627 21664 78130 58062 98515 60172 65129 3657 6199 44980 4339 74089 71248 27401 9825 31981 
14401 91202 54588 13355 54109 32977 7204 14470 72431 87048 71645 71100 83126 67940 61948 80681 44701 49597 96006 80785 
1299 14963 31268 53883 27515 7911 10526 41483 69046 66861 23654 25314 80968 13588 97323 91907 64522 98350 12960 75645 
6734 46066 24163 2661 24064 40685 50545 86909 83330 88334 83399 16327 52640 32415 69689 38644 59967 36922 47089 58144 
1647 81276 66222 10378 69767 43885 75842 33602 98903 62013 60134 50270 87821 78051 47091 25353 58263 16762 8915 57157 
13115 92890 48635 457 32065 10590 57027 7311 55426 52726 71697 84481 70858 37996 26828 88393 93967 62225 59328 90089 
84928 47459 43630 73138 57064 53351 3764 73555 16470 76998 87778 78070 401 11178 84592 67506 79478 36820 19860 66365 
73395 17095 24078 89088 46586 2411 31212 4018 20631 19569 32335 81404 63795 71974 80464 68666 19913 35558 70898 75531 
63070 22551 61894 41610 47968 19046 54636 11090 36204 36768 55293 76716 59454 92748 47182 7462 81122 89549 63536 52648 
86131 40745 13872 31320 35534 96235 18680 42661 35866 72952 85677 89692 11531 23217 78849 68405 97154 10603 38282 29469 
50582 32986 10770 64420 10606 80428 53637 88567 49182 55325 27560 85172 21864 99618 90864 52866 64372 65046 38455 85195 
55647 38331 22404 21174 31178 89628 42555 4969 68001 91016 38048 57040 14358 22333 78575 21540 77728 88611 22512 14208 
85248 17693 83736 70877 83563 84011 78369 72049 96553 65073 55138 23954 28429 85716 84103 87672 693 95235 32577 33745 
1122 86761 70378 15676 1451 73758 36070 69096 36192 42577 79199 44090 33200 1358 85040 22603 12627 46249 67223 39584 
32587 33272 60566 45660 40179 95866 34528 52116 95999 8713 95999 8322 80652 4440 85163 92651 48400 44934 51934 10164 
61019 63941 27324 20198 44553 14988 4830 1772 65840 8223 76701 94304 58030 63200 44588 73179 86828 84761 34289 93736 
35750 78748 23804 61041 94117 87918 64102 97963 85860 57094 86837 9853 18878 89535 17709 96863 51159 52002 12141 61326 
12318 84684 5472 25433 26068 59404 65717 45920 27259 65681 28231 32480 58584 13160 64605 27522 84273 21404 50280 26507 
41360 88713 97924 87164 13311 98594 31535 57117 21719 32111 25503 71146 50154 90628 84961 37 17356 62734 39823 42445 
81992 74241 77369 54012 74066 39985 82416 16615 53946 3924 5266 97047 39199 3037 26888 98502 25084 41456 22276 41241 
84520 60789 76385 3118 79433 64304 22744 75848 35559 26348 29268 95496 79071 71377 63828 25873 18442 35930 78752 45968 
84578 23630 24401 96019 85068 43174 27061 57432 76174 52222 74463 34658 69182 37750 53784 36516 3176 12137 86192 6221 
28839 24813 85290 35750 91746 71466 53797 89879 11054 20688 72257 98669 10383 38715 28296 76408 99119 36663 87561 8257 
42813 98141 34696 32789 12023 45532 69286 39100 14253 71882 19593 65695 967 76068 28645 41487 47696 99699 33502 21341 
99453 61692 88720 34647 3601 6878 85555 56241 93336 91957 82989 35833 65203 15563 43388 27433 47844 62740 51978 90287 
56286 92470 47209 32452 56641 7355 86132 54797 8312 98928 5802 48425 7793 79929 62554 23139 80151 23991 41283 39533 
89083 82661 22798 80520 44119 20469 92677 56643 76172 97833 66445 53074 86623 75136 4578 50953 14681 74458 87096 63262 
68215 14467 30228 54434 49586 28370 97354 51651 65062 49145 98566 96421 25039 18442 99247 24580 72004 27267 82458 3066 
73511 17996 95825 31075 10689 77335 7048 78436 41961 60104 80597 26455 60049 30987 26262 64555 78942 20169 24433 45119 
53972 60634 92231 17055 32271 68499 97192 48502 50953 82626 40411 15351 33959 49874 74914 96061 56235 4871 11358 708 
41739 1338 99093 54422 95605 46907 33539 64250 8778 83371 47403 15483 34401 25280 7341 49029 99692 49953 78129 31806 
7369 56269 53636 4978 53215 91470 12677 49284 21569 91182 33563 53550 14021 60857 67118 17504 85252 41331 57022 53403 
51436 87134 95600 2761 76124 50000 11711 95084 55355 87923 12595 75089 17850 22449 26440 17458 67921 90679 62194 31596 
58465 2661 67845 89056 43372 84243 7792 21623 55881 89351 23016 56456 66694 80997 25715 11313 97415 19751 44000 23914 
89437 70106 65071 42199 96527 98395 25393 87223 24907 37611 85231 78207 9940 31129 42960 98896 74851 82042 56501 90565 
98459 56404 4068 68307 83498 48689 59254 15869 49092 17723 34551 84736 30874 8245 11162 45383 91033 73428 10105 20777 
54474 74851 34687 33096 66605 61039 6546 96003 76952 57318 10218 86756 611 5792 95146 56198 99516 56288 92526 71021 
20507 83215 63100 75384 52228 7580 45108 42314 91226 68093 29528 25743 38350 67584 20791 86344 15712 88617 11831 99248 
17016 58031 19231 52532 8822 96121 31729 35184 43545 79714 77682 90456 82042 38272 76183 54602 76885 67542 60005 35650 
84362 86583 90498 65541 6049 21227 84307 81975 22261 2260 40468 79158 64096 50554 79286 41196 26966 18852 21374 75252 
31834 53521 54561 21408 46931 27672 6202 16136 68395 66074 2266 60123 9550 99165 29632 49087 88069 18505 61742 97420 
64976 25734 30386 71414 39491 18013 17438 41606 79670 71868 19795 92890 8986 82940 64432 97112 91343 14184 9760 20489 
68246 99553 12275 23468 20830 28766 92689 35279 84001 28362 87144 71749 4333 49584 53240 8332 21708 93248 24415 92562 
1141 89238 69097 98639 93656 31131 1076 60116 74649 76305 69808 77608 4903 44156 55368 45755 89968 67578 33355 94220 
38807 88235 96764 51609 91985 1001 94269 34225 96473 495 83286 17674 64482 44819 77938 83032 38388 91428 59859 79701 
39687 96495 8820 60279 2577 86307 20303 52551 1778 11279 92554 72365 71823 4259 81167 64201 77018 37124 33055 90045 
74648 9970 82475 12214 9503 71627 79923 93722 2513 72613 32388 59268 24093 41017 36214 19767 20833 71966 99811 55620 
27005 74597 70214 3543 76093 62653 29351 18820 13178 52435 88873 65813 19991 14643 22468 83037 86680 68509 58270 34897 
41795 47453 12651 67419 81184 68102 95918 94324 20888 3248 89932 36154 65987 70564 44957 69979 81318 61644 58145 35442 
3354 98733 80407 49307 4375 41642 22959 99629 13094 49562 97408 90084 11125 22523 2651 21168 95819 76405 23843 57769 
24908 13460 52727 39885 5083 25027 94507 25282 76256 78926 20120 53177 80248 5720 12244 29033 24160 61521 83246 52576 
6683 91711 846 24173 81374 36069 10813 52407 34170 70934 54200 71824 15492 78596 78666 63854 54772 52254 53138 29611 
70386 43563 34613 38812 62138 49382 10943 96081 30538 72581 56542 25764 43344 73722 25106 22324 9717 77165 17303 53470 
55862 90996 24846 67626 25530 7240 85414 30722 3107 54909 7689 30715 25903 97352 97273 64349 9601 74889 3969 97651 
10178 66964 66680 92086 19305 29482 28620 24178 48468 57253 5143 43766 16960 9531 80174 6665 19555 4772 40653 822 
50857 47304 3641 86718 66794 98441 88359 33332 54728 78170 45597 75977 4178 47455 22639 28522 74184 14430 36689 51892 
18251 40808 82587 29003 13612 43167 73033 30460 68093 51184 23918 50011 72861 89547 43686 32169 9552 22671 70435 89642 
93465 52877 99158 75028 88188 4329 15889 97795 78861 37576 72722 49591 8815 52729 98260 27555 40874 82346 77667 43572 
59570 17983 31574 74393 74550 96262 28961 23663 6187 36760 36122 50738 15225 60794 41909 5625 69104 26804 15573 60246 
24493 44489 2910 78797 6362 71809 20596 29855 89572 83481 26040 69267 43062 74368 53001 17801 99038 29249 71041 17860 
73667 4392 83075 58585 33479 29817 74938 2703 2497 74546 19543 38818 38511 76741 49806 11805 10686 60505 61344 14072 
39241 5538 17339 27643 86858 54214 73838 17897 5017 80820 22248 88636 59987 64172 87702 44149 37495 48426 31343 54460 
88794 24211 16709 65565 36961 60596 43679 56694 54488 45568 49886 3068 83867 84295 26529 62077 78725 52784 47806 12838 
46546 87134 60623 3586 83204 16137 57427 9589 72027 90335 38144 10166 19738 97785 18728 67776 19939 42565 4944 18094 
23357 34961 78598 4593 67177 37540 48252 12461 1571 8586 52125 63969 69711 59183 95833 77499 7095 42300 92558 86189 
2950 46489 54736 86831 36239 30737 89523 73470 11615 45967 50902 24822 42724 7389 20744 57547 39881 34921 53262 23289 
4704 63652 6293 52552 51625 19436 43214 71692 54565 49232 53650 47801 94735 62919 280 3213 12133 21975 92833 7804 
97265 85215 9187 85011 51996 18990 84207 45390 37322 96112 77593 74193 12672 35922 25761 68170 21083 15670 2667 83799 
17234 79892 658 48740 38664 48097 68520 99221 65423 83178 53691 6239 77941 49800 95986 16352 94353 15226 13399 29103 
6032 4934 89039 72270 2748 43094 76790 71185 27199 32231 83949 42985 29747 98800 97142 6316 41579 86146 47605 71771 
65873 48180 59670 69917 8667 35145 57891 92986 7217 59957 56 36423 23747 65291 62031 88614 82154 65538 41863 46851 
70578 62374 23326 63007 2428 35588 40174 32154 27547 57396 62572 82576 97028 43933 51693 51293 83849 43147 70287 70097 
30990 61444 80037 19319 68318 70421 27210 45761 12202 85012 97156 30874 6812 29345 70994 46788 91692 74948 79655 83819 
53964 64780 98486 71513 41555 94542 68110 81970 98353 16104 61540 6465 88884 99450 90302 67754 93566 30068 56354 62814 
91749 22020 27501 31865 72083 19850 45494 62308 82732 91459 47235 38263 21891 54096 8391 1480 80564 13832 2677 90343 
63664 15995 39794 59080 74163 11441 74092 29508 43170 57064 84178 48881 63196 29844 2117 19997 45857 1470 83246 34804 
31691 33431 17696 88191 54734 53601 77608 73633 91911 66226 91459 88412 45781 50623 88638 21776 73267 82497 57133 72805 
41920 90070 696 94619 91292 57635 98707 53002 35705 90307 82047 67232 20111 335 74715 95462 46808 58763 34987 25397 
75953 18745 86666 26675 82529 29009 87094 84647 31546 5195 23356 81964 3268 86611 23517 47313 75365 8017 31350 68377 
85728 5166 61404 9219 95825 93580 49518 18714 39816 20256 69210 31474 91158 23499 75520 61651 63063 55406 11969 42691 
17065 67541 75124 44548 65557 38795 59820 97548 61295 66362 70251 10305 7095 55900 19462 86882 26124 87832 15241 98027 
96165 55394 94667 3715 33257 26524 32126 83220 21997 76908 75399 33498 16144 75664 3834 95882 90621 75400 13042 62873 
97788 21959 43544 90199 45694 7406 31102 43307 96935 86568 11117 75982 193 73650 33240 45292 56854 71883 3506 30269 
33548 15747 71704 48511 75660 39777 31561 57681 55855 57089 92741 66983 92394 74343 20082 1067 9696 18225 4810 93823 
64712 46852 78898 75758 67111 1281 70016 1118 43183 42979 79955 50049 82483 22606 97263 40721 28400 46203 16977 42306 
84314 11906 55671 58951 963 7155 44713 81607 7280 22623 42892 51483 16496 42259 50842 64320 58110 82221 27506 49101 
99469 88282 72577 24095 37690 11995 77096 38552 385 17006 54058 5039 79137 99114 50053 98385 65535 33703 32803 9762 
82111 5960 11767 67353 80101 68077 36458 2211 11444 15886 97723 3720 74854 32942 64306 48744 48637 80810 29251 31825 
41680 17878 97240 48522 96001 75488 39743 56304 47833 72213 92907 43403 37222 23557 26466 54478 72022 19861 25607 84091 
20127 95603 19706 95663 37499 50481 65478 20026 22720 11580 11542 80003 25699 80577 19793 61720 60351 54734 9854 46719 
62506 81914 6064 79603 64922 7618 34351 88833 79379 16876 39034 71087 1230 35264 41867 88130 79130 33847 58972 24468 
98535 80629 90007 767 18081 46666 20396 73227 68734 18064 25328 60456 92502 77518 46734 85379 54235 22874 61726 93956 
90460 50209 8756 417 95730 7464 75875 71803 91607 48279 47306 93834 62217 53531 5804 21325 84065 50151 27692 66060 
10558 42233 19644 64896 4171 42349 87300 84864 80013 21151 59673 40384 91475 84010 30226 97712 38210 83342 134 56060 
60088 61806 27124 30548 37967 82874 50359 20904 60214 61855 53060 55485 27882 40909 1279 8568 44516 82046 90303 55759 
93932 55532 39741 77471 79728 21852 93030 17879 67983 46080 16986 3621 17340 6243 79110 59250 29904 95928 74155 60330 
26814 83563 25274 52679 90397 63952 76807 5146 2951 14737 62515 68746 48470 82568 68413 6961 69959 77531 48164 50869 
61371 81768 59496 85794 85078 53658 47473 24672 2883 46794 33339 18884 9407 76941 29906 94029 24537 69581 53930 30543 
49984 15276 72385 63138 82327 99740 78391 75478 57544 81389 53843 93800 67574 68262 51965 16372 6013 61145 59208 50863 
28131 55854 53901 88669 18816 20492 87569 2365 68653 54444 50292 77683 45631 6805 99759 11569 27954 57492 63006 19618 
45289 45019 55267 12326 927 90105 6553 35698 60328 4131 8576 35870 51737 29771 57992 3213 17708 74329 36891 92086 
68819 34850 3938 24367 73453 68567 40710 88318 45321 55203 25272 83893 18832 99324 45529 68381 1517 5360 76239 57285 
86338 18414 81362 83420 44069 52724 99578 26206 14771 37764 61576 92730 92465 94160 43493 83164 90402 93643 55524 86241 
23865 52176 47894 37354 45205 85702 84848 50616 79149 8940 3437 64604 23397 65944 55216 5274 96396 98622 32649 69232 
36735 22974 92606 16456 39584 8288 57366 75264 34468 98160 23087 99504 99815 84297 4429 65674 95642 77147 73965 33419 
20451 63936 62801 10874 94218 60659 55874 38847 33624 14539 53556 61385 11921 99755 78880 92658 25679 75204 84842 26789 
91622 18256 49302 19711 68658 73973 29244 10607 67205 49853 26307 25131 33253 26821 77934 28582 87691 66744 73359 57228 
14705 46893 65040 58762 23376 69817 24748 11261 24469 98185 84481 24294 23149 34158 68432 33053 59059 80962 90790 33600 
28674 82113 32149 20491 40609 16328 54021 17637 29816 46079 36676 45777 84368 41428 9151 30167 81786 96088 79886 81871 
66231 46113 70467 19671 3603 6370 14552 44319 66712 22130 50630 18532 40889 8959 54132 42297 36452 16625 33076 94585 
66002 78118 8056 60266 25978 99435 2748 9658 21901 26341 85186 1581 87651 29706 28886 5117 16528 28103 58981 39764 
38771 7751 23188 44674 23084 61044 6537 25103 42198 56764 70314 69143 96260 50681 62645 35481 17060 42990 50142 60524 
16127 96172 19699 14298 37317 8696 75003 99678 49937 11553 4338 1192 15607 81957 72532 87922 34134 50998 92870 88146 
11498 27054 79234 57442 83941 77104 28184 91480 83323 74255 23102 70886 25098 53268 92723 76116 65316 23206 55232 8464 
87387 68689 44578 58880 47489 57982 47722 78769 13263 92729 95008 74650 98115 23004 22171 71291 14754 70818 2296 1171 
30981 95102 55835 95945 65426 44933 36927 55245 73696 83033 25339 77365 96191 36748 35565 47031 33376 44094 66061 64193 
95223 41245 52862 80357 85425 47926 61306 71103 58906 70633 37606 4244 80224 69487 29060 20982 63121 16028 68379 70608 
13207 29819 295 60852 2983 60421 88585 8941 72462 99524 37514 77604 98415 94981 79497 24095 41230 21371 87741 94844 
91764 47801 26191 98509 74353 21819 60802 8838 78110 97140 52816 27153 60037 21919 66869 47467 74669 83529 39177 66864 
35216 94557 72246 34430 76619 75599 91101 7570 34180 43620 37991 72378 20258 1606 49263 61493 38752 15890 59326 65532 
9194 38369 71426 19413 84483 78677 40919 33620 89332 56947 41511 30712 49792 16732 42808 89689 78876 10733 26357 41541 
24200 55138 28989 7589 54341 1524 44884 87292 69461 31972 80167 92960 97072 57701 46795 15685 32214 6952 68311 82015 
50370 7335 59826 47127 67488 51613 53800 5107 86455 59000 37603 85560 17150 76419 75279 43269 70683 90946 73506 45398 
82437 73175 64013 97578 10412 75431 27920 72627 59657 30117 76171 28392 36663 59931 47584 71286 21848 60979 41816 5172 
57981 94887 14432 8030 80008 42810 27326 31620 24052 86164 77208 49571 41122 59108 35637 7890 3028 60556 48871 95267 
98052 7548 46016 97252 90317 22157 50646 57337 53334 24730 58532 56227 2948 3317 63006 16763 42009 95378 18983 52314 
48316 88236 88058 24342 44695 104 97153 64013 13668 1057 73478 38297 4240 56597 12893 65889 32615 7813 60332 20272 
25015 64107 70594 94049 60783 93656 55629 50296 12853 77605 6504 44409 32086 54887 68000 11124 97235 29172 74059 64733 
42125 50928 59743 79734 83177 18974 48567 13056 36248 73380 90515 29908 82111 96028 91339 63606 83943 74684 62993 77538 
68158 28585 46280 88442 32676 82685 33083 4560 10620 68430 99096 59692 27536 22826 88552 57597 29764 75681 5913 15951 
85309 5779 28933 646 26887 28302 31936 58607 29179 332 91904 82519 54584 65953 48028 91514 51223 22292 11820 93265 
12684 66757 2796 77329 40816 46605 98627 30269 7207 30718 12166 4862 29387 24861 23405 48563 99579 59005 46525 46267 
12405 84640 19144 33129 13528 16606 31495 44276 37873 71382 60937 41672 91714 66693 55326 84465 3631 24787 10120 40304 
20340 48561 23362 68756 38923 59081 47498 11670 9887 97600 56341 54038 47367 17030 44315 32336 84044 15447 82964 56573 
90727 60206 90900 65405 30112 96475 12411 54688 24122 13456 92285 48004 36342 30831 89810 67212 89869 686 20210 59242 
90591 95863 83926 81996 23576 6384 25321 7319 2585 84509 15259 29765 49631 90472 75795 99062 52678 42628 12558 57513 
80896 2718 33259 95402 13898 8917 31457 68959 27863 96266 21202 13007 26074 5794 52855 47622 68058 28046 81533 78471 
3727 69225 51916 18578 97223 15558 5591 14469 37082 93780 5313 69822 50730 71275 16107 26524 90630 67545 99930 83279 
96945 65509 84392 62636 76021 82532 8403 99293 70689 59178 6556 66309 31182 44230 52677 2670 38715 1016 52318 25716 
52443 2848 92987 81122 84551 27082 32185 75909 70702 54703 53084 93653 85595 57934 97960 36555 11844 14251 41565 19110 
69020 30525 86497 67391 52398 62823 27926 1647 94163 64222 78628 28551 22277 1333 76471 96734 62331 24733 3368 89033 
27652 25145 62311 59946 75151 97392 47509 34451 50891 86215 36619 48361 7545 31331 76532 92490 80859 24648 89231 48492 
39905 40397 6367 37436 39882 86325 3641 34796 39307 93275 41615 11001 23498 94603 21488 20211 5547 15837 14332 25990 
38609 80042 70745 64487 72554 90214 31667 84636 50644 38343 31877 28169 75959 33014 5788 48713 97242 89176 59680 10340 
63294 310 3909 69330 43052 89723 64338 77120 81248 12713 54647 35549 1516 63677 96748 13286 23159 9181 74072 26376 
90439 78072 13073 42046 20861 50124 6933 85320 39399 68204 70856 97081 50708 42629 71059 60192 4084 22218 45599 94890 
18867 3594 71777 68827 4670 11350 93913 51780 22257 38420 38941 64734 95892 83703 37791 72705 78536 49414 80373 70248 
21484 40007 77185 78894 36301 21811 86653 96162 36608 93951 54961 53880 21484 18791 80165 87642 23410 65529 64162 62800 
55413 42028 78669 22768 28375 92709 26803 23264 70447 96153 53587 92408 77730 29163 53755 5971 49421 70709 44229 27843 
97581 80136 19154 69588 72927 66873 89290 15738 8726 80182 69369 20693 57926 99302 23820 93621 12094 40054 43664 59700 
42379 29862 34522 39056 55310 51316 41377 59780 55722 40558 31991 53972 43850 89578 15067 66714 93960 96833 17246 90173 
69521 41250 40931 55715 94611 15675 26757 21160 68471 30240 55195 38547 47375 16914 57319 44998 87141 65961 61112 52269 
76715 76790 17467 56691 13562 54321 30587 41974 29297 14322 97261 32832 45875 8858 41382 42554 72103 66600 24237 11812 
51482 47779 83506 99776 89824 63174 97388 59638 2530 27393 294 96065 96505 79821 24945 84864 81912 85467 47322 46758 
74806 34338 51703 40581 88353 9776 87380 49743 66056 99768 20495 8641 31142 93725 72404 34176 10486 36893 11262 44290 
76794 64922 71575 19767 48967 54542 39365 27359 9250 31453 51938 58547 97690 85370 34687 38588 50034 13806 73432 88849 
56511 86363 37985 47912 2293 71516 91430 15919 5714 78626 29713 71252 83511 50377 81271 81203 65163 96097 29946 45225 
39197 2485 1972 18244 18601 14792 6952 6618 89812 36056 19183 190 64688 1103 39918 24002 17183 23217 5572 31364 
38918 32260 2605 80089 93994 57057 43788 9689 1189 86082 24624 45149 53898 10929 44610 23676 27187 45714 11936 49384 
72334 98801 95687 49219 62722 29554 33937 4177 70312 66375 82613 89127 97086 36104 23958 62648 46800 92490 5348 75813 
28884 54623 28560 87463 14491 91319 70813 99870 35193 70287 86737 2035 27893 19231 70021 24200 6569 42066 7149 24767 
28808 5624 66158 75098 4340 89018 3539 2665 24021 73939 92050 87624 42179 12428 82597 94985 34379 20240 65886 22882 
60408 72730 63399 87963 89844 54179 20641 4126 30982 92379 31427 58937 42028 20564 24122 26542 29251 63107 10404 30622 
21955 53379 51146 52159 26297 97404 63182 85548 24230 31926 98001 49986 61637 61863 26837 16956 59784 86812 19761 68368 
18961 96326 2679 22384 58853 14896 35937 51146 35690 13206 25130 87117 44648 82602 54479 1214 80442 58650 73535 83632 
61527 44583 67948 11657 80171 57703 41334 19605 17661 56830 97341 49589 44148 62157 7344 31939 62046 66182 33479 76021 
92231 24672 74885 36700 75736 16923 97750 31142 16800 87630 16717 99143 37489 58097 53798 88189 94459 90175 55406 48995 
21815 54378 63848 79724 12031 98357 76762 93825 83341 52964 91591 6430 60317 30995 14998 76746 10972 48158 10629 71667 
99561 189 54735 14870 58115 73324 73309 83313 19093 11449 26568 67340 86550 493 95926 90067 87591 24387 55295 55688 
76032 90750 7537 1004 67923 94077 6851 48085 71672 46620 60103 68746 46759 57488 38668 3271 11727 61035 87340 20282 
41367 96052 27070 89060 95302 61707 48226 80087 48701 58923 69814 23512 16986 58843 21795 70153 48503 81283 17931 40683 
76231 37612 56392 4697 50417 5614 16574 622 47590 74178 94045 75403 26471 32858 2125 43989 59159 2484 65982 5144 
47704 97533 85959 85351 77029 14303 823 88346 65442 40377 64276 1082 81691 8686 87331 99764 67755 10629 31550 48321 
99296 47614 20599 66615 49395 75295 63040 10521 51408 50087 31993 16827 98753 70464 17075 70359 74671 80663 72029 94391 
88306 22532 4656 97050 94248 51386 79660 13122 8958 58383 38003 53732 8350 57275 24837 57798 95487 34726 57182 71498 
14399 65087 79139 11337 13760 84653 44288 76834 92975 23766 85504 67747 57211 16708 88018 46172 76769 36368 15739 57937 
58208 25406 32422 45144 38619 37217 83547 18127 36392 34665 56750 34795 61556 94313 39926 43962 64115 2364 64883 65123 
47171 53680 27960 30659 72031 42973 1358 52965 11768 20399 63703 58901 12981 30675 2363 5833 69224 45219 79816 70193 
74660 5558 43091 81900 83885 37706 69806 62474 47945 12315 65309 52130 88450 40681 12117 99370 31900 68051 97818 82964 
96609 86737 87362 96861 24025 26261 30378 80495 64834 99776 50069 95776 39378 78212 80254 27250 84241 73261 21009 30959 
1871 75252 92931 35492 55892 3395 18302 25938 26510 98529 36065 34458 99385 6505 45223 20286 75334 63208 83965 69042 
21789 41277 19295 27782 26132 42149 46252 94696 91739 85006 30594 26491 91340 64623 8921 32824 7624 62326 627 51317 
12915 26268 26878 9392 6592 71295 82730 43815 64791 55870 54822 84523 72493 72833 17695 88970 87996 43041 83137 93874 
44356 32973 80744 34486 94124 76487 85985 96710 8372 16828 4943 70761 33271 5406 64039 44079 15393 68482 24474 89301 
13959 70153 32821 84914 9112 30522 90747 41169 92563 80291 99565 21940 22121 55795 24580 43867 27213 28863 11571 50004 
71887 49662 80940 91371 42423 46342 86777 1242 12018 81694 97471 27409 2879 26316 75358 52949 81636 92837 36774 94782 
59604 16724 32605 70447 40229 12662 70754 40912 50774 38583 707 56427 73247 65849 52101 48061 76426 22595 80455 59719 
78673 31385 54400 59111 71836 85248 16658 79394 66547 19555 75755 39643 75625 31483 48563 28011 90129 44432 36157 287 
82885 60620 837 60165 78219 10409 41996 98174 68749 48594 6172 92430 73105 78381 92693 11199 83352 87109 18530 18693 
93758 43291 59117 25295 10775 17639 54351 77253 16201 76713 79149 55659 75261 23619 81936 63379 4655 96066 74496 77133 
31751 97276 3844 12448 63634 7971 81842 12147 53765 62594 63693 31993 95473 90465 86423 11309 7028 60824 83089 90139 
53882 66448 52214 62247 86270 22689 16011 34898 76606 7211 65552 32743 23668 96875 78106 61262 85532 33924 64829 28067 
58506 7434 63591 56435 26787 54963 11739 67031 36517 54332 79386 25856 756 74384 24257 76797 57994 97526 33637 5502 
72642 5588 13246 31396 94357 81012 19862 89461 17659 12619 29937 16833 77394 29504 22255 10522 46048 74249 81241 6148 
60723 27839 96681 78390 65205 99730 44075 45585 9698 43447 29427 70052 2109 20487 30708 42921 3061 58394 56757 66157 
2177 39269 54076 82755 5372 48309 90325 74461 2148 22948 25282 30254 8508 1728 29468 91424 58879 62455 89553 80264 
75785 56451 68885 14036 18650 29786 1651 62134 63642 57563 6679 18650 87140 13833 8238 8964 89786 53598 10301 47005 
46388 84553 30405 58534 3693 81988 35860 95977 1938 31672 79767 95660 46679 38156 22471 71302 94237 38996 92252 30755 
26598 29082 57571 821 71709 67278 56196 55151 43967 2877 92425 23359 24302 37967 27978 90791 65405 15931 5894 39719 
26051 33848 24128 46283 92025 7791 22768 81868 68318 37662 34346 60821 26394 87545 50277 67430 3830 17086 15335 30388 
76489 91528 54817 3498 19011 97837 24949 21385 14907 50668 55392 90328 25354 91006 99213 73487 287 36252 89311 43084 
60095 15945 78448 9767 87307 84073 25530 50181 64445 85732 37687 58267 58913 37474 69888 56774 23238 34508 91676 70422 
71302 3691 57314 30512 29532 11795 8710 78283 60237 27640 84762 85234 42407 72041 28954 89607 97182 18634 11795 55783 
66319 72752 53098 30609 47018 87157 37203 16922 38493 7328 62283 68463 91540 25366 71696 89270 3117 15172 84548 66998 
50575 20254 68333 29601 51805 4122 13948 19521 53208 71981 52897 11860 79863 62821 54327 23911 75742 49532 86948 22496 
2936 28873 32547 96307 85816 19598 37439 13487 50824 44762 73737 84747 31002 10731 29238 95330 25023 41819 37199 36901 
97323 12622 73910 99645 8774 65688 36037 60898 85879 67 50290 47268 81614 56010 21615 62217 12491 69890 501 78402 
76054 64540 77269 46099 27961 21965 14785 99629 9447 53958 10841 38320 12764 99075 2915 34511 68332 76021 35261 91753 
48818 15382 44255 54307 14941 22751 63850 1598 15804 77502 3945 87086 56304 69529 85595 67045 37899 58978 54584 58058 
46079 66276 37644 41118 61577 97578 28405 44176 37850 67737 63599 71771 20442 99614 74806 88734 26960 37758 69725 98043 
89179 75424 79171 95321 74369 18259 55290 56317 60428 43776 38960 67302 69548 6699 46997 64071 56291 27691 36904 21683 
4920 46056 19150 74777 95679 54905 5729 80668 89218 23653 52073 15950 19154 67928 7264 1151 77300 26331 57957 8025 
35517 330 96103 23239 2337 11895 67019 53002 61688 1634 2329 86927 32516 7085 71475 73396 78712 59723 18784 323 
73995 72277 56597 78865 57525 48546 84138 48949 39854 60000 32483 15813 88862 96816 96441 45839 90424 85741 63855 36345 
28140 91491 15131 12102 55698 17300 44996 68565 91702 72584 53125 98962 49679 66099 781 21566 84971 14064 44922 46862 
58324 1727 69104 39631 65179 46220 31426 17627 35737 43413 92746 28280 95463 25376 76652 42196 63360 3163 34984 26338 
36973 11003 98163 75027 62872 75149 11838 90481 38104 86505 24754 33981 35364 53589 2035 29251 10121 80308 33018 50713 
91761 45225 2813 34842 14860 51915 57603 28114 33930 47176 32860 85671 46405 91077 54837 15272 89607 961 13500 88279 
19758 17647 8379 90467 57375 50475 42178 89530 75343 41513 27126 56510 47706 16073 40135 58910 27918 55408 46121 33106 
72196 29261 89299 11316 97782 42283 9883 98897 11114 52997 60541 82886 45736 34142 27028 56952 11585 59834 31862 40239 
23469 12978 19512 19679 97559 5942 69324 94707 14983 17575 76027 87046 8341 90682 5774 44671 56154 47701 54169 11882 
7403 99046 22134 22852 10006 35172 54970 83428 87428 31655 80110 28511 94068 15210 37380 9981 46396 33416 55561 58987 
49282 92169 28568 38353 35934 78512 66520 86245 68701 19011 54453 64791 64519 64181