26525 47080 26735 37073 16631 90048 5087 36395 98406 23363 26637 50235 7276 65670 28722 35556 75764 77950 40190 20442 
3034 39629 61343 85040 59794 96647 17747 82509 46289 55889 25690 42620 9407 29199 82767 76971 64343 29424 25022 70508 
99329 9560 35898 80439 83687 25446 52197 52857 55852 36696 93010 85792 76562 16131 7179 27216 24632 97121 46484 78097 
35634 16937 62984 97266 9804 48979 59292 83194 82495 72747 8789 77747 24257 25025 31742 27925 85366 68683 74805 15484 
22490 69127 87041 13014 80587 87172 74798 80940 72573 58712 81291 76917 89712 55997 53610 37829 80728 93574 19748 25018 
52153 82156 51821 50297 16449 96090 38917 95933 59398 92396 26734 75028 35915 17928 76273 18422 26901 16044 47147 41695 
71651 7607 88908 13880 47337 4705 35493 98307 66860 48808 41108 31128 52614 79298 84418 61042 8934 22847 20292 65703 
25505 35047 11797 34092 63342 41932 60785 78583 43042 15156 8664 54131 29288 78851 77763 26097 94394 93006 79197 73586 
15470 30960 65458 76932 25313 42705 59325 66069 9810 51754 1309 39447 55419 12488 17389 76903 21554 57955 72975 95919 
16336 82641 94988 68842 18164 39745 56601 29847 45717 32445 70410 30085 30646 74065 68634 91205 42761 29889 51782 37644 
81232 63500 10561 30172 94177 40959 22503 27945 55322 68511 54632 27849 51584 20975 4574 62581 10015 72330 47831 82992 
96623 87311 72136 82995 23656 52514 74387 70077 37936 25270 87022 39640 91879 4588 83678 45543 70523 53910 50975 18422 
88366 41654 34217 7534 49506 30891 81600 20794 24103 65120 78401 33939 69517 18592 78938 22545 93159 2237 96461 34692 
14363 26301 15446 17347 945 72012 80717 69932 14021 30230 58001 56399 83181 11899 11087 92950 85340 62944 47269 10526 
21449 96511 54972 83010 38411 77956 2191 47323 28501 61087 77507 58386 3160 28472 28740 43201 29081 55111 53385 51360 
83004 207 34926 42590 51671 98069 75132 31902 24302 6528 2410 15656 16345 16579 11389 89914 99817 50194 36538 8778 
40244 94311 18095 97091 14258 64603 48004 66036 82592 27924 4037 98 74887 30294 66007 705 96383 4386 9006 55385 
31971 60924 16319 73376 31017 85344 29582 20590 88949 7859 52108 35835 40744 55335 89073 45801 72412 67352 14995 51471 
42856 12201 5363 65220 36451 45157 84741 56045 91681 62847 1442 11215 13279 32909 84257 86474 91917 31146 59728 88850 
20991 52207 59696 97636 51956 53369 98802 41731 69118 80804 33663 28433 33353 80029 98374 63233 43017 66369 22611 1699 
8997 21000 67491 15145 19466 75961 38607 50338 33942 27668 11227 50862 34202 77185 77356 84221 98511 96751 16798 9617 
28902 51790 85215 62020 49288 51482 40214 71196 15407 66649 95224 88652 55074 71017 28533 90951 7996 96472 88245 28809 
19339 20653 69902 70101 20256 22340 5169 98397 44106 40503 14416 91546 15850 56817 20431 32503 56574 91436 16794 69298 
78840 46382 16071 89998 5573 51126 64026 52337 10862 63719 46781 96062 4963 81493 34703 70337 15977 97476 63600 54650 
34902 71812 13232 27182 49290 27853 14654 5466 88634 30982 43067 1838 55 82220 63789 91686 62557 61377 36479 62960 
91080 35552 94240 2980 8130 10540 80638 23889 33632 69263 15671 37954 37537 77976 26142 75058 78420 21545 59580 81113 
85586 85395 65958 74197 52893 57523 47457 30420 72117 27423 20776 38260 69734 12171 49345 93481 34310 7724 92510 76614 
14775 86990 55356 20934 97638 63143 79191 54673 14783 95561 69025 59057 85180 58868 41459 52100 48618 64889 79317 93294 
65872 27322 47162 74108 3393 70411 99595 26197 30366 28093 11406 70311 924 40712 1512 78741 79453 20561 26110 16194 
69770 52709 34992 60556 29152 34936 27852 2117 94700 79644 69884 83279 70879 93323 26846 79431 10346 63950 44549 3066 
48337 42494 76342 4503 9079 34180 44551 97501 12515 56231 21869 60537 41710 32619 97699 87956 83505 88888 53104 56183 
7474 40641 27853 89936 24274 76666 48216 446 82405 74443 7772 5891 21273 96666 43432 41701 91471 92785 90406 56129 
32906 41107 45867 84414 70163 82064 49808 79403 49860 64122 84902 30817 77609 28986 9374 17711 40250 98240 82623 21914 
18584 33811 62000 53277 932 48498 59785 16824 62336 97153 68090 42159 58495 79496 89369 86659 12846 59368 84211 27734 
39425 30056 12689 70384 62479 51448 61240 5978 81759 37898 12093 11292 60441 70496 22945 62939 7529 44148 28411 17075 
30641 62612 18468 38318 67050 30342 79107 15595 76281 55281 86860 43320 40655 30943 59312 31569 9625 13543 97353 41880 
87157 47466 53123 88614 84495 89035 56338 85683 52202 31886 6106 60743 78110 22589 51846 91816 24411 4272 97721 99413 
74288 64033 46208 56746 98212 13623 88557 32331 42335 19047 71728 18833 85490 78057 78059 63618 23270 60134 42740 96073 
87636 28273 87130 62547 54062 30912 46324 70471 26401 91799 48205 82386 72821 16933 85960 38484 58663 86625 20574 36842 
89776 45696 46939 47400 44991 41947 29941 90340 78645 8843 28624 14325 1825 11208 8993 24872 66857 92384 28454 85460 
66450 67272 34318 44087 62643 39193 944 23187 5750 58197 16238 85784 27957 39052 56485 87464 45422 26588 26689 21557 
1626 51046 97411 74024 80438 62688 35789 72499 40856 63576 56842 41340 3482 97046 22820 46184 47903 63646 51522 13147 
35426 13951 7205 22201 54370 66485 92182 32788 21452 32305 42648 69836 91412 60671 15892 61498 12308 3220 69264 91482 
45633 57550 98905 14870 44647 36859 89075 78328 57343 38124 25891 35075 44813 78662 70573 35742 73458 2777 20681 43824 
32508 86484 30783 81896 85219 3908 24972 6671 74408 49004 42667 655 1567 67483 40156 20667 39179 84744 77081 7265 
11841 38430 23107 65175 39199 28528 49237 56377 50977 51513 46750 54639 11906 54487 49207 6115 2600 1541 67965 88626 
73427 12051 15381 49034 73786 80741 19249 70439 581 82704 42864 95481 38928 91044 28351 18396 99035 60653 54671 53024 
57458 46779 86560 79411 58544 78358 98770 62480 45340 93496 14502 54791 42472 85261 61189 97129 39874 76652 98147 32545 
64289 63060 52748 1325 30159 12306 73688 57307 91923 88630 99314 3391 15769 79781 22943 82161 67443 1390 56729 89569 
89640 85420 43751 38783 18740 32608 24730 37652 70275 1239 68934 71651 11478 70524 27146 99986 10258 19502 99335 27305 
33746 35781 30083 60469 13430 30119 54573 43446 5459 69188 94531 96618 44756 8363 39322 45771 24989 2102 66365 59700 
47252 63488 22710 23908 17488 12840 98800 69833 22141 71904 3031 35792 65220 76245 61928 38924 43376 70676 83642 17256 
25848 27435 29491 57387 41770 22638 43494 33882 72428 57356 88703 44050 69576 95082 92943 92691 74647 38473 19149 88763 
85893 32407 79051 57703 55834 62842 74677 95552 98613 28469 16579 71380 36249 85313 98420 28238 2267 83488 93554 52272 
89142 67116 43293 61521 84909 31678 69162 31153 69276 45465 90022 85044 38412 34778 53571 49768 50193 75837 39500 59180 
81832 70415 19366 55806 48572 89095 89479 37585 61506 4855 98325 99578 96888 89077 51577 64607 18783 60273 14693 64456 
30493 49942 46062 95529 20044 22806 63597 50701 12173 85435 16926 62894 17615 80286 48063 41117 79702 85734 9478 23896 
33677 31036 18564 63382 64740 76437 19475 46963 20401 34176 3418 79713 46674 39720 97685 54051 79714 54620 94432 65769 
87120 24302 84457 41817 82211 47081 55661 49702 58442 18376 20272 42468 20769 57739 74045 7022 19354 76120 6689 44861 
15908 56688 47093 28627 78047 74068 35651 38474 27039 19351 93285 50763 91443 68607 14017 54925 84593 98526 79382 43479 
10240 17068 75366 74664 60926 1472 70612 21318 61657 38873 22229 93014 91961 8046 55178 70902 36959 17261 1392 47932 
16434 29833 60139 42541 28505 82992 62912 23735 89446 94669 36892 64002 45539 94452 23021 3305 71706 23976 13490 15381 
99716 31902 17711 73677 62416 87159 47396 22077 91234 45269 27195 73936 2532 89815 87803 26777 56258 11902 17219 59819 
4897 50518 5590 58647 28523 58379 12182 14883 84147 23686 91856 83229 25853 39036 77306 95775 76197 50506 98805 36921 
94753 34912 17801 1667 76297 39827 52250 38812 72908 70058 73045 55260 60881 97040 37759 32224 36006 72566 75771 46189 
82601 82252 98367 20326 50394 90380 70250 15995 83918 65852 61946 51166 78965 88328 15354 48201 75058 61467 3458 26067 
38243 30578 81077 51074 17032 60328 2256 33363 7588 42422 16793 17317 21884 59362 46911 29424 36592 1239 24348 52079 
83516 84847 48461 83138 25532 4698 67913 98720 46286 11642 20015 8327 50824 12263 55966 95535 85562 878 42963 55455 
39873 75880 9649 9097 28476 74830 98355 65459 97421 67496 62040 13738 62482 95228 60825 80269 70330 9014 5675 57921 
47461 42202 26389 37424 49951 88870 35523 77845 43215 8848 77238 85850 80196 69397 42083 5157 14237 60709 11469 80610 
42241 70244 70941 14899 19077 29738 83558 49829 26420 17239 9906 50736 40114 60376 95711 87392 73509 35368 56044 410 
74310 10733 41116 91345 91389 79824 47979 11019 36358 35881 12720 46246 20537 61227 85633 87479 39724 65504 51505 74992 
16635 98944 38248 22137 3880 23309 58269 547 37975 71851 50502 45165 51556 56380 6713 16709 53877 48411 78197 29573 
7644 55914 53419 99379 66846 71025 66115 54750 22779 82759 12803 74680 36000 44162 53619 78003 58195 38192 17248 34478 
39083 44416 687 59789 72284 30889 57228 32990 76632 35021 64856 24448 42174 44928 26163 3832 31878 57594 63150 54946 
18035 73570 20234 48743 72469 84246 1243 8987 68793 7339 18877 78428 12480 14579 77000 89288 97263 33376 31535 82755 
18502 66660 10184 12804 37807 89275 90380 14183 25709 7125 20703 10964 61307 85572 79432 83006 57495 27804 10988 6746 
59237 68009 70256 35378 25912 23476 29581 16598 66648 91492 66832 4678 18406 58380 30996 75593 42760 64524 32818 60060 
71503 10483 46585 52919 29965 18319 1127 10075 53176 23688 10014 90131 58557 77169 35939 95267 44877 5039 18402 24207 
32002 96720 59554 25517 89811 99812 41197 43318 34693 37734 88433 76261 73916 89339 87580 46359 99201 38545 83295 8293 
53147 3844 76826 31986 40434 37080 93076 853 16325 33529 43387 62184 5882 34989 86524 71852 83634 24935 76451 74919 
35153 13914 34059 91066 44125 40930 59294 86819 48804 75004 62115 29478 71355 26254 13890 74194 98504 95402 16598 29075 
52791 6547 40444 61568 49235 75898 20019 515 12836 36616 56872 63464 36548 82099 39867 17307 69096 2968 53539 2638 
46336 70048 79360 64815 95881 11221 26439 18964 77978 48286 60798 65047 83260 54167 1889 59408 52016 46380 16557 43588 
12814 38717 18840 34963 86201 21717 44896 44691 45735 26282 65210 32376 51231 21648 5121 42150 90207 29049 19841 92282 
40784 91037 19652 67203 66648 29609 97994 63922 75962 60372 96990 1629 36533 71681 68744 71377 36853 16833 17348 21395 
61900 67606 58883 50928 49218 9120 17397 96647 86501 29764 14018 24041 87025 20452 34829 87262 72014 53007 14651 20438 
93193 35533 27258 38006 71984 82642 70634 80662 2945 33279 98514 96476 42282 27955 41422 43279 69847 44493 45272 21536 
64158 35096 16885 86857 74722 14300 6807 5674 97034 85409 13921 68770 35668 14662 14823 83631 59159 61175 82764 88409 
32038 90194 82757 16345 52024 35473 36477 16099 7369 48033 22877 32673 82534 99461 50035 27214 44599 59866 15833 59726 
4509 7169 48513 98760 13516 60692 19226 91482 37613 20461 60650 76513 8972 94444 56796 33361 16512 11693 16301 70443 
38212 8972 17816 75358 61121 60157 57795 41816 91832 19192 97308 87114 81065 64411 12623 13343 8991 96805 89194 28511 
36591 33203 25100 19078 48211 82937 85910 28041 85425 20110 11113 44902 30926 21693 81228 80175 49122 27001 95498 46273 
18480 75586 37873 51322 54301 79432 84545 35871 63662 79705 3005 17314 17475 88616 58938 3202 21530 14337 48567 5565 
77740 9020 73167 740 12299 20595 50590 88064 23341 25961 63287 2459 48997 84616 25931 79858 18658 45281 29971 76249 
54703 55829 8448 63888 45320 63733 17395 60458 33447 93017 66672 48966 17080 39292 69660 37036 52901 63465 85024 73091 
94602 71350 19138 62575 21187 98134 25475 22096 33227 95140 70118 95259 23980 53319 17339 97334 53150 56225 18500 67168 
21144 93712 59897 27890 39771 41620 19499 34327 8788 64835 77681 99250 7262 51591 10464 23168 91543 17139 63913 84795 
63470 18050 40106 33342 36677 54340 26589 84767 84029 80228 20178 20165 39948 94077 71280 77524 77126 85664 80640 68713 
93515 40009 14121 96692 12049 70503 74058 17599 18647 63728 94509 98073 21860 25102 20421 29307 30539 78797 26444 96005 
36768 85851 17781 8304 21994 43158 3425 24850 37419 13883 59523 89666 33255 36919 18630 12416 88937 88669 43753 21079 
9657 27568 72818 83398 90250 86306 47770 54803 40748 48395 27011 3025 67670 93010 77032 19017 47415 26884 50322 79837 
75564 52052 6331 43948 14415 65151 38281 29103 24210 95979 48169 69807 17881 99268 80782 41192 38547 7066 74657 33494 
7148 37772 7175 7463 31120 35452 22605 64964 48269 56013 28890 90039 22031 33158 70154 1071 49560 88467 9703 7085 
83676 46437 5292 65715 54739 53921 94382 89121 41215 34909 94886 81231 5806 92474 8752 38097 62743 81288 40396 37488 
65433 40218 68330 95364 88617 46669 29097 49211 51925 52323 90563 72725 42653 48488 82802 70970 55449 51129 31565 57833 
49640 46224 93434 66123 73790 47484 1739 27671 79662 39359 84105 64055 11280 57670 10057 73201 22570 68594 91190 92654 
1292 74880 14182 27333 9504 68904 41746 25913 53859 93435 46331 50868 75798 49801 35285 13974 23051 23479 43490 97544 
72024 17772 95521 16855 74447 24252 5880 32402 45837 98200 70214 84494 29305 59525 65823 40312 19433 30027 70322 18914 
78400 14726 3099 35046 7447 43423 32567 60562 96247 1890 87250 56883 46842 79139 42609 41475 41257 96083 24159 21990 
72231 53790 83653 69115 87901 46548 73853 656 86593 80137 27954 17511 16751 91844 70272 97652 96798 78984 34543 22322 
11645 85940 82007 36644 52231 85796 30835 71955 97062 96016 16369 91312 82756 2096 60770 358 7606 24157 9097 4002 
86036 59774 14690 13623 52935 32219 72343 31469 5037 26759 9389 27370 63452 5286 97353 27231 70060 44358 72749 14602 
95542 11294 69918 139 76256 65857 51068 45132 55050 65155 36902 95413 7449 41194 91347 30051 97464 11693 82944 24454 
20350 23843 140 2740 97753 33602 53146 83538 18977 10670 68634 72108 32274 39513 18756 42405 34733 45886 2451 97918 
53369 49931 99110 50317 63080 25956 84518 16715 38616 77498 65562 31170 83098 48706 21109 46317 43859 20168 47218 49769 
44564 48015 67135 82509 72778 57038 78066 84646 31819 18713 15410 56374 64009 12488 16151 70768 56572 64331 17994 94684 
29814 36619 93023 67976 70998 28609 52824 17150 34764 74860 14841 2943 30732 32236 39578 87577 46999 22269 36737 66784 
9828 10893 31700 21315 34039 61928 16436 98096 54694 8491 56011 14297 90293 47161 63341 92605 78000 73136 28736 61773 
31695 4974 48423 86612 95627 45339 85577 67366 76543 25695 11760 66327 13445 189 20776 82138 26580 26965 48037 89582 
33461 52319 8106 15002 9266 70742 7811 10094 55773 78416 9592 83255 13415 29785 59814 79342 76173 18613 22739 63748 
90078 15235 73879 65318 75907 28640 89854 64444 68066 62419 6790 22409 13659 88897 97122 94048 63393 27891 46780 95721 
84094 68325 20004 94942 83117 19993 91989 77766 29740 2052 85948 97055 22790 14455 8197 2451 88766 34244 16072 11806 
54264 67876 81927 88572 57283 5919 37512 17337 72948 76649 8080 98189 79500 84641 75278 81725 75274 93156 35510 87442 
64883 56357 86391 85201 90541 43028 70399 6211 13294 89307 29249 94519 86614 41359 20713 41415 31653 25754 41576 14800 
22593 18515 98374 70702 46335 73751 10898 32513 44862 20543 18703 44359 51364 71214 53188 15475 23708 5718 45321 48377 
35025 11324 38463 25528 13405 20827 45846 84450 31829 56459 33383 1814 72177 54566 72370 93162 1267 35779 83569 91099 
5249 63015 53933 41658 45787 8778 72622 70106 40537 7965 71562 40730 59930 91391 87497 3355 3880 87641 18816 33524 
8521 73972 41934 90379 53850 66299 41474 89632 4978 97231 28808 94331 72789 69617 81933 35681 58684 19522 47769 31463 
12766 2162 92792 54743 83311 57320 64979 64802 29797 93068 91229 99531 67787 4389 15492 58946 61832 73605 7268 69541 
91682 54311 65769 12572 24865 69999 45276 24627 77640 99362 69223 14075 24679 84873 29021 19680 57276 19079 16419 48555 
61204 95457 42553 30997 24915 64375 50364 52435 28497 30957 83121 77630 92329 80201 69479 4436 89006 99976 75990 1332 
15792 43508 92745 62803 35310 51711 34130 68029 20065 19362 78353 95550 12737 50016 3201 50257 43578 72086 16503 27427 
66140 71151 54102 8074 82604 3008 14649 35982 4988 74817 61012 43424 5496 38989 38857 29129 9712 89681 308 13260 
50910 85175 22619 98041 25853 55340 39686 79068 4820 43188 75829 3194 84199 54650 49377 97782 21997 47672 86907 76349 
96288 6570 5690 66740 55190 80839 77650 78396 29048 13692 59636 45350 97618 41515 11890 85439 66372 17333 76427 28239 
58708 84355 54317 68780 72168 1714 63780 51261 82445 97239 19504 9167 14526 55615 31658 37854 62292 78278 84207 32108 
91468 91845 19085 23414 5345 28680 27507 42764 31006 67265 52667 76713 94940 44884 60727 85042 20129 43600 83594 4225 
30227 80260 5724 4318 28460 66690 18843 76829 5394 19771 52293 22057 59209 39237 84410 23931 4610 81661 46390 46741 
31360 24184 43000 19872 36564 3631 83444 4924 91491 67413 83265 53990 94821 55839 36749 72864 50770 23067 17046 81244 
62919 65896 56930 63422 4747 51853 25716 34770 62670 75335 28088 31899 54322 62769 99529 2082 96131 87105 6996 13040 
22490 31345 12829 47299 20578 46523 17839 41875 58076 25635 82551 2626 13668 52409 48264 26210 67942 6352 96701 18291 
96747 31757 86105 33871 92088 85095 44152 31938 60159 65920 36269 10431 84767 11382 85854 81030 75795 82326 45192 61149 
35274 63173 30380 81989 50375 7630 56504 6554 50065 26903 68614 44597 61494 4113 61120 92279 15970 49147 95971 46528 
22570 1548 8195 64738 15130 4924 90686 9025 98514 54773 63728 59381 91370 34477 11572 89062 53405 4378 79458 1988 
78389 31402 44845 45156 9171 76680 24572 41676 46810 25603 75765 55792 19487 98378 5510 21621 78835 79349 29176 26582 
59280 9034 45108 16125 97014 34741 95251 28908 58752 66661 81133 27024 85919 4289 3720 96143 26672 1017 59773 72947 
50457 76137 16033 11554 53414 33025 93201 5949 16143 74876 5678 12382 98475 5641 60162 45406 31365 93779 86573 19614 
77940 19170 83807 21835 86036 60 54523 51727 7439 72521 13834 9719 97257 57380 77676 83607 64881 48527 92219 70766 
22387 44127 27421 69810 58844 9419 85033 84232 50658 81105 76435 86060 76990 56326 46815 60804 10966 49028 26941 39673 
97612 7974 48868 79588 70954 22067 69614 33501 85216 52737 16340 73824 8710 43368 44290 63530 49560 23666 50418 68416 
79569 46780 75749 8678 99469 43246 65764 29829 83005 69436 8962 9503 55333 74346 88324 76001 76818 97139 12891 44092 
47631 81609 19327 64103 85447 60448 64773 47216 86369 86754 27142 24182 86470 7376 30168 93522 94261 58006 55856 81759 
863 30506 80367 7762 32982 32058 67842 63645 88309 32067 83360 62885 14676 1891 70012 85013 1825 56593 43913 19126 
58032 92246 87433 33576 92341 40737 97650 94692 95676 54955 69114 17543 31805 57068 83800 87128 34738 42973 76022 12327 
68628 37624 61024 74170 55728 5670 35085 60610 8309 71857 63516 68833 22775 79689 32091 7415 66187 88041 41685 82430 
8285 69325 9196 61590 83703 52502 40136 10037 97070 63300 75342 39143 55153 70520 95794 71474 11285 46943 41106 36349 
59180 55295 22199 19199 79730 78493 4237 2484 64979 15970 87363 52714 33219 18546 15330 14152 18091 74145 12286 23979 
44552 44248 53445 49561 53969 95006 42067 47949 61226 12 33345 91965 18625 20970 52897 5592 43419 82048 93303 35383 
46618 86169 68750 6847 99198 17897 32967 68357 70109 86569 67228 39549 95579 52827 51964 40718 2515 28180 58423 49238 
28544 67772 8633 19758 15327 17807 88048 88169 71500 74927 76891 67588 5695 46990 76942 45602 32407 6343 42689 58167 
20287 69929 35154 9757 89473 86911 39191 65806 37094 78 16575 68628 97937 20049 63738 75019 76212 49633 54839 63562 
68596 79464 1591 95425 4000 5568 48112 38578 33728 13663 46258 6206 11068 19667 88589 9473 55241 23930 22457 95878 
55462 8331 86304 42507 34645 57494 90797 91846 97825 57759 39872 98796 56861 41931 77307 40823 50792 455 17028 65067 
32632 21679 27019 5139 17784 60848 10375 16131 23468 1655 80009 56228 35586 90227 64869 1591 91189 32496 58698 35891 
32092 91573 73023 2402 95678 75920 86192 44366 64334 41089 7947 81435 45811 31553 43102 20632 59122 42982 54656 41876 
17667 32597 67815 62807 60352 62376 1100 95493 92619 28239 11530 82069 87965 33416 18539 15165 46349 31843 53795 96950 
21025 20867 28806 51757 1619 38674 65385 54837 91645 52089 58907 66967 80528 61385 99784 79287 87570 29094 31785 24361 
4436 26971 47765 67005 17873 41466 34036 65034 7661 37123 48293 35917 85787 61858 5406 10614 44896 59687 29154 44941 
68134 8902 38095 35496 23082 20533 299 11985 96353 82728 28827 43876 46441 55533 5622 69067 11827 89954 25857 90338 
85577 322 66279 31103 92218 81788 54099 94366 94120 58863 38782 68305 77371 65176 40756 90189 62692 15709 92344 55025 
10989 45733 85661 39473 62272 57928 67010 71397 73699 89550 45371 54146 9438 34653 46636 35354 30979 68326 70134 53271 
78943 23995 99559 74431 12537 10491 49374 85604 35259 33738 9237 43768 33783 58630 22693 87416 45746 88207 78509 19915 
94279 51185 46427 13447 17533 34569 60101 8865 58363 26962 27536 42969 30066 92937 16045 72199 21044 88033 45283 46063 
28852 55763 90668 82833 17558 20572 83303 82474 52471 11682 93547 48235 93056 73078 18957 28160 67426 20423 48652 51049 
18309 68767 48563 23758 87307 29680 41918 30460 93850 83031 15272 58520 83308 68794 29295 49788 87580 48824 27140 41586 
25198 39946 66829 97548 81104 65971 97215 51928 75209 98388 94499 65777 57667 66113 19916 63574 97841 24105 34156 71723 
38827 71481 36181 7530 73426 17618 12506 95167 13991 93476 60059 76750 44885 65954 21260 81691 57474 55501 33292 73611 
79533 91045 60630 45022 52279 80882 40697 73122 43510 6056 45251 54848 39688 41536 25549 80386 17692 33386 90406 77715 
9339 19757 61349 52135 22460 78994 91483 68920 99745 20160 67015 43179 12807 29324 36626 39795 42399 60622 79291 58191 
74384 83097 8881 75187 66365 99520 35044 57398 73206 51230 63297 3788 36169 45590 88047 86092 48908 66251 15545 22329 
88070 95529 1545 56550 56751 17727 58634 95559 41117 74603 51135 66293 90519 3447 36661 29375 17027 48604 69500 29294 
56144 64126 71056 45473 82746 35865 49577 15637 64309 23819 14060 81343 74699 76261 10586 78745 29458 12201 94164 15377 
11668 99107 81059 12643 48673 80439 97478 59757 25033 52120 48737 64551 34947 95372 26346 76319 81465 73700 97310 51922 
36505 13877 82285 42284 73505 33047 78248 50350 72902 79555 38887 11889 71679 20882 56945 38317 76778 6932 32249 25619 
24480 58663 86742 92969 35557 42504 38852 26231 60171 4515 84443 62966 29164 79999 94024 63916 94993 54294 94857 91847 
31517 9955 91728 35714 12363 89844 73181 85556 48580 77327 51283 29720 2420 71385 8393 36575 59820 2018 94222 77 
60511 54469 2966 98672 71203 86893 29334 23383 14791 13623 96311 7334 93399 48815 17608 30503 85111 52096 14125 29601 
9093 39987 4867 58152 87945 6045 86170 56769 51158 54659 86204 31525 89189 73027 66621 62235 50819 77845 65356 72765 
60668 26901 24143 21347 25187 92605 23701 29211 27362 43081 73454 76377 68475 32902 22990 13317 49662 55426 52226 75751 
11225 28888 92630 87118 25396 49882 8753 18188 24374 34853 90937 70376 97816 56807 15669 42018 66953 31021 74652 60920 
42398 77134 32215 46264 22365 71496 79599 25026 8315 42497 3488 52018 63836 65383 15454 65157 93750 66883 23557 19884 
87705 40368 11351 74866 43516 58243 66137 30376 47735 74824 96947 39327 7556 81071 81027 56330 16301 70989 50327 38615 
68664 42128 84741 51890 59016 8391 53766 23069 87744 2574 76127 44033 21842 93034 33764 89703 31403 36069 42698 33817 
9771 32632 70952 86127 33731 51157 38802 77778 12252 36991 32598 56845 39530 29372 37761 64224 21705 8980 40868 99589 
4812 17828 28942 1222 82051 89823 85829 21766 78128 16711 73001 52673 53377 62526 14717 71272 18109 40605 42586 5341 
10095 71944 70059 74907 64873 71945 90631 51597 91889 71255 60412 14123 42766 72357 48031 88701 4727 83910 12424 36419 
26585 91674 85594 30511 79653 80854 12383 4221 61655 46124 82608 50580 98168 3714 42002 63984 78232 84502 15692 39458 
85041 32181 7462 23098 61746 33172 28170 78696 11550 60234 19011 42760 53719 31438 24957 66658 89055 34995 53074 1630 
88088 38476 70613 11909 18321 43518 19287 39667 41237 54056 87257 20015 30514 97872 50366 29142 4958 76113 59948 89449 
31485 86809 93115 24059 27924 41702 29216 41600 29098 98101 73943 46462 81528 13809 4731 76798 38328 98597 6995 14140 
72898 78512 21433 69743 30237 64780 24072 98560 49700 6277 2376 5252 17429 97201 69826 98380 84959 76530 20298 48511 
35755 11694 230 31798 49982 5099 16307 54600 25299 32923 31842 71046 57717 60243 18317 79002 33188 46048 2505 66859 
1071 55416 21717 76602 21148 83965 29339 75682 99516 61228 97219 51125 72669 15053 29914 25645 4888 49581 75442 28085 
23842 77446 16323 13252 85036 64086 43255 84432 68003 44943 61969 28213 56434 3472 24984 44998 35892 88036 62866 4667 
75318 93881 25717 1673 15378 11566 12750 79998 96070 18892 81108 70822 26981 90962 8489 17212 42852 95179 77857 99962 
77879 84745 74905 39942 74709 71854 59669 61335 48621 85599 54480 5256 73922 91820 44498 4277 33357 65347 49573 60898 
57519 75645 93890 12818 11372 21844 36273 14135 40261 89892 58793 77557 2749 34417 94669 70490 40779 43456 56829 28957 
46412 95265 71782 55579 29856 84145 32617 54499 52274 4839 99457 1015 24684 8803 7217 80282 16595 28652 93110 50800 
35667 61830 97196 77452 98961 66395 70683 75897 72563 67905 16051 13331 94663 58369 37294 86328 20568 35713 15191 24348 
54508 16229 31481 5832 423 84607 69468 21456 99602 42028 23753 15004 7101 12231 12802 68119 71011 85791 41110 46732 
96213 90941 33788 65514 58607 53064 52119 53990 74002 87597 5925 58664 22059 65595 84368 74089 52009 95437 85003 98327 
35852 61138 948 64997 52669 11525 73062 22243 13831 2595 45040 5251 93580 95969 73557 1382 83141 30227 81227 13171 
39246 34234 14908 57389 77279 43033 57233 31390 45934 67276 66088 21348 68648 77915 56226 37030 6121 77889 46972 34175 
94090 2260 23072 51283 88222 4976 92999 40732 53795 83159 1866 65192 24384 3577 79749 42254 19902 41180 59523 91561 
65083 49015 98951 66136 29508 71061 36751 32552 60840 40445 12574 28176 77249 94474 40011 93552 68456 21188 72358 29098 
26880 39095 62299 40987 56978 71315 24161 95893 59301 44836 43363 95947 23258 62968 1151 57525 22827 57422 40660 43077 
19809 39903 95283 90738 96257 87294 28572 91905 35490 88030 53743 84232 29913 97997 79308 27677 63049 67225 26403 39262 
5208 60207 3352 26544 64686 23757 90497 8631 27655 72687 5401 95129 2687 59908 30284 45009 76866 25983 60416 87591 
77719 5921 17022 57896 20351 93151 46028 51183 93049 4737 66473 41069 31923 85239 50523 48375 23054 67094 72218 5552 
1591 82494 61077 57214 81489 74113 58392 57556 91099 70694 86891 79648 5314 27563 77364 14076 22854 72081 5523 78158 
52853 24358 72291 716 22725 35665 26764 52662 25082 36067 48556 68797 55718 3746 36802 53396 35530 96990 35108 78970 
32130 87534 53184 65007 24475 84085 48985 33360 40956 50588 94230 36135 97826 76398 15067 81956 63431 63456 31258 15760 
83205 1675 35751 76452 77730 64588 18581 90193 18901 50369 5730 27669 79494 78485 25232 24700 98909 40989 14456 33737 
20299 76228 88980 66482 15812 39293 33230 28312 29623 28354 49553 69762 54514 92171 27780 10154 50443 61096 38465 63120 
38941 22853 85423 45386 58736 89503 49603 49434 97064 36272 98035 79754 99761 62304 50851 95562 24525 77240 2924 91393 
60861 13137 56802 88852 2300 40548 16192 27595 48083 30923 23475 41348 71590 80162 29667 31059 4878 41362 63963 84310 
4867 97030 33692 8069 51965 93472 96945 87394 82195 38636 50549 92277 50296 54125 26272 41259 99507 46083 59310 33474 
74025 72334 78435 18521 22952 70976 82734 62498 9471 79126 2686 91181 72894 97802 10210 6163 22558 17953 79857 90187 
88260 99480 49695 47088 13006 28899 33753 40869 32156 24438 29260 74372 89795 42361 90729 3864 92532 81095 29999 58632 
20133 68709 66535 51888 53391 16103 13579 91355 72352 8751 59857 2182 86470 88019 95335 23043 18441 56660 67216 50941 
36455 98774 24461 96864 61178 62546 93318 79449 42235 34397 17418 99957 96724 85103 73995 26948 98699 13608 68205 7748 
69522 97990 19981 7034 4098 81317 40673 96504 36790 71880 48483 79250 33248 17254 95156 53901 82107 17261 997 73407 
34436 31252 23547 56964 36107 88140 90164 46884 36044 87557 2373 72197 19905 69384 76444 25881 71842 42628 22128 19771 
27731 32328 57537 84875 82667 60259 20918 87907 91312 8321 2288 99302 21908 4158 9575 38943 26583 52085 99474 78119 
14594 77385 88178 78622 23002 61675 67178 92874 28510 68512 46964 98145 2663 27359 17517 25119 25272 38772 30781 83874 
4570 42616 65016 97961 31151 40410 11044 34673 33075 91030 80307 61945 93678 25488 16574 46131 55199 68011 35692 93484 
82070 3723 55571 51368 18456 20569 9327 5819 81208 79856 94462 39624 39730 84274 21861 45468 64985 8506 96717 65231 
38952 81157 47798 79382 65424 82343 46895 30715 13921 30203 33495 53212 41992 38879 73372 77089 71632 65750 36062 55686 
98022 78968 96638 19537 92539 42477 29176 28413 42012 73322 42162 12599 40346 14023 52438 35173 67281 3584 18449 40302 
2484 58502 39576 40399 45780 51556 99532 69137 32329 35485 63126 79699 67376 28490 9288 33705 45682 37278 73156 58332 
36222 82424 43536 49525 37532 19761 41650 21594 4594 26655 71802 51220 51526 57110 49752 41167 70288 81467 71828 13458 
92177 44778 97302 39138 55201 61796 93171 16650 15156 71488 57529 26441 75203 62880 75656 85610 40981 26513 17609 87933 
52199 55508 83440 54978 5482 72609 7422 37585 61548 8630 92662 52363 5865 14276 44121 18926 11600 60043 62136 7110 
5506 74943 3404 64971 656 27045 11991 20301 85352 57608 95844 11492 63464 8782 23599 52535 69996 53345 31150 22766 
11585 54755 33846 39898 30538 77221 36797 62050 45522 39300 76586 60000 99769 11776 30624 70526 52322 15792 64617 17341 
58142 21498 70962 17335 96167 78652 97906 70627 13500 64333 81032 40916 2426 52402 37750 89881 7577 52957 97366 39971 
3517 73436 72817 64659 23080 35725 86486 96211 87235 72456 37374 99586 76720 61172 34466 7807 10618 1831 68707 60804 
64944 53552 35384 13002 51001 45614 72868 98967 9597 12864 80261 54927 61957 24301 99760 68315 54474 24536 9900 57096 
11525 70317 34221 84407 15239 58502 72727 16437 57652 41264 6308 20523 30485 84633 57514 43918 18640 47452 85749 5434 
62447 61533 85929 62109 25953 18540 26822 54540 71883 70660 88994 42273 96258 68189 69918 96008 66448 62857 8791 74244 
52342 93447 68582 34774 6321 96586 59337 96555 70162 7279 58661 9524 10681 50805 70349 88523 28262 42560 83484 91689 
34488 78007 81099 26770 30138 19539 35895 50913 4680 72034 81300 46498 72802 79464 2222 53246 70052 43399 28110 23017 
86679 16232 60996 86428 68900 82106 8505 71728 7923 65011 10421 47207 73909 79772 26202 52230 21064 63632 92820 47322 
97235 2236 21161 97985 98632 2119 94131 23239 46442 9384 66109 92329 79298 27667 57717 79557 16569 65980 21166 57431 
4974 20895 1949 23234 84919 5794 84948 83103 83232 13676 56152 68098 3447 59075 89676 26099 96180 84146 33560 98555 
86930 66548 66463 70052 67419 51017 62856 86452 5664 48184 90826 3479 18823 1448 11307 6758 60221 65340 83575 7254 
35253 56573 32763 31070 46500 21957 87462 73757 56932 61652 97428 77168 50499 45541 88450 97007 20090 84958 60916 44093 
33524 39070 76158 18356 33981 19127 9422 3247 51695 14636 18625 12085 21666 63135 15320 44728 48582 18627 27437 47967 
34016 69519 49014 25756 22639 13434 47219 68603 99793 40087 73333 49903 55491 60830 83049 8703 87734 48803 20003 87439 
64858 99390 44249 2464 45449 42515 73815 356 25293 50930 2959 53425 4887 19855 32863 76055 22192 86787 49048 15884 
69283 95683 30654 30846 38421 76294 55867 56101 48639 590 94637 72821 90641 49453 59705 58942 13063 61031 7473 39991 
21683 70282 17406 85695 32120 64145 96549 89361 84115 65034 5824 8909 89992 37721 89793 21259 91796 16884 36175 94632 
42182 63660 88551 73934 67781 32386 76850 13441 60924 67356 82942 39084 15775 82632 87172 85486 77338 40621 8639 8961 
67947 12639 32878 75341 18703 66188 8292 42700 34480 59529 9085 52917 11611 70813 52042 36045 36450 59163 98700 89581 
37456 55164 16761 13675 66342 38340 81765 17310 75430 48386 76578 80712 69166 23746 99082 43972 47089 59299 74538 87300 
46934 27068 52263 86069 85488 47521 49523 60262 71177 40518 94061 71329 26140 96918 57600 42290 52516 40686 32096 9234 
45810 20228 52494 45439 64494 84285 745 73891 88224 82676 43677 19222 53829 35016 56491 72107 83030 54774 91629 44713 
42849 28041 7580 49782 48482 88149 39730 1455 44165 63640 43269 14389 7015 79141 9371 18205 531 81358 71684 86858 
19425 17593 45571 55291 43423 64424 29753 20031 1823 81176 81456 7682 70871 43740 11958 11745 72766 76369 33651 51168 
66723 99122 13377 25339 36598 23109 7753 58518 91999 7483 81859 23129 99044 45057 71503 23275 93012 67615 8092 9765 
65068 39709 3434 40301 31353 86093 14272 19918 116 76121 94921 71809 94166 67454 13762 7577 85671 80118 81493 67836 
85039 1238 10030 97900 34352 75913 95085 26301 4163 75683 47382 27649 15959 13758 34595 16838 79814 70655 37066 67492 
21131 17357 10122 40139 74274 79034 7456 34580 65694 15770 78840 40200 70561 34065 29326 32485 28604 50255 96270 9274 
73604 49722 51437 47291 60757 59104 87591 58894 2951 84979 67042 29566 11993 79957 14097 18913 33349 59194 99522 82439 
60354 48961 19945 2327 62654 79566 15506 75260 27885 91139 60005 31429 79532 60786 89293 70754 67235 79518 13941 68065 
90147 42867 56770 99853 12022 50698 17774 58616 37555 51243 49913 50377 39256 20160 71891 69011 62253 45048 19465 19074 
93222 94972 13203 16535 70979 62266 89271 34220 90082 31377 12085 28602 15340 25998 26605 83754 92013 90725 58585 26301 
95890 69220 72158 89552 45387 67746 94042 1457 12823 96431 89381 48861 91185 60129 22871 71414 23909 28825 84378 6178 
385 80136 49561 62446 92554 87041 60069 33262 66186 85029 47989 73508 8923 77521 67607 57741 57453 81292 9182 43104 
90011 21046 89698 96587 93653 3553 10825 30793 19486 39064 31878 96168 79883 47999 98249 19044 14827 42756 99428 6052 
32749 31987 90282 66494 29586 60671 18532 33614 52936 89880 34118 69240 96777 70327 37170 2045 82597 4706 89127 97441 
80817 8646 38128 66911 94956 21708 72887 4068 31587 12509 45605 82477 33729 87968 38950 17720 88423 17369 81592 56894 
32543 62564 87353 54551 68151 29523 93288 5355 42291 34892 87751 70811 69698 21073 79308 86577 84082 18914 9598 94208 
44648 11538 85261 95904 27318 38510 83870 82268 52643 82496 53611 14623 47994 19517 40145 51852 30171 53822 11589 58763 
91753 89590 92119 57482 90532 46745 54375 6170 62861 1196 69430 74785 80461 27467 84363 42675 84715 13693 51707 77234 
60503 38172 59474 39832 99455 44468 74218 53529 17131 66717 92673 94503 4608 6159 21549 70115 65108 78795 20447 77049 
69452 5228 95374 30839 70136 273 6320 5415 59045 3137 1948 68679 43392 74540 52769 72420 25435 5198 80224 61556 
59103 5649 31909 49793 58337 87161 66265 83846 92826 38090 60395 34000 35845 12326 59202 96248 40932 61142 37052 34233 
3121 42140 71346 43725 7167 80012 35930 54157 2779 40132 73738 29356 810 24680 96596 34406 68304 55138 30114 19039 
92641 70652 46342 26706 29109 82234 96988 53698 55948 99133 96780 76471 24070 73103 13989 47590 41635 2974 71392 23736 
9552 88177 5927 63544 63825 44432 60598 31026 91626 26484 31835 81470 92635 82063 46256 95040 91523 27900 83129 60103 
49190 206 20937 50878 84181 62008 78933 84042 135 83424 71812 35074 38441 11633 64782 5763 31850 50810 46691 2968 
64521 57223 22916 1896 76959 9958 91221 17084 99368 78841 84818 58078 73630 76235 63023 72950 3410 17125 5173 42956 
69455 69509 56957 24350 97417 75838 95372 79636 76717 550 80733 42942 58173 78292 88333 60038 4745 3932 96669 36204 
85397 9834 63253 85900 6820 90730 20475 59892 32465 27575 21595 13039 23328 60965 54439 13792 47425 54459 48493 39536 
93988 86414 85711 56132 70704 94489 42153 59242 13359 43522 92993 76929 66486 71689 71402 89624 82969 25847 31192 75890 
51869 39329 48159 99914 77124 4861 51025 61566 54293 72419 23992 46652 44056 25301 49809 35632 35041 32479 54715 18150 
77514 79706 50551 12933 97124 73860 82404 68889 17780 19159 1329 5697 79446 24099 2069 29362 17863 42571 52579 53650 
50711 20549 55963 36006 27214 30366 39979 83061 76378 41604 96400 80470 55349 47083 576 23828 90270 6967 17141 24897 
97601 68659 73748 57663 65966 39595 32141 28985 68039 71239 56761 98761 88080 96999 14348 86413 75066 89946 35195 21534 
74657 92442 80380 90425 3851 53476 37000 52739 28832 54990 64626 69021 63932 69704 98174 68114 88323 69187 93354 8496 
409 91684 34348 92216 36262 58202 51031 78782