44392 70110 97991 2230 9702 85249 20985 82959 83710 19727 35640 51023 26978 34478 50398 41772 72407 82825 17142 79537 
89922 58981 46535 59453 19351 69951 68812 19900 48160 60378 75285 56347 67633 33074 90550 29967 29444 80831 40780 27758 
82676 1106 38622 94900 14371 62445 27087 51433 82251 58719 64525 4453 43988 12877 5974 62918 58465 16176 56440 90891 
42004 51415 21646 77760 99922 34517 87123 96270 11984 85576 44919 56127 72412 72237 60480 5945 35038 53004 33625 43104 
87537 81039 83871 39982 85879 33117 86376 81230 26074 82602 64273 63338 96302 1110 44676 98402 62052 14025 67861 6833 
82511 6602 93172 21708 59940 30091 9358 88053 71618 69925 82698 97084 81128 25287 56406 10101 7693 98711 70048 53612 
96966 57218 24153 84334 57816 34220 69375 35641 15793 48724 2025 66873 8284 89940 18230 53227 17135 69878 94716 62403 
35845 2186 34460 59401 96249 74503 30156 76921 45776 2907 60522 56047 5645 5367 53479 76716 88434 73776 66410 96933 
9240 87815 35941 82759 80995 57194 25833 53447 15880 70191 19735 38898 86378 78277 8021 76002 50510 53288 23136 89158 
48956 1849 88496 84684 4812 2628 69888 14922 17877 64293 57342 42534 25324 22994 71164 99460 11919 16554 90606 44362 
69585 69658 18440 22464 89598 73029 24042 74830 39934 87612 57956 56327 68619 73527 16874 26654 57912 65154 59243 98670 
56234 66530 97796 99515 94567 39323 1761 72725 79234 95741 76112 14031 87809 9616 36020 69263 14026 5473 77350 97340 
5817 86249 72389 61023 69070 64219 8595 8970 15557 22470 76709 95975 19118 33162 61415 4203 84032 66755 90508 25763 
45082 44061 85842 96168 50726 65675 18650 4735 83802 67056 75877 31835 65070 23655 7427 34734 86690 72212 44859 97002 
7329 20341 47228 35305 61355 18186 53079 47216 15307 82547 79845 67610 51756 32064 78842 63 58870 12697 22166 53715 
11846 3049 23087 20573 99912 30994 36107 9578 9392 56810 19627 46678 44405 98267 85595 64470 12428 67238 82458 22589 
7382 68257 6538 58180 17204 12054 40636 75884 89234 405 51976 5434 81244 86499 28919 66079 35396 64248 83281 20090 
67034 82027 19734 95415 26698 91825 94200 47767 80003 3813 7261 68625 99855 90649 72841 83695 53117 84447 78348 78999 
53612 11111 48787 6670 57596 72324 91158 78638 54559 18317 56594 7888 39524 25999 70403 28496 69076 71820 42546 5519 
57837 36837 72056 45435 25386 12839 21342 16621 60611 62813 678 56185 11997 19795 45998 87187 33507 79163 27065 55594 
33987 18200 73644 11614 43281 87255 77238 97660 37319 62202 32686 78398 50448 48051 16759 33778 35527 91543 68947 64251 
86318 23041 68174 71322 36909 58054 54213 75485 71449 37905 40229 80086 8761 80502 97710 35400 19291 29755 36239 4269 
87073 54341 27320 82818 29140 62919 45503 81459 54050 4541 93229 83085 29104 21606 93137 50341 86693 4753 71334 22494 
35686 35353 37664 62461 30865 14205 7507 91736 37352 13904 51159 59038 88173 51382 47706 31567 88688 55270 51689 19711 
18870 15558 77912 24916 34164 27524 34168 14352 89313 47934 95425 56034 90003 19349 55174 38958 5653 56556 75519 95913 
28871 66351 29744 17204 78943 19830 96414 94201 165 57194 787 43242 78441 66756 97253 83932 86435 69509 26875 61614 
8161 30376 60556 37961 57509 39480 97750 64366 2673 69936 4673 72696 46714 70967 3417 3748 14113 46861 28164 95702 
29221 53977 47619 30685 87592 35588 10850 24193 18339 23763 49647 72882 74889 79898 78015 92548 19305 60099 50413 83685 
47568 820 38408 65868 40133 66006 36706 92313 10107 45299 29405 71012 31792 70819 87013 6973 6534 57107 21708 37723 
764 30452 71684 87334 9892 28533 97892 13196 66966 60246 77121 13870 96170 26679 26461 33051 59353 19400 95332 79811 
19173 96933 97285 17378 71797 33715 71556 70481 28903 83662 96030 88611 88805 10379 76527 20591 12438 70790 2996 13411 
77779 43703 3601 28908 548 46254 53172 32532 75243 88504 95788 44320 11731 59581 3018 16056 169 81682 5772 48594 
59020 99188 94953 44243 64222 12949 40884 23730 78882 67303 71838 7433 19476 33338 66523 52369 41155 38657 70219 81884 
61241 20132 97483 63432 3679 23363 92478 3131 18057 82725 53473 93710 18204 8710 78898 89958 65266 50855 15917 60047 
85295 22796 892 35119 4670 78197 27883 42428 18319 3683 5336 84242 22557 59410 41161 21544 13640 55077 6383 7090 
66132 71572 86319 96798 2923 79832 77768 52545 80621 28231 74691 25435 76463 82473 31157 65176 47818 82706 23127 11317 
93747 14400 13295 88559 6743 61083 54241 58483 67774 70034 2509 288 46766 55936 7731 73982 45026 37696 68964 1534 
17223 69006 51215 8236 5799 94459 47462 93954 47549 8190 23184 72464 4850 45311 89384 17501 77634 85293 37634 55758 
31926 51567 84013 41516 34499 82375 28885 13749 61640 22801 45620 54105 29591 63063 43035 81845 70770 36761 57723 60420 
71520 85636 41102 46402 56051 10191 38636 29335 19352 84949 24713 10229 18304 60178 29769 18991 57189 19367 84829 45865 
82802 2294 43951 95603 63480 61306 32387 98960 20971 75057 18002 29723 15328 27720 93035 45682 80283 24185 42771 47448 
76727 10157 54368 64115 95132 41651 6494 60091 16758 75641 37904 16996 41809 6284 98636 81956 9725 28963 60014 80754 
88665 33703 53593 95562 17869 11646 63390 7683 39652 16012 23318 23860 30998 9487 5324 44144 92570 76116 45040 54993 
40194 73549 48253 55442 97206 31115 68199 41594 96764 96492 50158 10319 81115 73223 58511 48522 45530 74737 89118 14677 
12397 24004 40280 32553 68881 34800 82402 67918 52067 23471 9342 71404 72754 19863 69453 77790 12267 92012 1896 24060 
95965 41762 17796 15793 17105 56658 7112 65840 86741 18647 59024 53547 40721 31377 19585 23733 27357 51177 64016 37681 
20648 71923 32161 56242 25762 18144 32969 60321 95700 93985 76603 72472 63013 72454 62248 49507 52224 46762 19768 26688 
26232 26344 97012 60132 27113 60986 96955 54005 56174 93459 63801 87815 39955 74633 67816 6668 90973 5481 98176 63221 
48527 49495 88679 91362 40801 1907 32165 32469 10503 40742 48911 51500 54001 12048 68602 3240 45457 6710 50119 93568 
18246 87451 29130 54968 66743 35557 60406 76763 22995 17330 53365 46491 31751 90040 75406 65333 17083 36054 49944 76167 
66987 24972 48721 91172 70068 97418 25301 7205 8874 64754 33971 33668 96893 79907 64616 17995 36815 69928 4683 2246 
36981 38899 44508 14320 31948 78406 56186 10928 87097 5105 83161 53201 50149 42916 62569 51156 67417 82880 10076 57567 
90200 12445 44508 44118 537 35790 57310 33569 87383 81310 98058 49986 87853 46803 17167 72897 58503 9622 30266 1029 
22258 6322 88913 2170 30449 18232 80613 54580 67257 93889 46755 99224 53094 86950 96574 95857 76863 66056 37730 3778 
60686 59385 85260 72054 64793 64224 10509 57108 87480 39549 89005 749 11229 53720 53879 81405 31345 55877 44733 53730 
67674 49290 68797 31194 19696 24965 16913 68782 48774 87488 66950 15053 90381 7800 29351 35885 67284 65903 53606 19385 
1905 15631 25095 38029 37038 76672 9897 35204 50795 33592 7526 77942 42004 28966 80693 4710 48932 13201 77990 40732 
32846 86102 99947 9074 90930 17080 29301 7682 58567 74899 76006 38739 51740 83988 58962 83105 69622 74150 40035 30665 
91739 36192 87320 67689 28850 25755 47862 42266 53952 26790 95798 45636 95688 28693 96745 666 86289 32388 61311 49741 
62835 6576 44942 89324 10256 12152 56866 40954 18779 44823 89749 85283 3063 66751 42047 85525 34001 58822 78735 35650 
89796 89349 44102 12813 90168 10555 88093 708 74196 1576 77567 8854 39845 17831 3331 18331 66198 50314 68806 63478 
10797 97139 19844 49034 80857 11449 79580 48418 48342 33486 37948 40590 55845 10121 32674 29369 67387 5259 35006 75165 
67581 55904 33957 5151 92394 65718 99195 48194 31466 32556 85095 61179 68531 46118 32342 52905 28839 35250 92549 47823 
88525 78587 76080 74736 8934 15801 12804 29809 6336 61475 7634 9141 49849 84520 7837 38982 37730 60456 64561 34203 
51989 40950 58801 12843 88206 92765 94673 3637 30388 77305 83559 45062 56256 25076 63532 87888 75154 72907 62925 35718 
57131 26188 47131 93571 15538 65971 33876 46924 84879 25218 99278 84259 31507 1386 11658 20800 79236 1046 74603 39693 
4093 90679 17495 51815 6852 26947 94862 22100 10152 80502 47582 95695 1931 17588 30741 30405 65287 69121 56916 62359 
78512 63782 39510 87957 47665 61380 68011 4626 92505 33140 16965 98231 6110 22240 7694 23773 60769 63819 19015 19682 
36385 39989 21294 2308 53780 8252 46872 98268 72694 70657 48995 76476 48726 61914 58116 91718 91897 77888 10057 13460 
84701 30949 63297 81115 59100 69468 72258 77202 27005 91502 15647 69756 99287 33069 67953 98454 73133 36261 24671 96173 
5494 22881 45996 92977 412 56193 25358 45417 1613 76225 47644 52424 8948 20662 59368 29337 84916 69175 35093 56507 
64258 30750 35175 80989 40844 76775 71613 4179 73611 61833 57502 63799 18630 32877 61937 91468 22012 25683 36702 35506 
70105 13772 22840 92441 28014 74465 81272 1689 90839 74012 32328 49060 59175 77039 36225 14615 67735 62325 11966 65115 
42832 65361 21364 41994 77277 29774 44616 24982 22995 37579 52262 87017 54379 20003 15588 2400 29452 19626 62880 94448 
48688 20447 55176 51011 15400 21569 84197 43631 58599 44091 39899 56579 30727 66633 25040 31575 62642 59482 35875 77506 
36810 42652 78988 16843 41601 38698 73257 29528 28120 45182 52728 3141 62693 54546 82091 69516 46243 58075 36364 88368 
44152 39351 15554 68844 1634 58485 39093 70629 21202 27093 75810 1711 44298 84228 75367 53298 48686 46468 52147 77740 
16715 15559 37059 17072 81552 3551 98691 22010 5085 98254 63731 24322 99462 15973 26482 88531 13439 50771 48330 72277 
23665 18052 41595 57131 73445 97420 74508 82593 4829 24776 69419 96377 30635 19615 89676 26351 85768 97013 82606 77138 
16813 40394 94650 17679 22550 88276 81771 74627 3537 4428 94002 53977 13448 40033 13755 1579 79162 8389 94545 2039 
56328 81315 96537 77791 60859 15753 14913 50814 70484 47203 24797 977 903 41409 84323 33075 49511 41264 45836 28028 
85758 11064 74659 78604 67504 32724 9644 23465 18106 45617 37840 8423 3035 65310 33570 78801 43331 36806 66117 94939 
38802 49502 91459 71873 3782 31187 19545 58199 93771 36072 39923 42232 2801 464 66330 543 46655 49622 20019 375 
36137 45555 17941 33540 32757 91745 666 77949 23326 77509 8543 97678 6695 85127 73685 38405 49803 32969 46724 22365 
97518 81621 42834 28420 19211 71898 47438 58775 6976 5117 26309 58120 50803 13743 88833 1427 11631 59518 75158 78359 
66734 79565 82115 59605 53621 14246 37289 18998 52802 58645 24266 34536 55978 14428 59376 65161 53762 37241 94342 1933 
76334 44906 83156 88237 62559 82940 99314 81446 85924 94605 18889 35538 256 26271 32944 78448 82115 11899 49525 33798 
5837 53122 98242 53146 91682 52897 14978 87301 90212 25732 32917 46876 67621 68203 43812 47240 20586 15842 982 3501 
77636 71060 64661 68601 36347 32114 20365 59329 41784 56455 32905 53843 96284 84048 88938 21446 39394 64982 53254 77732 
78783 27497 95984 69231 19334 62414 37340 27821 79500 2198 19179 4329 51092 70513 17223 58613 48788 79755 68389 84697 
8371 6958 42012 93377 74772 31908 27653 64237 8008 94235 48866 79640 15998 23057 88080 40927 83712 38315 42584 65705 
13280 38349 26222 11571 89429 19495 37754 92525 35640 41113 79182 72445 38081 65217 94371 43790 57735 28095 15243 12284 
23528 61409 9849 41207 88289 24655 56074 10576 44816 91159 70889 13233 30963 14638 4558 58913 52932 40918 45492 42922 
43684 8027 15317 80245 6546 8052 75610 91156 13365 39420 17426 82902 51620 78359 8724 80798 58744 30507 67134 82145 
57225 48806 37342 26873 98235 60900 60912 1190 9448 45550 62402 22948 31537 80041 71016 22405 6967 31256 71728 48424 
67715 65396 84456 44752 41696 7922 27409 6322 4153 42190 54698 98640 3803 45799 75975 21453 25584 97205 16860 98388 
97949 62002 88498 33972 7760 88723 12150 46434 22025 52852 13480 95563 29404 30655 94074 98365 69693 63064 55272 19876 
43889 78861 33982 24098 47117 97927 32617 60049 62354 20950 15192 13070 75040 58010 22793 4533 67183 79130 89148 84295 
17141 63265 61347 61316 99262 30572 29696 51751 18467 41133 90115 65700 72989 5918 23315 79280 51240 27081 88236 15834 
30389 34428 89224 25417 70273 59785 9692 70729 40047 825 34750 39019 56202 23933 89136 61600 60761 18105 22320 41302 
56894 56939 78817 33820 19686 63107 24141 91750 35025 24434 84267 77830 77068 57419 72230 10375 59 67897 71444 72211 
93302 20840 10331 8194 16894 10221 8175 79524 41891 57318 87222 66906 5268 62252 9604 36603 9758 66624 66412 45755 
6636 88256 29746 4270 67927 47670 45496 72851 28211 3810 68649 54425 77300 70527 58798 15834 50246 32338 3622 2034 
95657 96397 89162 39749 88544 1945 60072 76198 30966 35017 1778 84310 69986 75697 86086 22483 87800 90306 64315 45031 
44639 4278 79437 21668 2922 38707 81701 21575 15429 8816 22216 11679 78977 15591 13253 6505 11096 80910 80736 71403 
53013 18657 62176 2823 82861 15739 31025 73777 41116 43814 33452 25638 6782 48987 9298 9866 50627 23062 25552 24772 
47894 69300 36946 97164 58458 97268 53464 43163 70619 32399 23475 91529 23243 9948 28373 27539 54351 901 51545 67002 
12019 46720 63194 83938 47878 68665 43950 72345 20781 68248 78858 8092 51467 23374 36203 92058 6319 81755 41999 19593 
44857 91919 29848 82277 90904 59729 39579 98994 15700 37488 67264 66269 74944 89074 47892 19151 34487 16017 84143 60977 
94192 59650 37932 24707 61607 83059 27659 34919 71885 20951 23278 44627 90515 39942 15607 66015 23233 39192 61703 80729 
43942 88079 93660 76469 62409 22899 87257 95495 66516 3640 72205 44663 55653 66026 61684 3238 19137 51326 80130 19741 
78437 44687 44442 52298 39340 12353 77261 31456 23157 2774 10145 32580 72434 48221 35767 33364 10226 23987 57120 43489 
2142 26498 35749 23196 30307 64760 81705 55873 28622 75161 28847 40850 87384 8756 12187 49478 46834 1438 78737 22085 
74033 74830 6903 84878 27222 1874 10850 80637 59919 90018 85120 66462 63065 80952 17461 91934 45188 78167 76993 79880 
16358 80739 70017 41609 58221 7007 6579 64230 24645 27227 40975 65285 91210 64226 65249 15043 39435 86712 74577 91934 
87258 57441 97576 35064 99873 27913 27703 37068 11836 3277 39176 27083 32551 70531 29668 22359 54071 29888 47703 55562 
47330 85897 9014 38046 71076 35338 84366 62931 32196 76005 51825 90734 77142 38589 25212 73492 26872 14715 34495 8671 
66288 28335 80651 74993 53127 2524 40 98246 18662 60098 94948 37375 58894 33314 57216 22068 36059 9569 12006 35086 
86186 5575 8821 99128 97623 1889 4431 11991 54856 32865 30237 51286 24900 69723 68427 19806 66163 44853 7217 81076 
18017 87727 96524 88159 4992 78244 74587 46748 90579 50226 49706 61219 12319 57774 29909 89644 9420 64064 72626 66288 
93337 53629 57548 93593 73207 30820 25233 81943 68812 36889 75868 86701 99244 16419 1170 74883 84050 2433 88259 8083 
21660 48357 28628 39606 46131 52689 11300 1192 36755 33675 99492 34589 61578 77765 36180 76502 73226 5634 34605 82132 
97549 1395 76537 1654 46630 24251 4023 457 67078 66025 4877 13285 97015 45860 41449 32088 8828 93785 56842 82414 
22353 55798 9773 70224 20409 916 62539 51187 63358 20462 72785 94828 58043 25318 51352 26622 65715 91271 79004 27571 
85110 21136 49715 76961 86040 8243 55740 53224 38745 85545 6872 26096 59877 97164 55484 9677 50661 79671 75062 88588 
28037 4223 95909 85661 50519 15984 76181 30460 83367 43931 74941 63917 44897 94262 64131 16052 37861 21184 21214 17292 
5569 43371 52981 52736 67462 2866 6510 27555 52374 51111 51762 61457 59979 23786 64878 20978 70403 77243 28170 16276 
94960 90539 68660 61625 66137 20300 750 23297 95768 25867 20647 79452 54515 10712 26305 52566 92607 60936 12434 57825 
25858 26066 97981 48751 54353 34493 65961 53175 77501 47534 73656 98053 67993 38370 70914 13302 33488 10203 74396 15095 
44335 64639 90313 13017 60238 33223 9567 9323 85131 49335 47530 41984 51782 65430 20221 26052 33377 57843 4282 67248 
91755 44424 12740 91941 79333 37025 64949 54016 29672 21552 51151 79643 41646 65452 59745 26967 83737 64501 79579 33801 
69288 1701 37833 21771 63977 76262 11924 89187 78490 76986 93051 97917 71026 49327 44252 53314 46725 79103 84430 5965 
99457 97964 79717 15559 59845 98790 47541 60014 28121 77556 81331 8698 2668 44640 22700 40091 45626 53126 87505 42142 
28158 43291 42629 10567 26318 58264 11723 28493 31752 51453 23994 66937 19072 24906 71761 68165 86447 38166 11695 39252 
21726 34809 2986 97601 96422 53756 98438 67370 7296 30957 6589 2101 48056 65505 42734 79736 43369 48449 58872 3538 
85755 84198 78311 71006 69558 54354 89340 31909 20498 52677 36862 88404 62253 50345 31143 59612 68341 43423 82940 71340 
74879 77946 68252 82247 53385 9985 33610 15318 82128 24406 28286 54232 94161 9885 48972 36488 4658 34972 81326 53065 
91672 16595 8748 16740 39570 72872 50051 87679 49036 37457 75879 85281 21540 53862 46753 56460 17059 56564 94677 26761 
93464 52943 4816 6602 50301 69106 55542 2246 98315 43746 86461 55513 38989 88846 63251 65854 54758 74409 40228 52569 
4856 11350 88597 24934 85239 57093 97285 23538 27414 68101 73460 8012 86808 80272 66962 71688 664 93643 65750 64715 
21924 4023 1503 47678 72043 85186 25354 53197 96073 84030 23636 84014 54345 77594 96507 47333 68079 10167 41043 80265 
85690 50885 42863 36111 93284 35376 69488 4319 11392 82166 54188 662 52483 78034 26875 12114 43157 68949 57978 22165 
57233 13859 46084 6207 87969 31684 96413 87876 7752 50077 20295 31811 12618 17848 36550 28369 52812 18134 23164 76576 
3599 29111 91016 4163 23991 29734 50444 24935 15519 34501 89709 37643 53074 70559 44023 37425 92242 62954 88952 39316 
68638 30126 92354 84043 56945 18286 26140 13179 23674 46731 40952 7867 20798 21757 48304 47132 20610 91706 89677 11811 
53127 36213 87714 66361 77522 80797 97252 41386 55396 66533 63336 55081 4991 88761 36585 121 91315 40820 49567 59426 
99943 14174 43484 60994 5588 3967 49867 67535 26552 26716 15403 17720 82350 69711 12138 35307 18485 91352 14718 21004 
61346 20123 96360 24077 32932 67741 84231 49867 94019 63745 21683 54731 53992 6709 22735 48752 84107 43339 11772 78566 
66421 28553 23081 26749 37482 1259 64384 80189 31179 21017 22321 9957 29991 45821 15875 5038 34073 35126 72142 50375 
7223 89482 17759 71877 13839 55687 97598 76943 67996 40682 26339 18972 67068 68829 77417 9118 67049 60280 41214 44980 
79214 98012 8147 9264 59289 41969 65046 18876 81427 95432 86714 10272 56715 72501 41844 5797 60328 48716 54598 35756 
4570 94201 88123 89133 20771 58703 74914 56094 34966 17833 9703 55428 82820 89622 91451 35157 97578 83970 33695 16671 
86094 66758 39990 27396 96829 60916 30197 60919 75245 76880 56170 43652 9287 30351 87731 1323 94278 43106 41955 77335 
31146 41718 61055 24530 13106 1270 373 71521 44625 57307 12160 13923 52747 55981 38591 30543 16880 80253 99142 36033 
47103 41246 82772 23516 27711 13760 85456 26605 90463 47704 80382 37427 17397 61883 85254 29346 53010 56944 65149 60593 
9889 37780 77021 65218 80237 79167 57833 20733 61928 93053 19722 21684 63065 6293 69507 82628 47185 61636 77086 71996 
69346 96191 19033 68339 7117 85487 65040 55005 79929 38171 77002 9088 96894 25691 72386 42989 33177 39601 8685 45672 
88071 87172 34192 30311 9854 63953 36163 49248 37987 12890 77352 13811 19110 4658 64089 94105 66805 38372 36792 39613 
66359 1762 13832 73033 44807 92029 25659 43214 9947 64538 63837 62860 83383 4709 99294 17169 74273 68902 76536 15627 
28109 50462 33390 12613 99947 21966 95817 58386 37873 80533 35513 45921 75259 7398 58556 79750 47454 75993 69735 70858 
95164 64349 71366 84599 9905 10490 84839 7035 63576 35781 78985 21544 85787 5297 42357 35622 27043 95872 83240 37303 
45079 80589 31076 82587 13843 10495 84227 17690 91696 10606 61840 942 92471 20801 41009 84676 24756 1180 12580 73884 
49805 29406 65856 95573 35640 48746 26013 6823 85968 87769 50434 19927 49600 96453 48578 6107 28202 67545 53558 14728 
59765 21404 46638 46327 20068 38195 85432 89568 8818 91779 72114 39815 36587 84291 80220 26010 4317 17931 44678 18452 
3266 72759 71612 9257 26547 98902 69082 83227 58946 52801 50004 16888 2278 66687 53806 49809 97424 61454 15382 31317 
88018 18401 41842 78260 98593 87598 26678 11269 53657 67352 57293 18867 33382 15278 80015 4348 22342 74381 22716 31390 
62033 65708 88029 87730 50858 15635 29002 82927 70374 43577 16815 71450 15 80615 62635 82522 29962 80531 35162 31674 
78560 15632 93885 86158 52092 92243 16457 78559 87840 24637 53915 35770 4104 36204 36229 65120 85331 602 7565 44746 
51765 80070 46689 73088 50876 73101 89600 92517 78892 63602 16607 84626 68056 5033 52409 78128 6693 26952 7762 63309 
69580 80797 41190 30864 9510 55971 89660 14304 80980 36822 37692 29522 89604 54892 45935 8881 81931 72954 85660 97710 
66833 39451 3801 16839 68887 93930 43208 94975 91843 75742 57906 52307 33727 27752 72945 93866 17070 74963 36303 16631 
61685 78483 57220 94332 23798 4693 46763 3667 40097 75885 4127 71291 80364 26942 70630 71237 23155 26831 44367 77916 
87365 44520 17732 24751 88587 5159 69571 94365 55916 69956 37530 38493 54842 50464 71192 95598 83881 18924 83655 37286 
17960 1536 40039 61440 34206 48033 25618 30924 48933 96946 93818 33981 19095 74137 45652 64671 91111 29623 34624 1896 
28451 40563 43146 62874 3483 83836 83022 87751 61846 6909 39133 19952 86442 61169 43520 19455 23004 99393 59544 13038 
92324 61924 81475 12844 57356 79988 30815 58795 73715 96105 49673 14608 85453 17697 39540 87630 80174 24421 48179 28603 
15104 27774 25822 27790 10701 5340 91056 87586 39015 34619 26884 37932 98134 65634 62027 53293 76291 33495 9880 20128 
82044 38328 30409 94465 62188 10367 62011 37689 71585 82927 35399 60353 82376 36016 70681 75699 93852 71781 80956 26352 
45969 90776 32649 7806 27645 75286 81240 49138 37339 51738 32780 22664 33049 52335 32073 61403 79721 89279 75388 54854 
13544 47287 72577 70327 37948 79066 84220 82991 93035 51082 59769 36778 91882 41608 42194 74151 32844 246 25525 95622 
84897 88517 84255 64417 84020 43822 5276 45326 93759 35717 45799 1511 58938 20479 21923 65186 77590 59187 15801 30277 
49828 17371 88989 32971 13243 57256 7264 17244 50769 10106 82413 93094 52620 95751 43516 6367 84087 89916 28092 32267 
46507 48972 67259 58044 85212 87949 55905 51840 37600 82577 99150 33474 44322 71577 88774 60929 69914 50215 77205 47066 
43455 77486 62112 93371 19753 99781 59236 58862 85385 59963 37246 8825 19997 48623 52437 53281 34730 5279 73297 56151 
23771 78035 5669 9052 87874 3589 247 8131 44423 68221 77710 94532 20177 28357 92147 3344 78095 37142 27464 35663 
77127 26411 73397 84683 11521 81438 43030 4722 54300 45047 40384 70094 84365 38046 39294 53802 50401 80503 49144 43269 
20685 22085 99077 86318 80940 44059 49 6940 11151 2625 36159 31107 14543 48166 87686 16008 75346 98788 73453 56605 
7982 99138 74878 66279 68650 75510 25656 69750 66785 24181 74118 8922 40596 98274 52009 10009 15301 95171 31295 17364 
59607 94643 69606 11000 8563 92754 48901 31282 26967 3468 62389 33378 13424 13279 1063 76132 91629 83763 94089 90122 
88691 93154 12933 84821 4813 30791 81607 11523 87230 89261 1371 39436 98959 62005 73809 56184 99496 6601 76703 20188 
84067 40072 22440 71896 89300 95750 63758 35453 46494 36597 78301 96533 77662 29511 99395 14928 59695 46936 65004 34168 
24002 15276 12665 56997 89993 34529 65671 28097 51012 24124 75452 38402 34800 92588 73294 69026 74962 26114 12 7106 
50239 35036 45102 55928 81456 20983 4686 53791 68853 21053 51105 27807 77638 96579 43319 95184 54913 17235 542 27457 
68569 11457 64532 86317 80614 12083 21678 64918 85559 92054 42680 6293 34387 39778 84851 57012 2976 90193 29878 54975 
8683 88685 21788 97039 44299 34985 20012 10390 12827 68364 53560 37097 11168 13767 27987 17140 92912 92051 20493 60397 
6757 39707 8668 19065 44518 72119 24712 17722 25472 36923 29373 38340 70263 84805 11303 73400 13182 58226 57079 87700 
30016 16638 89347 93135 3216 48092 82371 56766 82075 33386 56901 67400 44049 98178 56898 58621 98404 35771 54971 54377 
5982 72341 58555 37224 76948 75052 79738 61813 40764 47544 39109 44264 78253 183 37254 18578 39717 86267 50448 77348 
18164 8353 57416 80064 62964 71485 55289 25712 28590 98899 80748 84035 38548 52321 54990 2721 30087 27148 22938 97562 
14103 57836 80753 77990 70083 55546 27998 44816 42873 10345 31364 96140 26144 692 84133 5807 13458 26403 52662 98594 
43150 80953 32857 53315 96520 43158 6008 7003 59572 75306 85205 80121 90810 39682 32621 43895 53464 55330 11492 73803 
33753 58103 36232 25423 32793 9499 23604 27936 88662 63842 89251 24445 11316 26694 6684 84339 95939 10733 85052 84612 
64658 60034 46259 52746 14575 80867 50911 78392 45528 68986 63035 36393 57978 14081 47143 25964 25957 26642 15547 93035 
59545 45678 47331 13396 40332 47181 84547 49745 62374 28585 14826 94519 46163 12249 62289 72386 58695 38921 26605 78202 
98753 85684 3294 45289 77784 66362 14633 73736 14186 91422 63341 89430 92648 5119 37855 14899 66318 47944 48249 89167 
94471 60740 96632 44512 69363 12778 27357 1002 69486 77073 75784 46309 46694 87300 49703 79345 12874 11494 92069 76241 
1327 32253 57386 1748 43726 39494 81125 40162 9382 24131 12946 79137 17482 12143 6922 65930 88696 71819 80622 11572 
86385 18168 92126 97779 44300 16097 65549 38145 15055 60375 97597 7338 96717 58635 20695 70045 47936 10904 99108 58689 
31900 91529 26867 33587 71344 80814 19598 94167 94913 56830 58278 64182 2404 39829 9208 81307 33863 22085 16139 41412 
53824 89658 61726 75571 2491 29264 89082 73689 7665 53661 20935 51740 50155 11513 89712 79505 64375 99323 9026 4770 
59247 43005 13040 37248 98635 36283 662 58022 48610 29416 87446 33907 95302 99347 24203 126 76952 94791 64886 71148 
82146 13927 80908 77728 92614 51885 28666 92756 99352 69748 5734 52699 27 9549 70090 50561 94761 24033 90117 25589 
25841 42032 44412 24290 5611 64611 97391 95964 34604 92372 7914 61918 45122 23100 40551 8011 57250 76837 1356 68633 
86947 71863 78926 4981 97623 85501 72296 70413 49285 60283 23341 69992 57696 8780 32637 5128 25851 64212 38511 50466 
35716 63554 43374 44771 46920 89926 38397 58535 72429 37595 59011 25607 61111 16097 1235 16990 94002 65712 51044 95692 
13589 45646 12361 54362 29748 14301 27963 55559 4121 59685 99254 38842 12575 37442 77047 46866 17620 26350 93383 97094 
83800 16547 98746 86854 92682 58879 86385 59062 27138 708 24156 20822 46568 63953 68731 81581 5467 53733 42927 49439 
1761 59388 340 90613 98727 23713 35701 86992 39402 40798 30758 5994 96075 20725 24758 54541 2327 70991 60396 27166 
98739 70203 30287 9250 20926 68513 57461 58694 25480 97970 45902 73120 7938 8948 80848 83973 5781 35700 76924 71843 
46525 67799 64212 31223 11224 31395 25594 45805 12160 97884 46128 44365 19853 54818 55199 81599 17008 67656 75330 35111 
41828 2303 7518 97396 88019 31377 48126 77770 3216 58538 51145 75131 54040 51561 27475 78745 40270 51702 57713 15849 
34505 21701 24849 78925 71106 42781 29726 98279 56993 8028 6376 29140 26583 81274 27193 72557 91583 39656 40319 95692 
10509 23033 95259 65819 32835 76760 70394 81218 6275 83447 61218 88805 48030 99168 5496 42340 81262 94387 81793 70250 
37472 5861 93938 66122 91114 29505 22137 26317 18585 15081 51649 99387 51843 24591 2782 78745 83848 42412 20569 63155 
74840 4535 65796 48752 21906 95546 17036 68810 20396 19690 27517 18154 42847 76002 81615 18390 44496 68320 7344 60488 
85585 6779 32462 89443 50103 10048 36480 34372 82956 45131 82515 89967 35363 51228 55778 43739 5595 75743 8522 58525 
97925 62673 59840 54372 30147 98039 22090 67696 22140 38338 78497 26188 34032 21319 16843 6166 21261 36514 9270 27898 
3298 18947 64550 88501 9810 60605 25410 9519 77524 4982 50524 91542 88726 85154 16671 78237 45963 53240 955 45107 
56164 58288 72372 84320 14285 57854 8896 44740 5449 95506 67152 2690 32623 95386 83646 2765 90510 93484 41940 92797 
35046 87500 76843 94606 26285 8475 49190 83314 25684 98580 68826 20335 37727 51542 16687 44576 25152 25095 85714 24102 
63203 84753 64778 82213 65456 6619 68440 7676 2836 20179 25871 69855 91991 93468 81525 38111 86111 30597 88765 99565 
76142 14189 74989 38965 75023 90175 46575 3201 42651 60766 34673 16278 70565 58768 56507 86294 79419 628 69779 60589 
59111 97577 49902 67302 68794 4845 42685 50808 98346 60518 57087 36708 2743 47469 33686 857 2796 58035 45720 45795 
1679 73333 45260 56404 17187 51433 82727 16742 51168 69865 91157 19112 50860 82082 92859 37759 38911 35977 12480 13331 
77604 68543 58841 38117 82179 81914 18889 10796 87523 90918 56724 48873 93860 99689 46065 51019 14163 90839 4257 78609 
64732 56707 77991 74987 7936 12156 25791 99843 32608 8306 23045 56001 3746 78239 44532 60270 30918 26954 89091 67705 
38019 62709 27009 11259 66991 55542 96317 2269 18336 83520 34634 8626 24245 99385 40274 2920 55579 61946 77414 60041 
32241 29434 47701 65015 73797 60737 55863 11423 16684 83823 5383 66539 55200 99924 99610 79009 54154 96125 11726 95171 
41985 31383 85258 39296 96927 35973 93625 76797 43539 15790 42567 36716 562 7585 10721 12038 88701 32913 38646 31930 
30493 18949 28247 63098 68136 26134 63830 81037 17907 2196 7038 38594 3342 4560 27549 81018 60436 91932 49803 11721 
5760 76009 10475 1223 14008 99978 6302 32617 358 36171 30014 42039 63840 99907 7616 11078 6640 61751 88630 93496 
8036 62895 21580 66715 38141 19983 35365 77695 67006 1348 47363 97778 67778 78091 22542 58967 2043 10088 28263 17128 
44814 65188 59253 44814 70807 79314 2965 42913 84517 56306 91533 98770 88316 13449 61522 21135 25029 91978 20072 82991 
22819 93027 34383 13536 751 41761 22969 88015 18442 119 19804 20978 19621 90743 49882 50462 35310 863 83203 4157 
84110 33032 76770 5390 49868 4957 3408 93471 61147 85977 40663 83108 89382 91166 2192 63885 69317 99884 41546 77223 
42993 8891 36618 92565 39106 59464 35364 64024 98929 91131 5264 47750 48912 82045 46786 19530 31359 2072 46992 72958 
65056 95550 46962 88906 46221 29561 22494 75870 39534 30649 17947 84084 15120 57971 76147 66570 17722 22878 76061 56652 
18211 38284 99484 19646 4430 3635 96450 28720 12314 28830 31955 92357 27218 71243 76144 39330 24280 91285 46345 43211 
7622 78459 9498 94692 70971 9310 60613 12836 33914 32510 14162 54179 44748 5281 9309 63892 49278 24529 53670 12791 
91531 1958 93066 3211 52605 72746 52764 98533 30210 75348 68701 53169 24012 37645 86548 14307 4181 43313 61862 42329 
70763 12972 16387 17514 37325 2999 35190 59499 23226 75110 16204 29220 22519 77111 63130 720 75215 13299 4284 88636 
25253 75370 84396 48610 13817 54476 92172 60041 51826 7521 15193 49968 23659 52418 8569 80772 5097 38297 84113 25465 
10264 77434 10516 1357 58395 55624 54818 64487 62095 11340 34025 54028 32864 25677 66639 12861 30466 89379 97747 46298 
4048 74870 37173 6296 858 68370 68450 81237 85466 46353 36784 44112 53837 23797 9002 67569 10326 79849 87674 86690 
56682 10042 6992 99126 65706 56783 88247 51938 67930 97441 98507 85830 28017 99520 10697 72538 23661 82653 37313 30964 
42096 70976 31340 93004 7083 85201 93612 57606 31938 78141 58782 40503 46858 20181 30970 71142 54419 80477 30175 56511 
43922 20444 69748 83550 77726 41815 9254 13186 73388 69101 16782 71958 5905 93980 40341 6057 73523 23851 15668 94689 
84674 95812 58623 87232 69704 12196 26136 237 20113 11254 81486 31246 41706 70212 71289 94644 28990 79961 37137 58937 
24508 7740 54895 83855 969 12531 2136 89308 4477 27306 77738 73502 42592 27043 90144 10209 57074 98976 62978 761 
51250 66049 50962 87811 22867 50453 17783 64579 13773 28644 62764 91504 21951 6121 9074 61708 26876 49472 7672 87187 
86943 54911 46901 26073 10729 94941 24757 87424 42206 54351 29181 29881 83807 86824 70152 67411 33911 69915 67726 82100 
82314 68724 38382 3125 49791 46235 71433 11060 12527 30304 79503 95617 52977 5882 81830 1401 88110 83854 21130 28729 
93674 95364 75683 91207 50611 33215 97199 2653 64708 91422 43105 14122 59355 94733 28972 64468 38886 36407 33138 10508 
12904 87942 17118 52580 76926 53594 37346 57306 3889 30700 5238 51779 96897 78504 91685 63203 33966 54980 60789 33285 
6393 37011 43385 18412 82105 65192 76228 83322 92862 18359 13716 42853 4238 85433 88383 91592 34610 71942 96259 92988 
22499 68562 67126 60376 16911 43624 83198 80856 33524 37107 29238 1692 77220 18086 87532 97704 56641 78992 20429 31249 
31309 87490 62037 45057 57359 79906 82069 5255 9904 30525 92172 66857 38006 67107 27191 72418 79131 98794 7493 31249 
93980 27349 70999 34893 99168 78610 15155 93787 44732 19376 73488 36676 81309 68327 89618 62003 36409 66687 60426 74326 
14590 6256 97394 6368 59207 52242 83969 90685 33970 28476 59783 53707 42785 79882 2473 98015 88580 44202 40043 90439 
20420 86161 82483 70291 56195 5811 24313 81222 75742 40277 59360 31210 69075 63780 99197 51827 59601 44334 93600 7139 
77292 29167 2323 40375 38998 51398 2920 69492 178 19488 628 13254 19191 30766 98285 10355 80018 98281 93709 87522 
55213 57237 99514 26798 69425 27972 68152 30021 18093 64785 79498 90511 76452 92704 86193 76569 96936 32453 27511 25574 
60762 88735 49375 89651 81250 60376 21201 51636 83165 57137 69335 58151 67145 83340 61053 7385 28749 60481 41763 13135 
75876 36829 89798 69552 81740 54859 75050 35480 91383 96031 87489 97858 91478 32141 63450 59666 63034 74887 62571 78162 
208 97356 89285 88723 84299 26524 77609 67968 80552 68759 94954 18361 21873 89909 55423 34807 54279 56395 12871 85704 
42836 83960 55447 13169 57623 67150 48221 52590 80668 40382 85987 57850 71514 92510 55130 2726 27766 91959 58709 66929 
80773 5676 93256 19737 51315 12179 9418 835 25408 28966 18022 39633 6040 16212 62041 57778 9625 56720 70304 8747 
70346 57579 99687 74016 60548 33664 31586 86577 49352 25505 44846 17106 20496 88151 5880 60258 36359 52676 36474 73461 
91230 31300 10427 79459 726 8057 42173 99617 62421 53480 96910 13177 7606 64181 42059 30048 1915 79756 44820 35206 
54317 76685 12770 420 77791 68505 12371 65339 26789 9444 78488 15307 60367 37190 13787 97085 48261 18343 21308 94387 
39049 37817 91704 23180 54414 86127 69616 77491 38138 74007 83519 98856 11654 50050 67337 10188 1942 65310 98710 83514 
62769 21242 70319 54193 61238 84639 77397 25125 47881 43471 91697 90117 41774 16180 90007 64283 89475 55335 21983 55120 
87148 525 39023 89098 39932 27355 56618 76565 15095 82155 41763 12391 58108 53462 23327 14143 91674 76806 62148 43989 
47972 93796 77422 53431 52227 75495 30500 98748 44624 68104 67632 27072 74193 33900 94314 99532 72422 78141 70958 84447 
19318 34592 23643 16637 6445 38936 74318 51448 14572 95414 21799 31351 19109 77901 13704 40345 18615 59972 17591 94694 
46182 96527 2282 56325 70098 26360 65543 10067 70834 3285 83999 87989 69772 5464 10051 17725 44473 88611 41829 2465 
60678 76832 83626 33798 70832 17987 52856 18353 96307 79676 26796 13843 38036 37936 98469 63740 80465 66203 95025 43707 
53549 77839 34591 1497 93747 32735 18089 51376 13727 19273 53051 71684 47833 38437 37822 61737 34970 48788 22320 92599 
53753 92791 78605 89005 98827 71296 13006 87254 41227 46825 18513 6906 15508 53784 1992 65191 24495 60930 12856 83282 
57685 13332 37655 82842 61268 70267 1947 39075 79223 74564 22831 34641 29164 3561 17547 82361 89544 49004 91701 37487 
89485 17889 73063 20270 81725 75562 210 73856 18754 89860 31331 57304 98721 95642 16596 97255 99053 9555 56286 89647 
46846 44832 38233 53141 90358 12193 97560 57839 81761 57820 58918 15685 43316 63184 65701 19344 17239 15080 73880 66904 
99935 24779 70250 99350 4291 31508 60431 65639 40776 96650 78600 18846 83130 50350 1509 77996 96663 66943 86039 47768 
56710 31292 55703 30684 92077 22794 47474 59219 73304 95143 88955 32624 49787 34705 3885 53709 46465 50011 40010 1055 
8332 51633 1105 15928 44933 51318 94195 99883 26166 54698 95928 20133 44549 1734 71012 24288 20021 12397 7860 13582 
11754 72800 3191 73829 74428 74331 76697 15523 48055 93717 60162 82740 71666 29725 77709 16281 34829 52789 66794 98904 
40241 45047 90401 29253 47970 79367 37589 98295 80858 40781 88037 15403 27776 70678 15346 36397 94491 3239 50215 79616 
22101 66752 74872 21488 97948 62168 49115 81768 72230 20552 54755 77329 78190 35015 26462 26619 19460 14045 96612 87739 
27353 27104 65819 67720 77815 54760 45487 99214 96163 82196 27418 1543 38403 93178 45031 15499 48307 48925 93853 57133 
97376 84672 88485 57101 16132 22936 82000 33413 9426 51980 97398 8846 94490 46364 83805 69107 68069 51879 83139 80914 
19829 50636 66557 21101 42951 30254 28976 19065 88426 1666 39345 17504 14921 21314 15017 70562 37311 42564 20 59717 
5814 77646 95461 66677 24187 79840 60057 74024 10287 73228 36977 51502 71766 8203 85946 62822 80071 86788 4734 77381 
24959 49422 96723 65025 19071 57453 35459 86372 47511 66749 51557 58440 17614 15478 96500 26604 30097 7214 93290 54361 
320 64103 33234 52519 73451 53135 20381 50238 80940 61140 71140 9418 69296 81044 28722 21777 96145 42992 91906 71712 
74944 22659 77929 52891 55092 76317 60902 67226 17447 49754 15391 6745 1818 24452 61731 11213 9570 24687 68526 94539 
41337 22156 23708 72999 84084 42085 30462 66633 59996 21416 97099 35748 88279 47008 54285 99072 35208 77108 29833 61895 
80778 19959 33220 77130 14840 17830 8450 82386 11033 13286 54089 34798 41424 7143 66332 37507 37993 38912 94607 57523 
86598 51775 13562 22857 53064 79767 16412 8143 99845 43194 84884 66031 94563 46612 9476 90697 11788 37667 49214 27287 
90600 63849 67110 66087 16925 78858 62513 967 78445 35062 62452 38061 97569 34415 35030 14086 3687 13992 87090 92733 
21399 70376 45399 70877 79103 19780 32857 50362 60874 99785 67732 79757 35249 57689 16424 70458 58867 72580 25039 17373 
12570 84408 45921 48728 53735 23259 68661 62274 40228 3253 52222 70808 7709 34341 34573 25208 37570 59905 35533 27109 
802 92228 34752 62882 15957 76740 27018 44080 5149 64377 64316 92730 68333 89164 13740 16754 84161 50090 22158 75840 
5652 41265 71751 58181 7818 95094 69750 85657 17026 82509 67316 18921 29960 64805 8967 92909 78547 46352 97261 94630 
82411 91625 93839 13085 26032 8183 83742 31862 65638 43213 89069 98418 25724 99124 5110 80747 65764 97433 86272 86305 
13619 457 65837 17642 33338 86829 39468 95843 11513 71274 76671 32226 15386 97325 16062 70843 8242 17058 41526 78971 
45916 28564 1152 72370 64464 7785 98431 10567 2174 33830 72059 72101 31337 43578 56448 25721 13087 20217 52117 11304 
161 77176 3575 41496 26986 99732 38456 58274 34917 67195 54377 83720 46950 73879 92416 38577 42330 62944 81062 37785 
16928 87278 84428 91982 93194 31930 61632 34813 5505 36433 24001 84722 92907 42736 74162 76738 76306 72288 37347 21496 
15178 96701 35886 58430 9282 93572 68041 30981 48218 34694 77763 52900 57438 60864 31559 91036 81614 28594 53599 29916 
63831 48800 41801 71125 37813 39885 87503 46492 3445 51481 87162 57297 79938 26768 54522 17410 2965 21035 47152 31758 
73731 15704 30207 86609 48445 27770 93155 24543 9533 43515 92054 14918 40950 23869 23879 75983 50002 40265 5904 61631 
60950 52400 48326 32588 24240 50303 33350 65737 6567 39026 10479 61667 54755 22859 18062 38280 20042 3204 97487 11498 
28937 68157 51226 66298 62250 86419 88480 99376 8844 75936 29044 70252 38589 87867 34049 60205 52605 65612 15430 92600 
4038 93567 32723 77122 84009 59143 32445 37636 24160 74588 24159 69571 97080 12525 85994 94758 87525 90030 23458 87634 
83423 93241 12992 83051 77357 73533 76196 59498 36714 40163 9498 27255 95732 76797 35913 80706 57834 34229 43716 54633 
78854 29325 11952 3020 93624 59522 87268 21528 46936 40857 50823 1807 68651 1367 70859 23312 98561 69144 40473 70652 
86957 84190 76978 39979 92071 4220 87022 49266 31807 4861 62094 7343 79739 16482 57169 85543 68500 70354 60376 51739 
82111 78725 95418 9687 6614 84503 47882 26964 24727 70567 67668 7727 9361 65239 10143 49094 97031 39151 78756 99807 
32323 36120 16954 28894 33589 79095 970 31273 91989 72068 70979 48976 9997 60102 21454 51597 83352 97798 29454 45490 
2130 37986 91156 51944 5962 81251 40749 91714 85133 46781 70686 37744 17428 47259 28950 21535 83422 71681 36779 63338 
22046 58313 38322 44736 54027 9272 84059 45838 37812 29557 94016 47614 77306 88326 26541 81073 44456 1542 75015 60110 
95203 95441 59638 16003 17984 173 25161 31957 88350 72735 28418 81434 87337 7440 82558 24726 60200 47047 40408 43562 
78868 17659 77151 23845 88659 96897 91492 28208 71295 41984 99532 88316 63733 76613 23906 27780 3728 88522 60546 86757 
13630 95912 23964 51291 87497 27303 8515 60921 7455 38964 11097 69366 33193 34807