96353 47869 47692 6855 2643 79157 10516 42941 19554 91972 51108 44044 82109 80980 60918 15603 10512 66532 68449 63488 
41831 62290 55149 89532 23157 39578 89997 95491 79676 72389 77897 74665 67013 50752 40493 96650 83701 241 58101 89567 
93385 37296 37579 85148 20982 16460 74036 88092 57231 47775 33576 82123 62838 88665 52144 63756 63529 26475 94818 76514 
17967 96935 27202 91301 46721 57703 41905 92707 62822 86334 3849 14461 55038 76869 69440 27802 57507 59735 79038 90454 
63455 29996 48916 54147 66036 25130 35997 10325 1918 30260 33048 18539 54416 32795 85803 17938 49297 57717 10913 35669 
85044 17072 35235 61179 67717 29462 62061 49122 77152 33724 14565 85153 63274 19970 80464 77221 82001 39476 20506 90094 
92529 63521 8726 95822 30710 64551 87390 46818 42094 37657 94612 18489 93404 34426 26780 51080 21734 41580 80966 84926 
74562 63627 31246 32214 26295 32345 90771 704 8600 89056 32397 27788 76733 19499 32686 99627 75136 42411 8237 29067 
5061 89667 84705 50874 61293 12167 69594 54544 12616 4059 23136 25267 20463 59588 25386 82248 94818 91614 15400 23580 
91832 99578 99328 99624 250 76042 80630 31574 24985 7438 73147 10606 92283 20241 35823 43684 30183 96963 99314 39724 
27482 18094 19841 58576 72351 75291 25582 35193 75535 36487 20648 15712 77564 61936 88364 15311 36723 54958 97830 59821 
77010 12149 95930 39787 10967 92045 54975 41767 19037 49148 53532 13841 19486 98305 16419 90265 83989 38337 57678 93307 
38594 837 54890 53070 24848 67299 1653 74237 97097 81342 73299 28730 7849 89318 36827 94358 13787 5204 39318 65882 
14732 98170 76325 66360 90544 54788 33163 7321 58691 26553 62635 95972 73802 59208 83816 3249 41461 71113 11710 48629 
7593 73958 49720 69206 35990 56594 16212 71892 35624 84394 74220 16536 82867 41174 79224 72100 89068 44829 46207 84766 
25752 48694 79273 21780 65040 59759 5813 24967 18821 92748 67369 27422 57380 385 13709 73390 5010 31502 58704 21295 
65395 97139 52661 70821 48711 48017 73630 91016 40343 27932 19934 73313 76769 71069 93398 7660 32703 86576 10794 53056 
62190 87111 36732 16683 71369 84949 10977 86107 67906 41817 96174 37764 29691 61817 30591 19425 33757 22891 97507 30514 
91911 57911 86357 26286 6389 78138 51805 91798 86093 82440 37872 48744 47204 73636 9944 35944 34006 32714 77034 58060 
44015 62407 85073 52739 95398 11236 17107 83173 27197 4982 24379 66618 40279 62214 51667 10347 42536 84676 4839 17081 
65562 27932 33436 48913 82553 99414 14588 33264 78631 44103 33233 2304 28329 47453 20482 6448 46305 51118 87099 7557 
37347 41834 69224 89835 86131 96124 95836 44609 81053 602 354 85298 43314 29690 35040 4989 88136 73181 63953 20558 
3478 32094 84881 90723 35576 59570 42750 7169 56966 55463 66543 47671 75389 77392 87528 85537 46506 97682 93747 45301 
31557 31298 71011 12284 43525 51515 44808 31686 3691 95616 82722 3303 12815 19174 44238 13351 56248 86048 89535 59616 
100 59439 26792 58093 62103 23629 57765 98598 19829 66175 35024 50121 45989 68406 21673 42096 56330 19420 12571 47977 
48132 36153 62905 8772 62978 47734 85167 42490 25670 65466 48700 28738 64728 78269 54125 10990 23883 57711 35311 89070 
21393 68310 19299 85974 7052 94386 58836 13429 68523 93879 48963 38798 52407 92628 24161 27772 82239 21530 44406 57045 
5014 34041 99670 13072 32201 58871 74357 40922 89989 18838 35843 39945 93418 3159 12359 2906 37182 58856 84926 87671 
79868 64705 72585 8981 62178 10906 17843 33170 44279 57981 81440 12108 72739 11913 4318 37425 14264 70973 6652 9601 
89953 79322 68454 72035 39487 59590 12942 40567 78272 25208 59000 26600 9157 88783 11478 47049 40992 36048 81504 63241 
28957 63269 33699 3965 54932 30899 59367 68589 11191 79664 45423 19084 65715 26203 33465 48772 44431 81144 83027 9560 
70192 97273 8824 18230 48066 1742 52155 16448 97189 99117 39751 3525 77128 53487 92528 56007 28260 4802 49622 4293 
31946 22221 95780 96228 59559 6242 83432 98991 80751 72105 13122 43139 21799 67558 60657 54912 42571 59003 29443 7958 
79114 48978 20345 22645 51877 33814 52744 13549 37465 41182 11413 28674 56159 77231 50552 39064 674 43618 148 80939 
76150 13634 75385 50329 69879 96852 69108 46105 97819 85969 88248 57364 23638 44117 49237 20116 23382 77653 77741 8236 
96341 41767 88621 32721 14655 37982 72162 31823 48410 72303 32241 12961 54130 45421 11748 17644 19703 37127 40360 21234 
97082 62827 26560 97337 62121 38127 63479 38976 46707 88130 54279 93545 78910 73897 18014 52538 6576 29477 51287 129 
66755 49417 24414 10199 465 43941 9878 82665 92644 64076 93289 2427 57646 13270 32116 77202 74452 76517 78716 3891 
60607 43485 38470 90295 83205 3649 61114 91714 10704 2735 94718 32247 55503 50642 34232 47528 86668 28396 3267 96651 
63240 77299 27418 83428 25133 68259 27266 41259 78801 25028 61072 10607 60152 16561 37532 25002 44824 37823 51874 4554 
11645 61857 19577 2671 42224 95306 13608 17631 59759 52391 18719 96838 98102 7499 12694 89259 53434 33707 7493 48029 
20756 95787 15794 54348 20342 26867 12304 40418 25697 51950 1759 87778 52820 92730 95862 15680 14822 88754 53479 53157 
51202 47642 88417 16467 97740 69613 88700 28589 77016 92772 85530 61523 44249 80615 42466 71732 74429 77624 75102 52811 
25658 78475 50217 41314 33878 138 24909 21665 1422 45692 55354 68344 38677 77774 20238 91018 53712 22934 88301 64664 
14913 17293 83036 23893 64479 20005 9585 21648 16261 27984 32675 3189 58378 91824 53829 42798 32318 81743 77063 93862 
93457 19943 41706 40383 51346 19791 81355 4777 19568 47604 76378 68075 80565 8604 63100 46183 36106 52304 55270 55292 
92553 85455 16248 17430 87918 91473 74789 26389 31698 88715 76124 75241 16078 26048 93242 83302 54930 17817 7475 20147 
75373 8975 56037 12446 12480 12287 48122 66971 45182 1151 20825 84723 52 22631 27097 784 74 60173 83707 99618 
76661 71943 83437 88421 39166 67283 35875 88529 66794 77995 44497 82498 76454 97908 27735 62829 8132 75772 2867 23479 
61124 29668 86073 45810 78283 62813 96165 38686 28706 77115 96956 26739 56288 25763 1813 53564 434 55512 81543 71470 
88671 8680 18407 12973 49652 96756 10662 96133 94770 90752 92035 58388 74612 81586 48414 54474 85445 41251 21386 31929 
754 84520 90516 28382 54714 82040 54734 77544 6970 37462 80892 6493 31566 15285 13251 82502 9008 69979 22258 62969 
87373 91925 89513 3905 71179 2601 6272 59927 72496 83968 94707 78593 9288 22655 50972 69432 65273 50471 47566 18500 
46260 77627 54160 70547 31339 29551 15180 16798 32430 20899 17373 97625 83518 89236 48677 66324 63758 75640 21483 55999 
35178 13507 6809 60755 96993 40007 13882 38864 85388 84891 41883 81226 64769 80178 96107 86042 23875 90852 37598 31266 
19970 83936 74702 26386 37134 32105 89162 9565 74412 20247 86058 57274 91180 20961 76748 94059 89410 50139 63644 69127 
26306 57977 25280 39241 82977 72736 48255 61504 94825 88886 12390 69942 50912 31677 78073 64443 90914 9770 93358 28354 
88490 32845 32677 3325 75678 78401 37560 19883 3409 74578 85513 82676 87471 99777 53858 63365 37530 13067 80412 55848 
75463 31445 89216 63459 46814 82229 9791 13751 22809 16211 43736 58198 82325 42431 9140 62972 21582 55409 57647 44276 
16288 18905 38683 42849 61846 93333 92804 98699 22020 46764 42109 51273 91391 87049 63053 15406 71183 70084 87541 6422 
32075 29461 7729 37167 9868 53219 99135 50548 31199 49064 80308 84284 85743 37499 8483 56245 30215 12397 67477 88543 
19654 87845 96355 28050 68206 55267 82842 59020 86421 44229 37678 65167 47653 79839 52564 1881 76350 56635 80005 9586 
75646 7151 36868 98861 30469 28848 41805 41604 59475 48840 34327 22393 34570 61216 85492 69675 76544 6681 77527 28773 
6957 38035 3836 9261 13922 8227 94177 78337 84356 78963 2505 19382 31769 78313 91449 2837 48164 84318 37293 98900 
65563 73895 54051 90420 88077 8490 81971 96860 23227 66631 14486 88838 50088 20288 59733 50611 63575 61966 49118 15192 
88656 84856 83203 17670 95504 77148 8011 674 96766 40529 91820 9709 96460 37792 81983 64635 27007 53050 92961 7546 
81777 6425 45803 52084 18224 42366 338 75780 89604 29478 85327 98430 1733 29974 5373 59655 75798 78875 11223 78932 
34821 36481 15196 13450 23305 51930 22884 59598 21365 66298 28155 29676 79901 75725 78663 82918 81458 39588 61605 39843 
20500 17746 13720 89339 83702 93845 46037 93159 59737 80252 72215 69836 27715 74311 90301 60979 32464 36378 54285 71106 
63202 95760 5309 33885 53306 7168 33592 63696 88914 69151 29408 59689 54119 38940 27347 49524 77703 50976 98009 70118 
85204 46989 9882 22245 99545 44330 98827 8838 23087 85141 89872 32243 92612 40463 97242 7659 91702 73051 48559 7147 
80436 61803 39233 21761 70420 64246 67880 67500 72746 33058 80252 25514 46915 46148 68401 8501 23886 72425 68107 55662 
54325 50680 8812 82646 57576 39469 27435 75932 53735 65546 11353 70207 80967 61401 54206 48805 54171 40767 93583 23613 
85065 53768 8046 14372 85635 62408 99406 71292 51966 50849 10521 27464 76300 16613 89918 33377 95264 99427 7108 10099 
22816 4625 86527 89504 90039 67349 85171 43227 96537 48665 45049 29604 39966 51625 24490 43167 10770 34527 17771 73786 
1451 80501 70487 7715 21591 40977 73911 66755 17620 27444 20878 18703 80568 91270 8428 31741 94399 48820 46061 29902 
4009 32237 39382 30825 1753 95444 53988 48421 79192 5260 99894 14125 82647 23572 23602 54132 67006 28116 27925 34410 
94065 59511 29540 39994 37254 66636 44469 25295 37917 40130 70026 10808 13184 73854 26916 34414 61097 80874 30559 29271 
85690 88843 33831 2761 87925 40712 61642 57618 31516 6346 56808 14635 3254 91628 34942 91823 25919 65207 97506 71488 
76807 80932 20411 5626 50717 3995 8993 51433 62234 27378 23787 92027 44875 51933 82372 31100 78115 76384 81006 14901 
84917 31624 8818 65353 79357 93004 32381 23416 66983 49554 67596 61423 5596 88872 86835 58084 74758 75893 34374 24520 
36292 68903 12622 83885 33412 60831 62752 65164 83445 28744 3097 70281 98295 64398 95534 41605 40862 75885 68154 73175 
99158 49956 66357 72509 90166 63580 40910 87829 83315 81488 94519 20811 60973 4538 45959 52138 28915 71705 52785 33179 
14911 43373 11645 3648 75228 45501 19623 3431 76072 66571 19845 3999 53862 74748 25894 32700 38914 60957 74452 56740 
68886 15904 32731 48203 15493 94193 13245 32979 90481 57535 73186 95128 11942 91512 215 65914 70880 69580 11606 90885 
267 38282 68293 95953 6829 1191 22523 15748 89256 36620 99939 59037 42616 7593 76508 12539 10574 76421 26214 98379 
89788 91544 25894 97965 30054 83030 44918 36342 16167 6246 4053 40734 66945 18259 81417 51664 13648 96638 11144 77201 
72690 8328 68669 87994 72548 26548 88982 9004 13692 6920 10637 59538 8195 69952 65535 74980 62197 77378 14266 62508 
56785 34864 14770 40747 2027 81069 592 34717 57702 60638 33971 34893 68234 90198 15968 86011 23585 77326 38345 16614 
681 67884 98344 55377 57449 99483 5140 66040 35305 69707 17713 35653 35129 75761 89159 93047 5629 78301 28029 47747 
9017 32573 88612 65845 10082 18924 7994 98263 46758 24053 48540 5182 64774 49309 2299 94965 82460 15926 6328 98060 
21405 56268 26549 48646 60120 56794 65036 88087 63318 57087 3203 16556 57679 60667 69 71989 97111 62664 45162 85346 
67590 62415 48802 67118 62857 87701 29772 60654 33790 27023 11975 18960 43067 42378 60442 2838 82096 57225 88385 98582 
73617 63717 93785 38292 31181 58248 73838 24483 91824 51498 2380 39502 64205 72316 85773 37340 32648 90204 43354 16468 
24821 62060 17282 59257 47322 91844 19373 32727 47347 6077 32850 24482 11971 33451 86478 38243 99846 10533 77254 39032 
61581 50111 85477 57240 6712 17531 85773 13695 98395 2646 92661 88045 20792 97082 69854 20166 60438 40674 83832 57786 
14680 49542 86265 6600 48780 5870 5837 1578 93122 6485 91080 94568 31005 87276 56610 80306 72855 39504 9205 65483 
96182 849 36939 47837 61227 35517 5546 24568 46392 6182 33445 60350 67708 45902 78742 39982 39100 39908 70831 86743 
76998 45540 40656 80333 54931 84071 81520 68712 62746 22482 36431 80306 74288 14965 97930 61011 65533 88776 29433 86226 
24452 57762 96040 68942 51337 29513 99532 20706 55555 13979 41543 81187 66643 69400 56837 99807 75579 44553 10545 90810 
3367 4107 72716 47731 2282 85349 41443 85292 96331 39196 56883 1416 39156 58695 55582 18961 63551 91438 9370 16780 
92916 1439 65803 47015 51463 68708 54328 27371 268 36917 84093 69760 11716 30384 753 81268 44301 81026 37893 7151 
43786 89504 59312 72315 75918 58776 85318 62270 63138 88684 76800 7682 40225 95929 91604 60269 68871 90440 18068 86614 
63359 23614 80130 84881 77268 31757 84864 4123 60186 22733 91987 42823 5504 94618 48317 52774 80334 79709 45019 86335 
19229 34891 23464 64085 38087 20309 28142 91442 25678 44509 53097 16581 35685 55006 50917 69833 62664 19213 11890 97618 
89506 6389 75714 16086 98286 66478 13179 74553 98785 78265 89952 79654 9377 95286 17721 44918 14358 28525 99610 39182 
43864 35458 31598 59674 39957 3721 77412 73931 58928 63675 86390 86413 60836 79817 76576 98273 5884 26014 10224 36392 
57930 29175 90033 17607 29471 98272 63750 94185 94135 23666 96296 83497 5266 58137 79086 88786 91923 32987 85954 47255 
77605 57586 70777 37718 70435 9040 92163 699 80368 39009 65118 70913 78989 94052 76796 83725 46958 89137 17240 60331 
12491 33740 42789 65188 93686 15849 82109 18270 44873 32601 9590 26717 43516 21963 82376 10783 2262 97835 75188 18444 
68607 85611 18759 50017 6574 36990 51855 11366 92855 27353 18318 37103 25870 41469 41758 9129 62881 91637 97270 65020 
97751 40200 46879 8094 59652 98259 97592 82536 98708 45536 60082 10462 5847 92006 83499 30293 47951 4467 93606 98664 
59250 36848 2351 13489 77517 7015 91777 27698 88489 4185 68289 58147 22684 3211 92307 81201 40071 56102 99521 58731 
67008 47245 56141 60622 69630 17489 91648 63876 62068 57570 65865 79081 59945 75534 27990 61229 23741 60821 23780 24998 
8017 89920 36123 60960 13072 26083 39830 75360 1462 39787 97455 1679 20276 5324 57442 10284 52091 30646 46060 60175 
34671 73735 38221 5671 85704 82149 20923 77494 38584 35456 71134 83846 6933 37125 51909 14576 67190 60837 79771 46296 
30973 79326 73740 78699 40760 72423 8446 31376 43925 89617 84738 48283 5803 825 30065 15309 95690 4534 45729 19056 
65808 45849 58321 7465 19773 41014 85568 58625 41040 28953 71444 68091 4440 88937 80797 67589 80303 67979 35069 51875 
96286 24963 9677 33296 5109 26804 68942 79646 68309 7833 96060 51186 27580 57222 12384 22639 88233 37796 37236 84444 
88031 89210 46964 96129 32187 70550 52004 42386 69566 26236 31435 5694 21305 26619 94536 99393 39534 69128 10406 63013 
9953 61515 85956 12383 40031 12264 3850 83222 72094 86647 44363 41020 78763 99024 88179 8163 74361 2121 73625 78319 
64453 4260 25572 21513 19253 19955 43049 55527 42751 50178 93936 53565 63606 92834 59495 47763 74633 62118 48236 94668 
41482 14582 40324 49090 58957 59559 13036 40699 99914 30974 35374 28781 36506 97132 49499 89912 84744 97241 37145 70927 
85229 8503 25133 14844 99686 73040 28534 17829 37335 16151 12689 60671 11093 36197 60005 16662 36171 89578 32478 6121 
42092 54556 4197 16289 30079 26610 53026 91192 61325 24732 14069 47983 59511 69137 34431 72768 31099 67418 12692 75905 
44811 95549 45387 82991 42270 74141 48210 51836 93808 9988 30239 51219 32782 3612 25402 73725 98691 99150 81508 1499 
75112 5169 30589 22763 77442 87550 5543 96070 48370 42409 36996 58778 31951 8304 34415 51207 73569 54445 9818 87919 
44765 21942 64478 74719 6396 50604 46982 99547 43381 96948 48633 48775 95068 91543 18393 70330 80431 3993 9997 28257 
65481 25701 15673 59479 64718 25410 16360 15237 21789 64766 94946 30175 88034 14746 14060 10561 47419 85327 36086 22862 
8500 30092 108 46993 56240 56273 4832 18964 21223 93203 35764 72594 88413 61233 93615 13284 2950 29764 73951 96473 
8883 47047 44978 68798 42775 34709 24918 94533 72260 99676 78246 74212 3853 8259 80634 66753 12251 98180 84413 85291 
61321 78412 46308 17716 29616 14547 65723 87575 38966 28439 48188 41238 97147 71796 89703 21768 60980 19037 49774 58817 
63034 42235 95700 12291 32972 19587 7880 84169 99442 80513 79977 93967 39914 27256 33736 2801 93858 13502 48711 90147 
23933 86371 63882 45061 77258 79377 78348 8718 90660 41960 50108 85552 86953 82007 48487 96826 99051 47820 36265 52619 
16789 20264 70736 26518 31501 95881 64544 85550 39589 12369 57742 65296 96997 1666 31844 87072 51118 54234 23897 41209 
93278 63728 91486 26135 81116 15003 65488 52597 41347 29209 14250 6716 44438 81572 56065 84317 1974 22347 46420 14493 
46893 42594 24649 70513 50872 24076 15797 24347 16226 3952 35237 68348 38657 75754 90268 28224 98577 31293 9554 44410 
11428 99006 58408 35226 53658 33878 64420 29399 39922 65632 9378 1511 82691 86952 18392 19229 27158 66379 59845 25964 
58338 71248 43859 92755 75872 40375 88894 31102 41538 38380 72586 78423 69018 55974 18384 99676 39319 14200 8879 50291 
62041 69567 86215 49983 64270 37740 96226 88077 94190 34591 61530 23935 83491 12973 10152 85325 59882 51096 82545 90476 
34084 31563 4686 3549 28543 59952 23424 21912 46409 67623 60850 56978 18121 10206 55988 7484 82246 32298 94920 68460 
81570 61964 248 79513 33963 12046 62079 26872 89364 47020 90472 22934 68565 18015 97623 1405 87469 28335 68489 30843 
56902 64936 37799 888 32313 27701 59864 49780 94895 32116 63572 90907 75513 75264 86886 58124 78811 69881 10818 56834 
279 26025 86962 68982 78043 93068 2362 87190 94457 76449 19754 53765 95001 11989 55228 99671 95260 22464 20426 27191 
95382 6231 74301 85469 27812 53995 60557 41401 1816 66948 87931 86671 35432 22997 28272 73117 71518 29772 76560 53018 
61488 78594 73186 99477 79259 74011 30503 84370 54704 44105 71172 53116 50376 6915 1469 39249 41710 5804 77009 96541 
4465 44283 83839 74249 29325 62458 52688 33791 68258 69370 41781 16984 88853 53859 19015 80352 6565 15991 77883 5316 
92165 93358 97728 81893 49382 36155 51854 36063 33567 61782 95418 61023 38925 88340 45656 44223 71611 597 76540 83896 
97520 89812 43722 44239 36711 80848 70163 34437 82992 9333 28442 82159 52007 8509 56656 39675 74147 34009 25504 36273 
68821 39258 32510 19871 20840 12431 89806 74616 58890 66055 36387 14161 19109 75195 35629 71178 96047 23713 12645 10863 
62162 51963 30331 88247 91797 24385 65538 44662 81406 39047 92336 47016 89837 21885 39430 11760 85614 17185 47036 64611 
25098 44010 54127 27097 25427 49774 78208 15133 92709 54485 84849 41358 19484 22624 68297 33743 4977 8474 96422 51782 
48931 48117 21738 28915 71994 59396 78961 48847 9752 60048 6380 62858 53809 86092 36447 86085 23739 35772 11518 28670 
84105 62779 68621 78626 5453 89498 63459 77865 35142 15475 73691 43759 93519 45730 63598 75362 33275 56808 54388 96790 
26374 53952 38117 82975 21201 92457 32401 25311 95335 15833 12134 58998 73661 16886 65417 67602 14433 1480 58779 64937 
34632 27693 79546 11212 38101 202 93392 52066 17058 27146 59896 56595 13713 91957 49792 40555 73689 79771 78847 68896 
62120 77978 48749 27763 35198 69983 59826 57710 8939 37036 86775 49856 9470 76988 21997 50352 93513 12475 86136 10926 
78893 80926 1225 72248 40489 19961 61874 12749 11772 28586 68115 7824 37264 13143 44360 1837 61438 26734 99914 59028 
36145 39912 91223 89569 60869 2642 88038 64135 15942 69550 83034 24301 27432 16695 36371 95508 65274 34212 13712 29629 
5926 64640 40378 96234 77602 16525 14083 79725 91143 20002 37422 89901 65415 32464 47062 65776 7141 41968 66602 13054 
13620 52509 9934 68348 50585 8544 32358 12090 10243 59601 40975 8007 20787 55564 968 90417 3240 41754 54158 57842 
19485 39958 62367 60551 35170 78239 91818 57399 63167 82405 67584 88611 56672 91347 22474 5005 84822 20465 14549 77647 
93702 15806 49278 87081 268 51158 2361 97794 53272 13488 55789 60968 6237 55621 36142 23767 34930 11394 48347 1748 
5876 30567 49328 19244 42557 70719 92924 80211 15239 70447 6975 91594 38985 69744 76860 53530 44683 60056 7977 53450 
84344 45623 55810 27516 28960 40778 13801 26382 83206 4511 48252 2850 64701 24085 17837 63738 53803 28583 12859 45093 
5299 10557 92164 56392 96068 24530 91281 84542 8351 72563 15008 6643 16210 80091 3920 23782 69234 92326 5287 25214 
2745 51934 8772 14978 92811 87337 10100 37074 6530 19246 75360 17768 70802 18922 97195 61195 12573 19123 23859 39850 
16181 90315 40365 24017 9261 4308 37170 2132 22152 39510 98872 90316 42938 53677 34705 65098 65929 32597 24794 83338 
69548 44946 83892 8537 21358 69879 85778 99639 55328 91431 2916 58218 14208 58644 79120 75813 37735 32285 49293 58601 
11891 34729 63993 40092 61740 79654 87277 83123 37596 26817 47967 48454 20319 76195 29862 45249 43495 29490 17003 1141 
32619 25125 22148 32501 87802 62717 79994 38794 8387 59144 15972 50520 17070 21752 2812 34151 89967 7498 2386 87167 
68078 17290 88280 46061 25411 54132 7721 24240 42990 77942 83145 98952 88729 381 10419 97425 49044 15500 63763 60437 
37012 3637 63655 24425 31759 23323 89437 11496 46871 2897 75814 36172 90613 98602 23311 74534 17383 54678 87862 77534 
50583 95121 76310 79520 53099 74391 71895 33753 83524 98643 85678 10256 32599 56283 10382 41822 93220 41397 52203 37767 
97636 24807 97785 15800 97380 49339 74545 27123 71806 23834 13597 87348 73436 24380 12418 25153 59148 92763 16728 25620 
52825 30396 92098 43706 39339 94166 71917 42180 10081 81989 27543 22161 62147 73191 43641 2564 62806 26179 12130 77606 
32029 50438 31586 54683 77365 72530 40967 48863 69035 82008 86437 93811 40334 75585 42875 93656 86267 68753 15526 36405 
70742 87426 43443 43413 79175 85988 73427 82959 62252 35980 72228 86009 20600 69620 70677 66545 98736 25837 66044 19876 
54589 8118 18519 33506 68832 31304 68402 9652 83883 11693 54719 18399 14360 58004 25761 18490 59654 65113 25409 83016 
17159 78737 52820 15057 98430 6328 16380 55049 35813 42699 4431 73091 22018 29721 84036 27988 74889 43805 65436 73457 
63634 8399 91647 53188 55117 94523 9819 9909 30584 78663 48083 85461 70801 22463 27340 55822 97130 87391 85067 76906 
85878 70569 87572 55275 44085 17312 61815 15494 38955 74152 30204 51494 2187 5702 76095 20970 96039 89782 12671 84043 
84132 29966 45231 43814 41794 30228 55883 12796 63882 66673 80304 38712 97004 53040 54528 82165 33454 56209 47791 34646 
72244 22012 52029 99229 2053 76426 71719 15985 9559 43577 32373 59335 39071 62405 62088 86705 81259 10861 68147 98169 
66005 56610 24584 53484 16912 90761 13156 7968 50458 86010 65762 33893 26717 71275 57700 88985 94824 88463 17120 58259 
78074 88828 24030 56825 58747 82390 98033 56953 86004 21818 68318 12473 56737 86311 59706 29512 67355 84659 65324 78804 
52043 15512 86312 32582 70117 45100 56810 51857 73798 95553 56349 41049 44283 52070 13706 75789 94850 58541 57770 51741 
26223 93104 46889 45323 14207 3856 98198 55250 29051 89532 78592 49845 37307 74142 60639 37770 46270 34103 70447 18717 
14019 10834 23804 23764 43265 14214 64773 60821 60751 47284 7317 11027 64443 16827 17033 62506 92919 2568 43393 13915 
3457 22991 43681 86407 45072 22745 86891 34406 3052 4398 76932 37488 32554 94254 14651 38850 44337 43494 68630 56211 
19793 59430 76725 55738 80709 36087 82269 75336 59293 21041 74042 96730 44659 82160 29718 90915 88505 54819 29233 82568 
40846 8350 3087 89517 74015 54931 20514 68500 15085 12592 1353 89585 76168 39691 97172 74206 24250 32088 28667 47691 
88420 75390 94944 81089 57225 20942 76560 75983 14803 92307 7256 88056 69082 75188 29949 33518 49804 16089 99362 70538 
27780 68829 42537 91534 34675 38494 33501 50137 20080 24064 83571 85285 36612 27445 3427 83024 15481 16346 71418 39027 
64104 47491 75936 42227 29369 99094 60088 8176 89125 3181 88951 90225 17539 21133 57449 95817 82193 7589 21550 20117 
4671 34841 90605 73500 96906 66043 24477 63727 83979 38434 73441 7335 93897 17284 48973 97351 29318 25864 96769 64930 
30227 24158 51842 42975 18085 44866 70963 62070 81077 63616 95274 88727 16580 37010 48576 73119 41216 67722 32118 83407 
35021 68877 73891 98160 35264 54473 88343 49030 42948 34437 22547 45940 1695 35112 63972 99077 11425 27762 99560 30391 
19483 40244 40407 73214 62224 32143 91022 2426 64166 59650 79891 47036 18692 23148 31242 11427 44196 87455 91146 67637 
57007 3501 30139 5717 41347 44131 61763 71935 82090 20257 66871 60615 46671 27394 62264 3151 79657 97144 18772 66350 
32680 2404 41941 10908 27338 48275 39258 72697 71247 63015 23954 85495 13441 86463 9677 13147 53874 92289 5824 75714 
96149 43014 50320 38669 81304 31228 93553 41403 85755 98847 97512 55882 12898 48018 25363 67608 90813 32474 69998 38300 
10187 51076 32731 33077 16907 84966 17815 86307 22192 21523 54503 83885 84799 31447 73479 45887 53438 53803 40676 43976 
34878 5333 84008 97152 94618 28743 82291 16134 1385 46899 1099 34638 56734 99437 89381 68785 30172 41638 65389 34634 
81865 6184 27056 43698 66203 53527 18664 68444 92553 31335 59177 54667 1386 60265 3860 32946 63463 34562 1502 88705 
93765 31854 80168 84013 46269 74839 22118 71214 58906 69223 46487 53028 33158 84947 54954 83308 58419 75458 82625 45406 
89688 8219 78548 14247 6222 56540 44437 64752 97556 37512 42823 70971 8709 63817 11271 32002 9907 51413 60746 73699 
97403 88065 26516 79810 94431 42901 95834 45240 6240 635 6398 70378 92165 53555 56175 66609 83451 37765 15418 5517 
11916 61704 34943 19349 82167 47816 89405 56160 39118 50232 27912 23516 28482 97365 82550 4011 6628 96643 70796 63832 
12596 59083 94333 91325 69794 13441 69777 55117 39555 31650 46269 39007 13874 64934 16043 44804 31492 36684 94885 65383 
17380 15375 56150 10330 33007 81756 53968 33926 63029 51257 69591 20314 29953 27125 58586 90953 81058 70554 12026 37639 
52690 51649 51314 68149 46650 44264 16096 58530 45459 62197 27467 69732 82139 49362 88731 30161 29241 75999 94079 44535 
17052 98133 49562 79688 85844 40586 4097 78746 56870 26017 23670 21363 16001 44007 47836 80837 63078 21009 38918 57135 
68731 95698 6032 13967 96839 87707 22374 67285 83992 27153 94209 70116 28791 768 29440 64808 54918 49092 49903 25731 
35617 88560 31427 40646 80453 86966 74380 53423 68374 6220 28965 31893 63171 7125 61906 95021 37174 8487 52908 79060 
40115 28368 11379 78344 62654 91831 90385 63574 86861 99116 80055 8290 91422 96827 97441 25061 82171 75813 64691 25583 
93038 56442 35244 71406 93185 53529 62546 29695 887 67573 78871 31289 80597 36659 41501 76090 75041 60822 7078 13758 
72567 22908 66103 8177 62384 75935 22204 2233 55810 73562 73158 10258 64797 69531 22159 56166 47459 52507 34499 95435 
42651 55365 45895 12160 19850 24478 7009 31921 53117 90822 61725 67025 63575 56178 70482 37676 9883 16324 48157 28703 
18958 55740 15463 85838 7653 86838 53126 92183 71255 87749 73254 7843 72950 30518 97725 37149 7255 80062 30472 84223 
78845 45400 39413 81893 81075 10344 72769 80527 29146 81625 81560 15128 7352 61243 74214 77333 72572 70668 45451 93462 
2499 59053 11930 57800 44207 37347 30179 29906 82257 1124 98283 14718 98031 96352 55068 71543 64679 62667 74234 31025 
77405 30555 47627 44308 78511 88602 22386 41536 81795 52886 62784 3544 24064 40109 14688 12273 33511 62379 27425 69754 
90394 88644 80750 4992 87664 85512 99603 29264 10769 87490 76564 51515 2017 67855 90904 70063 41840 6569 44360 5951 
20884 31841 562 71131 62905 45542 4623 99084 6957 1554 90302 77328 93951 9637 34027 98856 76973 78690 68955 73528 
64101 54033 65848 79353 88785 68792 24996 22416 21941 64045 53026 22571 3960 89133 11639 46053 16247 3101 27256 28405 
2315 12659 30877 55982 11341 22212 69304 23361 4595 5001 34071 5915 36796 43574 65502 87476 83274 10978 84484 91021 
7948 835 55796 75431 75793 8616 60120 7595 84199 48596 37635 52134 17655 56670 99505 6537 5043 80469 41660 99577 
45560 85703 9857 88671 15808 92743 24026 5314 70163 14978 90984 30976 49552 68616 62763 67799 73610 1764 17993 61874 
48113 88149 60863 6077 18306 24320 26778 86933 49568 4286 44004 14615 20459 37552 38117 62079 86918 45325 85193 60711 
52555 30042 10519 33415 52526 4041 46373 22702 77074 5699 63012 36327 36667 96678 87099 16967 76735 35501 73668 93912 
42754 39846 31552 96901 36615 3502 31641 67971 98495 16714 12175 66085 35389 42115 98090 26733 7468 12056 5431 90043 
39696 30639 81546 78493 2487 32383 77820 5778 55093 29104 20886 40914 53636 85010 78351 98785 3171 20097 34882 37412 
12231 66868 37165 49943 24920 2629 33536 12597 80215 52659 4957 2263 75828 4345 75290 590 89095 63123 82204 77597 
31558 47428 55568 58019 8399 5456 26496 74125 48615 23064 54049 8865 50164 12860 37972 62228 56633 76959 20266 13896 
86771 83942 96027 90536 26472 36428 94681 71440 78828 8790 16076 23896 20659 35376 81099 61110 77702 4806 78288 22788 
77006 92218 33348 88802 85613 47347 88804 6293 98795 27126 88757 60080 78617 24686 97992 9043 15888 84875 54441 59821 
47178 33406 48377 70921 37374 61181 64680 7890 77743 96358 45849 57079 26635 69784 84558 40166 95209 10091 64991 12111 
51836 41144 8991 22268 36870 73233 25467 30661 54414 39814 59727 30400 8974 15385 36695 56563 30882 65400 97194 47477 
83554 77513 92378 21596 53920 82815 76227 24165 92653 65399 35365 46990 31626 31820 26385 83133 6394 67634 99429 55956 
2511 60823 92684 26318 19661 40561 64697 23779 97301 1856 23391 43343 56037 97567 55220 83721 33192 49885 16643 37312 
34432 46114 79016 40550 75539 71324 77070 72648 82244 18175 5693 39660 34944 42326 58287 28679 98011 40786 69473 45120 
26852 12087 477 41158 70370 98605 63172 69280 6082 40590 91213 85691 23361 52198 19269 14613 94576 92607 99706 25131 
52134 92055 24030 92646 63571 70372 25808 91842 98701 25707 51646 15098 54375 89126 13545 96502 20323 52375 81701 63607 
22448 86710 9680 16657 78864 53702 68573 22130 48293 42679 47972 61706 4729 8246 66829 79629 84614 34456 34799 93436 
71102 97955 75415 33224 30777 9985 81571 85290 21328 70279 68475 22570 79588 27465 69957 90374 21153 48325 12327 42322 
79260 130 64795 58853 29182 33225 26217 38466 76290 65934 67117 57569 57082 15421 73085 44029 49142 89689 71570 25387 
5557 44540 81163 51613 79964 36035 80468 6162 8691 85537 46677 63123 92052 82322 48982 7165 80478 89483 68574 73443 
40042 20622 10434 57546 58914 20862 53012 92094 67432 20490 76356 2670 26621 78593 79455 27349 60245 66664 50413 57829 
40848 72248 87859 3752 83524 43790 10572 64438 25163 75769 75316 81013 21697 98845 12138 29601 48813 67276 90306 61016 
7573 37872 76108 86532 42792 46030 22397 27630 27994 42594 735 43805 24692 4601 38110 13718 52838 23887 2490 1587 
66371 11000 79763 49542 38405 60982 86881 87881 48585 53661 42670 11309 53762 71745 90504 49840 61153 38770 81689 79807 
56203 56348 16026 54952 80051 8276 85314 60638 62758 74758 92220 53764 81819 19460 88114 4974 55928 42639 79308 42183 
99597 51333 97711 67014 78442 70479 12052 86604 73764 95095 74634 39194 71980 21689 71067 6320 51724 91426 70073 70153 
80709 52030 61097 15603 95027 85750 72151 27896 14764 89656 2183 52164 65022 91916 12767 28195 75769 1909 67812 39305 
52121 3423 53496 15321 81352 10971 57861 19604 6066 57440 64781 57267 8926 83240 54484 92977 72995 13199 59538 46092 
93148 6223 56636 59948 62856 99812 56643 89121 14497 75859 89270 96979 84955 99440 84941 98790 23446 84619 87315 14347 
59070 65556 66209 66728 45679 25926 83911 31477 16647 68128 79748 68918 2775 60668 65628 56599 15120 16341 22127 87529 
95722 16663 83650 76009 49971 49815 80235 76369 33817 92510 42703 98532 4890 29559 2697 72236 32968 41278 82708 6644 
91228 87122 37160 37623 48385 39549 62606 32221 54777 11414 99976 83931 5712 73322 13377 74280 15444 56252 83347 8873 
28893 54000 69958 16608 46325 86063 17038 71202 48773 68332 24475 39600 87285 21469 23697 3995 98320 62045 58141 5993 
86675 62512 74992 42444 87081 63554 79593 32387 51417 32646 25900 32485 34792 9865 81925 50835 41814 90007 26137 60086 
74918 13711 32872 33990 21604 93308 85584 35827 89368 29169 48277 2011 41416 5118 72688 46864 2416 82435 59894 43862 
32917 89076 91335 76783 23778 93319 23779 88312 92217 17579 80714 97022 44690 68876 65108 54442 68736 2400 54001 66796 
42601 6318 11737 45508 74996 26119 1101 29144 45842 96248 52742 94189 52786 53708 29820 90122 11169 81191 55026 6106 
76720 45035 15257 18052 55216 67273 27189 37175 56814 20288 16373 94902 94349 70216 64927 77918 80488 55595 67537 95293 
79628 33517 13931 2748 50868 36745 22832 46503 54666 91163 917 59899 85054 61897 98025 16321 8284 17676 73742 42138 
45278 83764 29828 27930 68174 73099 65362 92310 12899 25943 17410 25845 83512 42136 59273 66609 79776 7936 33678 8490 
43711 61758 98716 12463 31432 43968 57812 23566 29398 39603 39585 88609 53407 51362 45705 37034 40251 57830 72888 49857 
88250 15909 10202 60272 42574 41063 51090 82886 84395 18741 10310 33792 39953 73170 26851 70882 67422 3780 24246 54554 
77458 15371 55879 91871 57271 7881 30159 84299 10518 81978 24110 57100 66239 75418 52728 34229 45182 11150 59184 10767 
44932 70666 9297 2675 5126 29116 23710 23163 87399 71275 31376 69922 57013 79433 98028 99458 15765 48009 31036 71906 
51149 52400 13316 81198 88028 59679 23432 49444 84290 96636 46057 23000 9354 82169 23385 24250 47447 41692 32360 18805 
8586 14091 61739 96742 85935 24351 93813 63676 11147 16226 78658 87019 49933 55313 73121 6852 57158 6251 13562 55997 
30981 18806 50938 72672 73276 88253 54579 77083 88018 77264 45775 40508 70648 79844 26770 45738 25219 57545 25444 38047 
83436 14954 22017 84351 55321 12947 12908 90784 10806 72692 21536 45506 60055 62505 46767 14248 89680 87328 90791 53011 
99664 5350 37557 30697 80275 37558 49853 61894 77683 23353 16197 63954 92793 20288 96269 61852 92026 33086 81358 68741 
15054 79336 66810 56710 23507 63929 85122 61644 39562 72065 28027 48776 63174 57243 60565 71373 80562 89795 37029 42139 
62278 2837 48791 75970 21850 76840 66073 11902 53947 9536 24578 27461 96571 37014 29972 27165 76067 44320 38435 51849 
91974 7518 23099 85202 58142 14573 1456 43115 73643 75675 39478 67302 19469 89773 81835 51318 97766 13639 21964 30399 
65044 42433 43982 48301 33529 42071 74513 22129 75575 58435 67997 96898 38470 6718 37945 74184 62957 18484 81406 50890 
70705 52845 74083 98528 16579 6541 46707 88880 65090 12196 79534 36582 20127 47312 98472 58845 39463 94137 59612 58251 
19323 40190 75756 954 68257 23962 17094 13243 8520 22235 61437 42506 6145 97311 89686 9696 46365 85354 80327 18851 
51405 73884 7292 75091 93620 19233 82006 26626 63310 8180 69807 4447 20039 98323 19732 6180 66435 88631 45874 65696 
8504 40050 18264 42546 68240 82205 64467 78674 39045 51544 14018 20214 62035 36863 81693 31364 87786 61308 69830 1273 
47174 71036 22206 66718 4336 9219 64549 90238 15126 5387 98712 68399 27250 98977 27378 27653 93943 36598 62503 9323 
81043 7410 22607 28422 5357 5815 81695 53638 65018 95255 15745 23096 62457 56996 71460 47538 2116 24541 57732 3440 
82481 78820 49049 25111 75511 3070 49225 68603 88463 34550 59264 12359 6728 34215 53961 88722 28487 55562 61806 47829 
68301 85043 82820 15321 65876 12230 22259 40494 20620 62545 62873 60156 49768 96207 80228 467 84274 24934 65692 29812 
65501 85938 61506 46532 10368 67775 21372 88820 53561 98798 53790 32943 98756 15611 19916 85825 47330 9141 17866 88627 
68984 62887 23781 56377 12882 7764 4059 91318 1206 93506 79246 41281 71822 73620 36550 13426 47165 40906 98120 72408 
21791 89884 6414 42410 21808 87284 74272 42492 8526 36935 52265 61924 72670 76439 69408 76755 38025 16328 99078 82585 
29959 927 48892 6240 54221 51932 8988 77382 11441 26416 1831 96810 35505 90141 56476 48114 79143 54384 28169 36787 
60408 5600 63976 14623 46663 67271 87592 19546 2655 24073 89082 80485 19058 16542 67065 97316 53884 31964 42429 14676 
82195 60429 5381 20187 61871 98778 59602 81659 29257 36517 66424 80507 48724 77854 31766 34699 9838 90087 42176 32758 
1498 66938 81782 70707 91041 19969 32882 31870 78345 39035 26504 12181 45788 87993 75400 95043 94171 53570 68428 40501 
93820 90125 70578 42050 76684 52313 30287 84015 9408 39396 91560 32997 64775 92605 58627 51348 34658 16959 79828 76310 
73886 5634 11082 81794 59053 29465 12972 42572 63893 99794 57057 2187 94800 41840 30436 64570 4435 20723 44550 11558 
59579 36299 31493 57242 65836 74876 62545 4279 75155 47370 13267 32169 53799 1361 7915 6 29969 42212 81532 82030 
10376 28900 52466 74760 48696 66039 9263 63636 5185 5979 9125 803 28111 65284 85395 75593 27540 98571 26000 89966 
80644 65051 37606 59420 48822 22669 39500 90200 36142 40916 28666 92236 25610 20664 41765 20059 245 37652 99361 49394 
89899 71587 57479 17101 88404 46022 43251 23461 96302 53853 67401 21153 24833 23333 71555 84169 67360 19600 31017 13983 
36515 53640 30332 14617 18767 57689 45965 45797 37567 56145 55659 36492 75153 49750 69072 29657 81643 92997 1961 19085 
98790 28046 59994 19574 58889 43293 99108 54451 37432 93214 49490 7885 96523 69097 2037 74918 93722 40764 93941 48783 
49403 55626 35779 70247 16962 54381 53561 17433 41871 47967 13828 76137 4118 55566 12592 27171 1816 11969 24728 56065 
58416 8250 10367 53414 44315 84460 37648 49047 35423 92684 16825 13446 12488 72631 64186 75791 79507 85765 54497 14420 
60693 252 12137 12521 9138 65340 25393 89470 77815 14657 12935 65628 10162 36058 93496 16834 26940 71343 72111 96296 
68822 84642 50851 26306 18403 27012 54124 96503 78073 47118 6215 11890 98803 42036 55764 70365 88774 62005 33284 66514 
85614 48464 29492 36722 61042 26235 15652 11445 21942 39710 50069 98865 53618 51089 74108 16151 22305 98316 4947 60638 
46039 90625 96737 37826 74983 76272 80426 29577 20762 4585 72936 5082 1321 53849 96560 47607 6408 8534 61164 26947 
75882 57772 18389 55278 27196 56745 30006 88442 79827 12656 30275 21159 78697 72744 56911 9433 4529 92210 39404 81298 
61969 5474 50858 35855 51073 30042 22494 33322 16849 36963 69079 8287 22611 45476 97632 20546 67308 57710 55088 98898 
3250 76396 88495 10283 9351 28148 44708 19786 74716 47443 26555 35357 12581 16022 59594 47947 41534 81918 56486 44152 
84264 26315 54083 52890 63695 61804 4379 73267 8161 6476 82680 67392 46285 47259 79310 45483 27054 28570 7039 37977 
45331 31058 4882 74142 21009 29821 94877 61444 11514 59006 82617 45426 85975 14812 32659 65623 58151 90009 63383 40323 
46675 64520 15672 9295 83771 49653 69602 98919 26612 60282 20649 70369 13220 3733 87835 26990 71441 88685 58751 50340 
90129 55540 11799 97589 35805 75704 47784 72587 82593 41010 97529 78105 66948 4872 34710 93646 28244 27431 47495 15701 
86758 59529 88807 92303 37111 97198 53116 17960 17326 65889 1475 55219 51730 75662 15761 91104 77533 49755 47554 43949 
65484 81687 67174 57409 92695 38371 13326 18768 95345 92151 54432 87325 94064 4419 79220 83958 26445 90653 22707 31512 
8387 27759 73750 19381 15200 8375 31937 7695 16619 40170 73216 35159 40476 78717 41229 80512 93129 2919 57627 76897 
6086 97914 96774 60465 57192 43038 52984 34043 93102 8714 99740 2857 74430 99478 17716 49934 2200 8090 96928 14695 
18657 6668 3747 12862 49519 45573 14998 53224 95074 38606 15093 74070 21876 44310 59743 33536 66901 99744 86058 9833 
13214 93715 44629 77550 67449 55319 68285 18410 26291 20125 29142 96591 19140 92427 9834 50503 16367 40290 46280 75641 
32416 28449 5321 76854 70322 84204 52196 34287 46375 55517 19584 21986 81450 66918 10669 82252 84901 91371 93236 10703 
16668 87465 61733 81853 40385 52789 61789 57314 91581 77250 78666 87881 42252 8900 98136 38692 14641 86572 13309 28617 
71659 57811 67540 77430 83632 23658 5404 37775 99959 98338 70599 62610 13212 2456 65156 23061 81952 65527 35991 66138 
21845 57134 56148 61469 60521 48588 51479 53073 76045 61156 41836 75222 95901 53128 34519 18796 13138 14777 11467 10276 
24227 732 64384 1219 77437 15435 41752 29254 77780 83321 26592 52017 36869 94810 38396 78317 61737 10303 29276 24160 
99724 81203 95529 590 81522 62590 33901 73645 70424 56344 71019 56016 53116 47466 99749 28862 17813 99148 50407 92014 
18559 76030 90937 12223 76695 89717 93867 36222 25168 38175 84293 15544 25100 89747 40093 41563 47064 4583 27016 90236 
41533 44798 16170 77320 16697 22735 28264 39861 66204 34880 14085 28559 24735 79982 75915 25755 71800 72469 55754 63701 
34231 46783 69665 76013 86222 66175 57445 97386 97620 11693 11384 85707 84086 13846 52150 58624 64534 89608 76538 6802 
93022 3095 19619 51193 98221 88355 4985 36452 1429 91341 58386 85686 37565 84163 88463 94751 65103 30236 87397 24958 
21236 54286 8231 53837 19212 37236 46004 78508 42505 7826 47093 21345 38276 30981 2994 94172 27357 32482 30034 66874 
42556 26259 71678 1168 54180 67176 61065 36179 15646 76763 69097 81421 17604 74463 69493 23052 93133 70653 84134 88331 
30575 8652 29569 18029 40913 87555 10781 66939 16666 82518 70876 28842 10549 15741 16030 22578 7679 47300 30557 98990 
27042 61325 26760 93844 54900 61880 193 36173 55558 77333 35377 18158 59073 92626 26361 79576 86659 43937 11866 64796 
21156 25545 8702 5191 39165 89596 75283 89276 88472 19211 61602 22218 17298 57025 82108 43639 85857 64289 49009 80414 
96859 92800 2037 71042 45468 62624 50741 84762 16319 5532 85317 78953 70197 87398 64582 87727 25279 11948 3593 18431 
69403 86750 36886 88558 82346 35274 57188 13302 75902 69512 14198 28265 39891 48959 46474 9352 77069 36796 88115 64729 
12147 63297 69417 4467 17694 94085 45381 37717 93828 5703 43850 43511 3288 71678 965 85575 61793 52921 57814 45262 
6625 65605 69030 63826 87979 37331 51714 56440 62903 15492 56729 15355 85114 76464 51626 7131 70966 3902 99069 64757 
22266 62963 61751 87526 82132 52859 61252 28951 60261 79452 60876 68279 91306 50732 48659 33505 43630 55978 19811 60777 
77607 36327 31505 26319 53717 36542 17088 28672 21559 27833 64420 41645 23050 9932 80540 64323 80847 50841 36378 43633 
71877 79236 50073 71172 49674 23820 61721 9138 80818 33396 6829 53688 41888 58889 2535 20135 7604 3209 2861 61775 
27818 7154 27489 48501 1744 49534 20545 74210 24844 29384 15644 6999 36010 20367 39014 41479 97346 19718 98592 8067 
63638 73937 55132 56082 92388 78022 61502 7893 27523 5380 10683 36460 88530 44124 61599 4199 19222 15440 74597 43713 
15161 4564 36267 9502 9649 78993 13173 67539 94503 79051 23924 55208 56352 28878 27092 78773 39430 99359 47095 14520 
27904 16783 85033 19333 17004 38566 25419 64882 94285 57750 39540 43574 17897 32998 47351 42114 44047 2825 97032 29851 
60540 73435 71077 50782 4165 15991 33489 71808 14161 35168 18361 23361 90997 83237 90157 5484 46681 26224 77167 7155 
10365 64422 56677 64352 84226 21117 56459 41678 29330 99729 29210 53248 80562 14095 56036 66542 70174 75620 41588 56510 
25308 11152 49217 14636 64064 86608 90220 77179 31936 39113 65585 56649 22219 49560 10911 48546 72543 37913 87251 57852 
81197 96351 84526 2262 45247 45414 4091 98986 51292 88732 64437 76959 34910 90939 13074 9728 72488 73941 50162 41718 
85644 13719 7480 74292 34099 69222 14482 12913 76855 86562 30588 67082 57746 70519 47084 10347 6909 16646 9488 61916 
42101 69319 51572 39410 68012 54575 2105 36310 42009 34150 55762 60440 84986 48151 55522 1425 61819 12311 44169 16443 
43807 79513 20184 10777 29271 31952 49421 49680 90659 79013 10445 783 37248 78323 90513 44196 87404 89500 12271 58862 
93409 4653 65281 94714 49222 58452 6513 86996 28475 83790 68308 58966 9437 34639 1721 26603 80794 47162 78781 77868 
51334 47483 56711 57240 70883 17138 44887 40776 80599 48992 22558 8295 41105 98620 91173 56555 63977 5597 5566 60086 
97982 87320 331 71499 48922 37018 15647 82241 64951 66594 60293 46976 18132 63583 79007 79816 94648 37414 41165 29188 
25332 77014 4756 87836 28965 37810 67306 580 39657 10784 20325 62803 74862 222 17764 88535 8214 10905 19517 88784 
28056 44641 45120 318 14583 9418 42745 87437 41411 70870 92023 19865 64685 70959 78753 64524 45702 81685 30148 17975 
65082 30535 35432 88069 82287 37013 32086 1194 13465 68213 40111 13981 97391 24082 40302 47671 1442 36198 87554 76432 
41026 51067 92668 77678 60733 24277 44455 15254 61382 48619 25903 52675 43942 93141 17049 77749 44207 89134 72755 89724 
8415 91526 27270 29054 28179 51216 89639 63458 57091 57452 88902 56048 84000 39105 42923 48689 84773 96143 61835 53201 
48747 71218 15525 14331 42560 43611 97627 52668 5284 93725 354 50314 72181 34058 59238 79688 63108 79762 9744 52485 
56512 27184 45955 54411 88504 57359 53138 60266 23908 47503 21081 13999 33900 68089 46118 2629 31341 3877 28098 13813 
46666 27283 44770 90412 16323 65017 41470 74513 13702 18938 93249 11703 87773 25763 37632 12549 74852 38008 2823 52604 
8115 42013 82616 95364 96591 27968 58037 28393 48400 38896 79908 88911 47811 68791 45536 29226 8384 4945 16509 51683 
43370 32486 13242 59511 42745 65968 18367 38007 21589 55267 67015 97083 69762 62041 47648 67329 10739 29437 42292 72993 
59492 24522 36200 36708 84600 6856 57642 39748 52979 33438 56458 87285 18396 81868 32693 14994 94014 93291 35977 70862 
39907 34574 49283 70378 72302 3031 47293 38538 23681 78215 25392 28452 88804 99551 8481 34455 60019 8076 59513 1203 
48042 89440 66525 92712 76690 6921 79899 77330 83848 95522 70547 98455 2712 32008 68992 88450 95765 72080 48 28364 
37833 4384 15355 64997 56926 41257 31594 12235 57641 18534 48189 1274 60809 63042 44197 5173 88831 15496 26288 68588 
37201 79644 24991 55584 35086 17617 39108 1517 80560 24423 87844 97693 66287 34145 10383 6246 81427 52073 43710 67862 
5953 59125 1457 10922 30259 71614 25153 53704 47735 45738 8540 54970 247 98434 85312 35576 16330 15495 92622 57155 
76765 55452 11307 7278 82576 42818 46960 53596 68514 7585 85079 4295 60258 18810 91970 76380 51458 27423 884 93937 
1927 75192 85640 53182 38151 79597 43417 89423 32536 96470 42985 73071 51730 30629 17527 13022 28276 63673 48445 7375 
80778 75227 79189 36753 24978 55161 38747 65039 83758 11325 69137 45350 41781 67343 7648 90892 23170 66782 67893 71027 
43368 5800 95773 96720 40997 60072 28766 99692 52601 29308 21339 99357 96029 48211 83983 71029 42250 30674 61970 6775 
70465 16214 66943 29885 18489 86704 30294 52324 17204 52258 21242 46157 45439 65224 83495 80225 33178 57121 5841 24598 
50276 82340 5976 86839 55683 47550 28102 13686 69604 40280 4731 16128 28449 96542 17330 42600 89055 64818 823 4900 
47287 83644 79005 9687 39032 61311 49019 71724 98159 82007 77250 4951 15310 91682 61396 77198 1642 14965 36302 80421 
75230 28536 12404 29035 38350 84976 66893 34559 31835 13081 32723 32750 10736 24477 65759 80025 80554 46002 65624 70706 
70989 82985 27291 9939 95670 54225 28989 70542 18809 49538 55998 20193 84525 46713 35516 25650 56036 15138 50517 14285 
1580 56909 84319 53873 24562 99707 46937 39644 73547 9974 30007 97158 84327 6477 98646 23439 61219 23843 43818 30231 
76961 21769 37759 15806 82033 48256 52399 92065 46385 92360 84781 26237 17203 30187 53190 55051 4520 11103 86208 74560 
83255 70801 94548 43422 78307 45127 67428 76260 13014 63625 11210 68874 100000 69206 73884 62430 26846 51103 34471 41149 
40942 62666 61566 69574 99911 55875 87945 86060 99301 97168 31713 38151 16708 42191 18587 69834 21123 3538 32679 19418 
54566 14567 31043 29594 53259 7307 44847 33425 9931 62720 25660 96647 4416 83708 24262 47868 22337 97742 2337 85104 
94801 780 97450 51760 10281 82812 61585 26133 47491 77596 78355 69574 53129 11835 76426 4515 79928 59701 23822 24126 
51854 58511 61836 52480 62869 69577 79381 80847 91934 11742 41951 98770 57429 8304 30444 64866 61016 53151 33129 27520 
91721 13641 25398 22462 27754 28361 55288 48505 66391 38895 86463 85530 28965 74264 90905 68346 16412 34950 1642 11851 
47981 65919 7148 35821 39258 31645 2653 27667 65430 35871 57850 5176 41286 43398 53689 46724 419 92959 2022 32756 
45825 296 43551 46809 88676 51955 8576 51399 48805 53559 39264 50380 92861 62544 90754 75064 30449 37417 86046 61078 
86002 28983 35013 38396 82395 36580 16697 10530 63044 87087 16813 15357 33322 30592 16728 87299 71455 72641 94785 76831 
86340 89025 88358 23829 96509 66619 18095 85322 484 32553 90225 28266 54700 89038 2158 96389 19966 42731 39492 39912 
69753 48733 18936 65182 7525 98577 34476 2527 81485 7494 17083 43228 77980 77852 89271 2130 99905 9660 80036 96871 
75812 83527 48030 25334 63761 9310 31243 53445 87008 85965 17711 55959 93728 46688 12517 43210 99438 78158 22494 30590 
39682 93746 7748 4656 49139 84783 45960 93774 18715 37666 30535 11943 90204 5512 71932 503 17852 50614 37078 19408 
52733 13714 15973 11124 47132 61944 66278 69764 43844 20338 79110 32124 23210 26167 21325 99703 3659 48141 89041 14718 
67705 47841 15038 64078 87613 58191 87970 92446 3059 91011 47848 13524 57915 84907 15944 50487 92576 85556 54421 89618 
21811 97376 42467 33245 63013 11281 65886 70711 83344 35359 88823 66522 58331 82992 36427 56977 81659 24966 62226 34931 
49858 41634 74438 61855 89422 60841 77335 85582 52871 66688 24985 36501 65799 47212 29280 35564 14349 91033 76902 90852 
16134 12835 12023 98221 24957 98588 27448 904 83700 25806 42669 91511 50734 21855 52720 11103 3709 75928 97236 57994 
39298 85382 91522 92867 20638 14448 81448 10892 23183 13092 27003 94868 97489 88168 88038 28730 92062 27925 1156 15114 
22749 86519 96145 7804 63543 8799 35946 46887 89507 22006 6735 99417 13357 51142 52227 86869 29290 88958 81623 3471 
65582 19320 5319 93291 44306 80178 99751 79971 21366 57787 16077 30427 96152 52516 95940 56005 53412 73181 84446 12327 
6420 23381 81971 84088 18349 15398 8061 87232 34037 21931 988 41242 7296 48261 30077 1218 35985 85664 89556 30058 
78232 61766 84172 66095 52541 75128 91029 34814 6911 54266 43264 55434 87070 3705 38532 64212 57923 58468 94836 94885 
42890 96514 56432 27674 63328 26215 68618 77522 25410 49605 95142 1573 61878 22353 31355 87693 65125 91076 66334 61587 
862 15929 92753 76807 52967 92281 53790 22103 4001 55185 89945 83785 11430 27169 10794 83072 12885 99315 6764 13809 
37063 42949 11346 48168 81834 97204 36024 34068 99415 9714 33341 44272 29920 95762 87103 60051 40020 19585 99536 45766 
81260 71976 57411 76346 25084 91907 6853 63829 27801 5481 82556 98626 37688 8646 16999 87104 46898 71557 60581 76634 
11727 47365 46964 45539 10546 35265 25386 86419 69960 6146 51229 91605 75748 61300 5399 41085 37262 39318 30912 20300 
32002 9108 61071 42267 29289 39613 81750 78829 51644 8758 47481 50323 39525 53306 20156 88891 22013 76150 26644 80852 
88330 2804 80609 73199 98334 22769 95531 16631 67501 90651 77518 8266 23125 64774 84493 14653 76855 60152 35265 30759 
37609 35625 81325 794 11647 23306 35196 73049 61619 89011 61818 82700 99719 8234 3172 1990 47945 34655 51177 52721 
6772 21909 76389 74231 844 8458 87608 70792 71899 17566 92075 56341 14188 23295 42434 81570 36906 64377 4029 85271 
9987 54635 76249 61314 58683 40469 19883 48805 13537 92518 66252 80159 9756 35779 96121 7792 70822 61698 77674 84051 
82027 12451 76607 74415 16405 56849 39942 13503 74759 25325 65724 25560 48394 91177 55552 78047 3992 74817 51579 73387 
29784 91272 39949 11264 91666 51398 37063 5676 90582 38898 79731 37050 95888 28311 3868 50383 46723 86934 58105 85926 
73456 38089 27752 94587 99660 9592 22482 93131 67276 6204 67605 12586 93218 65669 63273 55795 36381 75688 87497 78494 
80148 32372 43664 63832 81106 86365 95543 50714 69822 5363 98232 30988 63322 76184 36137 38582 58906 88007 12402 72886 
81928 69662 55845 20473 10367 74226 15426 16037 36105 25157 44628 93500 36767 35749 81494 27904 61946 24033 56942 41870 
37505 40565 55558 61415 6643 50889 62471 95779 20903 12158 31039 50059 55559 9581 89580 58851 65911 38953 25478 35222 
31451 94032 96284 8790 27886 34238 17726 13743 85616 87750 59811 40395 4399 6555 32174 162 51374 19315 19777 67213 
72945 61729 63888 87094 94010 53194 84449 88376 11940 68968 70839 41187 53475 24159 83500 94787 61249 68483 2533 65041 
70465 11617 34686 77848 89867 28723 20121 81740 92763 59791 60054 70370 73445 60148 57037 41243 37598 38051 25276 7485 
39434 53386 65366 89442 68770 5171 21212 98469 46727 67879 81041 76838 67179 83432 39102 59956 1141 25754 34022 69783 
25315 21300 22388 95467 82578 48546 38770 32601 48939 78932 99091 8010 57355 8529 95142 25842 39973 92493 51141 54469 
35278 6180 22839 18317 64038 36995 27532 89307 29651 30530 89518 38036 27027 88934 568 6737 65164 69258 20848 3114 
64293 61802 46703 13812 94388 48334 57369 2568 62374 90822 28423 41513 11798 64392 31947 25582 45609 4835 61951 14853 
59853 53691 66468 38016 36561 34254 39544 32886 59085 62613 81008 13724 45188 20247 80038 25238 16566 19929 60410 86765 
53767 55474 37846 58765 67726 26814 30473 60295 92897 59383 2396 14981 62120 26614 47532 32694 22255 35600 48767 67325 
53760 51543 49480 21624 17917 6773 23255 33123 7980 75909 37810 19864 47363 13099 8590 23179 8827 62648 9253 38308 
47782 79345 46424 39981 35986 95314 84962 16858 33216 42866 68731 79309 7191 20766 52386 6513 78093 76155 27872 25128 
67361 60464 36955 74803 97507 30258 7285 13710 74928 13791 92636 99807 10678 77579 75495 39390 86124 9836 48022 14369 
80058 63516 56998 24000 89178 13366 7844 79579 56115 14952 62982 12928 78622 83512 59525 10001 1928 95733 56530 82612 
65240 3400 91956 25100 51163 54160 50274 73095 78247 99810 85133 37744 95121 55258 49164 52557 22646 70632 68083 76688 
99013 15686 68612 78710 48585 95206 49634 59062 77252 99380 66934 91858 89122 7185 86652 78445 73559 48773 75039 96419 
9052 34602 64024 51589 76259 64298 55397 18530 75498 27131 36008 9957 61879 99785 19388 50752 43007 61925 74205 82015 
45795 57334 83764 65349 73750 13281 69723 35334 35934 45261 35327 77684 10001 18340 4888 33578 7479 21555 91484 59951 
66671 73392 57337 3548 91342 87805 89164 11810 89789 53510 86231 25321 67385 28103 20143 17552 32420 47466 56040 48698 
88837 83756 56014 14091 2967 83019 15881 25807 63169 95326 96749 29027 6620 60319 84588 25643 69937 51029 39439 3984 
31792 83287 18113 81263 93333 83261 31828 57471 68032 3043 22395 90308 86571 92353 8280 20520 35799 2973 43363 37602 
78295 4522 24307 70567 16804 49504 78796 4659 74236 99471 60048 34197 57715 10638 47018 42593 51932 20356 54178 58195 
83291 93027 5182 77176 9945 96810 83092 24898 88460 83121 54054 60442 99578 72274 91241 12807 7933 78309 58743 28171 
9988 80819 90587 67903 6905 80275 63340 34850 20913 92581 64616 42223 90875 47425 70255 35335 85923 28047 5310 52579 
2555 19851 67145 47816 80913 4875 17186 28694 23741 6042 25751 77363 96223 32305 26286 36889 92685 64491 73361 41317 
17941 29345 85548 27125 68141 95002 64756 64699 67428 32014 38664 28173 73177 81774 80507 7195 94976 62414 44592 76971 
81354 4498 73794 30719 2009 46 50723 30087 34824 90818 21119 29988 88933 27540 12771 3081 73977 52307 76353 52170 
61359 12587 53091 4192 50646 54864 35966 56938 89068 38653 9553 8494 79786 89143 10402 92374 45674 73475 63826 17172 
48348 23964 52716 62319 17029 55437 43913 5971 21054 72841 79653 83226 41115 6391 36849 7161 28938 18325 432 95308 
84116 21719 86065 54964 51119 19003 3332 49256 6225 33331 66297 14738 17148 30539 51138 66153 78086 51619 72773 24949 
12846 14358 36118 42181 96452 47601 81878 72712 19654 71381 15663 10081 77468 66663 26934 96372 6771 53307 48873 17690 
51158 79529 61072 82649 34801 14161 2661 3913 41158 14819 83721 92098 9077 31081 5501 65 13935 56426 38262 35967 
23528 42076 23423 73311 53629 57076 64634 32586 39917 85073 79412 56611 73851 61711 312 43840 46271 68558 82457 26706 
4645 72698 58069 28296 18119 94930 37738 48125 48647 66254 68916 86572 79242 33536 59305 65803 98795 5547 51855 25408 
44742 96240 3511 67619 47341 62724 71187 80384 27256 11924 33950 26298 88296 6305 37027 14218 58256 79484 27675 72857 
99523 61001 32931 89872 66720 79197 97582 75890 34188 18822 94614 66503 59245 41051 60883 15576 52492 95652 70223 77346 
67035 68840 29557 24316 87822 80456 15764 63626 5453 48617 34155 14496 89426 15915 33919 24043 79473 32871 2550 98347 
28856 88319 87231 91438 81821 97062 61179 19948 82081 58986 24710