74358 56565 36426 75664 89536 93471 3210 60551 74309 90568 96780 74746 99823 60479 46882 69705 17795 51449 89286 97567 
93007 56825 64927 77540 78056 93368 8474 14454 98354 59421 26989 26661 13609 24298 95399 86853 17985 70991 26826 55142 
72130 14905 17430 55216 4475 4086 64174 28455 62491 66965 69241 665 40604 39277 38690 96955 80484 44029 60951 50792 
60812 93118 15573 97886 41674 44824 72323 61136 42073 89550 29246 83547 77629 20186 48107 80386 49559 13343 25781 48361 
84445 73083 95844 41825 82769 53660 902 68382 60474 54655 77277 95132 1048 56917 90496 85155 72796 87679 52647 48317 
18202 63345 19504 61255 31246 69668 48549 24055 2525 27617 78031 25723 94054 44189 89558 28026 66341 26995 32555 64152 
68329 37742 2441 4729 34840 36124 87252 42438 69576 70300 15417 77231 26101 90298 36610 95259 30027 87771 44522 17681 
19407 41741 18274 1428 80890 38978 57399 98009 55398 38403 44895 7992 7441 42574 34586 69552 55934 79733 57347 99380 
21589 75907 23322 22877 71823 84595 85213 96204 10374 9909 20194 10803 7444 86762 67225 68256 61022 42470 62314 20901 
50655 25921 67223 50471 50063 87511 27324 69290 65906 73351 58604 75248 11775 87636 8294 23261 879 77080 50257 12073 
14613 5666 94276 33073 99532 49134 95009 8141 20692 76323 59285 96648 76296 91496 961 44993 42882 69007 60491 27088 
97495 37426 56473 47938 66060 96948 86776 71806 71321 81963 81283 3619 34646 82081 27499 45500 28105 86395 83336 17440 
3552 35509 56226 5365 27488 10884 25002 39344 52596 81061 88667 15435 62479 33582 37870 38693 63787 1327 16610 89045 
28691 33990 82676 11745 25928 62894 97775 98530 35217 10848 43992 5612 53824 58071 44218 39779 47518 3898 45587 81262 
63472 73564 82465 10063 30839 17991 57757 62747 55735 65404 99705 29441 35701 75843 87041 55776 36360 34426 11912 87593 
71180 18436 8672 46688 78663 94274 47308 13560 14294 74346 70514 26076 87941 94122 85422 96007 7520 5463 63029 46989 
72515 33513 75002 80975 55090 29467 4959 50635 67685 5250 68920 80265 80687 9959 75130 55464 20367 35807 60358 90571 
69950 83352 908 85337 31789 9211 50166 94723 18745 29270 86974 64864 84014 78736 81572 88985 51988 95917 38739 76642 
27443 32477 97699 54389 85778 95305 320 38218 29094 41765 66008 90001 97645 68037 63423 26197 45431 95340 76724 8154 
82432 49510 94079 33059 40972 81647 25500 29726 98160 9533 94289 95180 75615 34887 35454 64748 34543 65689 12039 97723 
23674 27291 12740 50241 65805 55744 70861 84840 81082 6917 59666 97322 85565 81556 33233 81962 91953 56396 79057 16023 
82269 47611 5679 92638 99637 26603 4843 15053 60141 35422 56682 58860 17722 59862 25972 41700 70883 10142 34097 11521 
73834 43705 69990 86123 61766 62176 19552 58334 93309 55202 8013 71757 97680 45708 11741 18909 32811 59326 80526 31544 
13815 27337 62889 24187 66458 18241 15461 78778 82754 88975 56350 10963 26028 16717 34984 26623 73186 84433 57185 90892 
48461 84959 58211 65411 36275 79298 4920 65040 3697 22944 5771 87965 86495 27748 92615 39235 19249 23863 91400 26877 
77774 93241 24815 65671 18138 13687 66303 43465 57403 32426 31193 39400 97128 88782 67650 25926 48949 75428 32162 40655 
50623 32981 74120 86070 80045 71587 70260 87764 79390 80958 63331 89452 12297 1064 73799 8502 22944 65617 59063 83243 
76019 98296 16065 90588 49952 39658 13481 1527 71676 42011 32840 71830 31975 95525 58476 63183 26657 86205 50535 56301 
58738 5201 36897 47031 19072 36052 96512 24267 94926 34607 55249 34733 55220 99068 37206 91496 48735 85563 49324 81735 
69556 16265 1757 90484 1605 2055 83532 52649 84854 14046 75247 69088 88276 58500 28623 89765 98020 66412 63577 38387 
62929 43221 10732 16276 90220 103 54292 51376 93804 9289 26163 94947 97750 1215 13540 44220 53052 99140 5186 95691 
7978 69641 30992 30131 96571 99253 94615 55867 75952 87255 65854 23720 73722 84691 91394 55742 3824 576 92368 21465 
50895 74964 960 7034 15599 13082 74710 92468 31497 63673 60243 73568 27125 37642 60573 81736 73737 25269 36859 82701 
12007 76720 15283 80976 76639 52907 51120 18516 68896 90328 73084 67656 95618 13617 69293 73778 44596 89780 48016 30898 
87576 1690 60934 10249 44385 43002 48338 37552 25025 69999 72140 68981 98968 67875 43081 75111 83460 50663 95855 85039 
33619 52656 80192 67125 42642 35876 61355 67351 66063 72469 53154 34749 74570 4026 57121 73663 64868 24379 59261 67317 
34263 15749 45946 60491 32023 70091 7268 31845 31563 42010 94312 89822 88939 41105 25179 40909 45071 56761 97198 91861 
87022 75183 17994 16946 25291 90329 45918 85282 39056 41853 41077 66971 57363 73710 92899 30827 395 33155 35378 79282 
11435 25926 88213 39603 11840 77840 36296 45651 94641 23249 18812 64682 59257 76202 41409 96878 21035 53387 97695 63497 
81750 1340 28840 58736 74370 67479 66528 90877 84218 33905 25177 73998 94846 84086 73547 74282 37317 34270 42500 49988 
78610 64819 5808 46408 80051 70533 93147 5692 80660 10531 29502 77952 87863 13331 23416 49615 20277 21216 31658 42016 
98632 8203 80584 58769 29990 66027 19172 98712 81840 51963 12967 72727 59223 11533 81403 25733 56973 98071 3557 15741 
25653 90552 59659 10691 3086 41362 77617 44196 50035 78272 96565 4130 91829 89346 70377 80398 48167 13223 29484 92508 
22469 40592 24134 27386 4212 59466 53308 77288 3036 19376 1233 68714 54453 65508 18020 28272 23996 87417 75392 94143 
84932 70506 75144 68232 55097 80943 19484 52673 13075 4441 9208 4195 24859 91815 57957 82454 83352 76701 91029 9627 
49836 37562 51373 3560 19710 4593 2189 49837 31295 15768 59102 48068 1428 20712 97108 45622 35506 38848 23072 3776 
19473 77837 10093 36838 16034 37592 5954 11915 56479 48409 65005 67056 64083 99983 31186 20949 9589 48537 29855 88305 
65977 264 25502 51582 66155 95729 75150 14706 36247 82334 33645 55332 45323 1300 1452 1917 54753 5730 23610 50630 
89746 95122 62600 40711 41684 78636 19513 96204 12883 57359 18361 22745 95579 50487 29370 1634 2482 54810 71447 83055 
19615 81710 68342 61564 80257 68235 38706 7755 84469 84651 95773 29109 63345 32679 98546 46979 86106 68196 96514 66582 
85555 38237 27809 8659 93364 45267 47582 18851 11521 73059 67203 14924 32862 34754 89232 93578 69704 79400 28810 73122 
10844 12339 1101 21400 58756 32331 4838 6908 34698 41016 8877 29232 49787 49336 42248 81616 40196 85521 96923 92869 
65134 60102 85458 41430 28431 81760 3816 94612 32721 12366 44991 53664 97071 71912 47090 39770 83565 3824 77269 39028 
82787 3674 93813 53923 83591 83735 38755 60963 39335 65296 87998 94352 91192 80789 89975 60526 90974 63309 16794 69545 
62894 52701 49238 69162 21563 87022 9343 12923 29708 10811 14883 77532 44865 86149 19846 14693 5097 64550 83732 9068 
56548 99972 48959 43924 55202 6350 88699 65715 10054 49268 96803 31901 24663 37092 39746 51868 53471 37344 87518 89284 
80168 55335 89113 6458 24412 59484 48575 1076 98716 9282 90131 79783 84005 48326 17951 77356 45044 29753 86335 58926 
73114 50950 48347 33797 67940 82561 57433 899 79693 60441 52047 23808 62565 81153 5841 81421 45160 34789 75417 23895 
95530 5349 66685 68492 29488 40436 7974 40691 79029 27606 54975 73413 1515 91011 85222 69485 56859 30225 52614 41612 
22746 73693 74911 35951 99897 62225 75405 16024 31431 15071 91302 98009 22524 17032 87633 18801 53737 50772 78290 43819 
17078 56685 67332 45611 47281 56524 6510 45740 49407 48190 37712 4520 47965 96091 35111 32039 32524 69617 45955 80183 
85133 41878 23361 60079 19533 79250 94874 28198 35710 63629 26949 68330 6088 75291 72356 86146 5951 61088 41474 90633 
66859 59856 24477 22665 12863 970 94705 31388 91221 99200 23025 41386 98346 56952 10045 74157 46741 47093 7150 34691 
45556 10714 65508 36421 68849 47900 6508 35015 41450 25326 18754 40012 30168 85273 95925 97235 16699 33384 65637 97281 
49726 66907 52454 90900 40830 34346 3924 58801 76007 5241 96877 67212 34627 84994 1383 82786 73236 61179 87861 15921 
104 79905 66635 13683 67464 5301 51920 32929 67841 80151 95831 6900 66178 13 73423 48149 18351 62767 8925 80288 
70134 518 65721 36549 95372 29283 42850 60592 9741 1562 83664 26082 1455 38241 64585 31462 93734 63166 16453 76793 
27000 58468 67800 77419 57984 9431 64424 90456 30257 52291 83071 64734 59428 80424 9591 19636 24800 76771 33393 90887 
14060 28089 31177 63022 4754 40428 74543 81103 10297 42732 24186 29411 30446 78925 8273 33667 11644 33690 32380 87925 
62664 50880 64793 14148 95338 16974 58020 27819 9128 63666 84366 56948 41490 33769 99380 59879 38759 91202 47839 26104 
25167 78953 76527 8266 24278 78399 34686 37598 88187 74807 67741 82807 29596 58305 99962 3567 47477 28263 92074 73709 
25472 72039 88313 79901 56392 13078 76956 46830 72004 96073 90121 51906 6675 85475 23072 45619 8275 78647 10071 78032 
55300 19310 96640 27932 74073 82049 30312 9064 93812 80116 34063 59850 48636 53053 54929 1446 6066 96245 63356 94068 
19417 64550 72342 68054 20159 27899 85611 89870 61220 98694 13078 8718 61159 78120 72073 45268 81933 20611 58246 27727 
65088 88057 4911 98562 15384 58647 89879 74811 9698 35744 99610 96984 89407 87180 78028 32666 35745 49415 1844 3617 
91889 22486 38134 44070 10603 57661 35190 65281 77350 67063 10847 15026 58093 75040 91136 69696 69464 67086 58410 60211 
61280 29 50895 40305 18594 68803 58768 57219 94847 79906 41669 24749 6743 28595 13338 54518 9972 76788 31684 78174 
47172 15648 4630 54582 3153 16011 28193 47395 48012 63047 80961 52870 4550 30334 80182 90943 47031 70858 61206 38851 
82963 48741 45787 53813 65448 53461 48503 70841 11667 28427 95680 98526 93030 61677 71671 42717 35673 400 6917 51278 
51333 14192 93 82951 86711 66882 97969 34585 16266 72056 64867 16457 88155 43221 77308 15273 69190 27535 98318 36812 
16512 97901 15694 20074 66196 7079 37773 94543 13661 57102 34143 90985 67545 50961 28100 80654 73277 78613 78750 27529 
10507 78550 15829 83878 79315 19388 41768 80277 31595 93677 33910 95175 189 15093 41132 10858 27594 67510 97240 51344 
36681 46078 89463 48621 91447 45465 55075 64524 14749 32741 64443 30071 7165 1178 57754 13395 54008 34151 9280 41563 
36367 28007 89115 48879 86606 22862 84322 4142 28391 90332 55764 9500 35145 90720 63131 78905 33481 28818 37666 84059 
85299 21750 23682 55148 32654 41747 72241 33710 46542 94561 56395 9438 64045 37795 42081 42181 4889 71045 38749 86238 
42688 95887 29493 50709 12328 85080 27932 22882 90316 94090 72625 20746 16306 16737 60238 85047 65403 38138 40881 47801 
5622 98826 18343 38175 29825 64419 33767 90043 44630 72781 41531 15321 80370 16168 23071 82876 56729 44479 27400 14982 
16385 2474 64526 56878 83224 13410 39483 16852 6303 91503 92301 75691 80925 72748 90583 70845 14855 39007 83947 81300 
59533 13392 65552 23661 79003 86351 82565 17516 69328 6638 87141 25375 40958 99439 75672 78439 27725 82702 63983 13790 
47669 27932 95239 91016 3594 11375 27231 14588 24681 40538 6271 65364 53219 97238 66713 53466 237 4148 22146 71313 
99014 97916 66855 25258 15738 34079 24079 7959 60135 24900 4958 71823 82672 53068 12272 79884 40456 24329 86189 74763 
11590 47071 34336 23546 64759 82332 14774 84385 43096 79856 1299 79832 65952 3988 38071 71336 94512 12801 23219 33616 
29753 52743 45045 92140 2424 30341 23929 93544 4316 15921 11595 27761 75422 62469 33311 91316 49815 17725 74071 48548 
86096 83798 27106 46261 47034 51725 97356 64537 2885 94053 69835 79144 67203 29340 63451 58041 44406 89969 89087 88123 
11027 90681 49492 93164 68709 49724 22579 22131 85881 41699 46084 99451 11059 3575 69219 91443 33187 87244 96981 92723 
80516 17352 13952 23934 92058 97230 48492 90756 17667 34611 37943 17741 68288 44971 25165 44564 77678 26314 10894 4818 
10943 9670 37557 3568 26180 14814 75564 49793 37887 24722 73242 66738 64735 24697 23052 23505 32933 37907 22965 33987 
3727 78419 25620 55132 62511 59686 15871 54930 18435 79627 26465 73831 21459 93775 36537 23652 86864 99535 60304 31308 
1880 15740 51793 83516 54915 89310 31044 42317 96769 6412 61684 46983 34247 42284 7467 63020 77440 27708 25676 21081 
25119 44418 99992 21738 19853 63482 19180 3024 91491 48457 8611 53793 24772 67644 28895 93392 69544 98917 43580 27414 
39698 15087 73144 21096 6568 47275 10216 6493 8206 58111 15243 57924 1926 86863 42621 15478 70014 62227 34923 87628 
10154 43114 40224 87270 30634 42000 78378 56640 127 48996 52509 78309 14079 49327 19452 31825 76032 88623 3095 5269 
9752 77301 20253 47442 53620 1937 49909 66143 37533 38105 62850 38216 50502 65358 38516 49476 95708 53372 34518 28567 
66056 1424 93199 22483 63192 97311 29950 27844 37462 32229 73057 86504 54181 33852 29997 33113 55572 52624 38519 42949 
91856 62347 32946 55946 21334 89291 38333 48766 26208 23853 62803 71658 55437 53082 13611 87137 70353 25188 36999 90709 
94305 43048 16051 66630 79410 32890 35901 69068 77933 76347 11540 35540 39262 12710 29421 46801 44179 41038 6315 13312 
44312 97475 20086 9757 29059 32037 72760 87406 90922 63642 8083 85470 92581 46845 18937 9402 41114 17219 94134 25548 
35866 17145 16111 903 58193 90739 50652 75081 76099 60056 4332 70321 40335 64281 75671 9300 48149 65863 61788 75630 
3507 42513 35291 14582 4668 12960 6134 61656 2060 51033 44674 38245 93902 38572 5302 72091 65407 84815 45980 93537 
4816 6550 56258 49373 68304 17339 24398 89104 78745 55797 30089 66643 92755 47672 10234 65318 91375 19150 28208 89620 
24720 72108 93154 89577 9832 37958 81450 35472 68395 64462 63045 49100 41606 83912 11355 84479 21205 92444 47188 43723 
17244 31288 74486 2374 75687 1608 42873 25259 24709 75260 77384 71211 66065 3115 3075 55594 57087 3588 41128 61538 
2539 55671 34143 16566 89104 18127 24473 88951 36147 94674 74449 60160 57356 23867 41697 3350 35274 90604 17093 10432 
53735 42450 20637 72790 73029 12706 69934 906 86637 48903 66363 50306 54535 52679 19210 94380 42102 52209 19371 82899 
54846 31998 23891 48129 26924 37495 20830 70365 73213 66946 14523 28905 4155 35601 70586 33204 93630 38323 35275 25768 
67377 24811 4005 8551 16628 81212 17390 14907 14569 35426 6683 77469 65336 6160 16877 74548 79631 19531 465 89150 
32108 8575 96838 81379 83156 32139 87434 59256 15720 85754 93535 72042 90401 11649 15684 28166 81045 49493 21758 70727 
48347 65380 71532 87339 96393 40179 77423 98109 56570 71233 61854 44767 23383 42916 88497 94634 82763 4483 32196 36702 
67480 60837 14463 56973 78696 75777 80717 18056 51759 77660 29146 88002 99384 24879 29262 64756 20132 52260 52780 99808 
27055 7561 41918 3793 13723 39005 74915 32398 23681 69777 24026 68780 48143 31822 82679 68469 9428 43626 53497 93722 
31652 98861 41815 18488 5634 20360 64306 97046 93858 71980 51899 59652 85812 26958 78460 90138 90295 90767 63232 87780 
62428 87587 113 92443 71780 48237 77151 72090 14699 89106 52114 39482 80938 79204 89022 16456 5547 79889 72377 63477 
85716 70260 89370 42794 56358 38260 822 58205 11450 65966 12441 77454 98500 77502 17522 19489 49568 12138 32603 30837 
24450 51926 87964 55354 61852 9379 91729 20756 40826 87915 37096 17787 88313 20754 41601 20972 64265 41047 29708 94929 
47078 11097 47852 6546 9636 92954 92817 58038 39030 73268 62575 87980 9576 69271 13115 27873 76336 74701 55468 21812 
96299 30922 72140 94842 56570 45465 41089 784 24847 27922 44201 54355 55749 46306 34038 83987 24937 82333 99708 58881 
80463 36159 80498 73537 91546 65365 84318 72084 57376 99423 71143 95916 10586 93315 49110 78163 17442 67406 34217 89864 
65519 80666 74027 50661 89327 78406 18649 8531 47802 90237 50574 15226 73370 28973 93298 73793 54827 24813 58247 46186 
2043 82964 57449 89248 23868 10270 88314 15950 30853 14902 39323 29446 40856 69612 32061 18948 56112 3936 72525 94402 
8482 21666 52102 76464 31830 84275 90399 135 12346 88612 14257 64290 17747 56493 59929 28760 74724 38231 24406 38405 
35947 14240 6135 67474 39262 815 96421 96642 3201 92492 51984 40634 26010 73314 80011 39642 25953 81554 10481 96564 
22454 50028 84028 81834 39754 71849 53832 34083 17974 79751 86245 58760 94660 12206 2421 73722 9305 93406 46281 97007 
54761 62696 16977 77867 51046 839 65711 17165 91402 90815 11888 57396 85870 78806 46540 38677 70181 86481 17077 69778 
78121 50328 48992 13434 50176 62635 96780 90240 55919 99507 60765 5885 58644 33228 49679 72324 18100 77583 77717 33501 
650 13113 9926 72783 29356 50446 92120 4418 15213 40285 82673 20351 29008 64379 38263 75037 93558 2407 87362 80361 
88885 8257 44591 30117 99808 33894 26332 69402 89547 29710 77163 8966 99712 60008 31291 95277 47635 90342 3122 65303 
46407 55418 58631 97359 17336 60583 95646 26228 56141 31898 34985 34743 43782 92405 30273 71783 84223 40437 40833 56635 
73798 22353 43723 75148 36156 56902 8430 9866 91600 82554 74107 2488 3685 41490 16475 80132 12407 86810 71924 84682 
74890 57911 55651 49030 17396 71592 44903 2834 43520 18093 57230 52775 35260 49139 97371 47825 47378 44868 53201 14205 
90412 60835 43011 36240 41127 45468 98542 23816 2317 21800 27755 61962 32202 16716 44419 1593 75600 63884 40015 76412 
67078 64534 62650 56697 24542 97061 47065 85446 18430 33323 48736 99683 33379 59066 7901 10189 87486 23046 91259 27989 
13788 94271 40315 24802 30847 10887 80420 73316 75678 21817 61681 92461 8746 99387 35661 81976 67839 49960 78763 18581 
24439 78143 17983 94000 10071 73515 14276 46733 71236 52121 44196 37375 43218 17016 93052 76815 94678 23621 90182 67468 
61144 97105 59334 21777 7554 90966 31160 89114 63091 72568 35132 46235 42593 91923 34810 42415 10206 81902 22309 23801 
16885 19032 17250 87047 46585 13223 79654 66952 4452 35993 67754 12055 95335 79008 45700 84357 31739 40445 2418 43889 
57050 41413 99374 97485 48716 98380 76560 61360 43949 74278 90725 74076 581 9091 84464 28415 67546 98229 96366 21014 
8140 73004 64002 73125 29671 31802 8933 64422 1540 43683 90971 43763 45216 94117 92488 95195 32102 16301 30047 95517 
73298 29847 64958 59479 76994 69872 79476 31902 73056 4773 94589 97294 4157 60808 8360 74902 64622 73291 51511 63674 
8363 70054 53657 24345 87888 76861 25949 6794 59721 74137 28131 9429 99086 40816 19782 52034 19401 54429 38038 62547 
89376 36760 86618 54393 12560 42318 37582 68698 2272 49805 30031 4707 64011 56755 68375 82607 13881 85896 67832 2350 
7384 32411 37116 42143 61683 84798 8817 90001 14964 72516 14758 24051 86041 53022 98185 78403 30052 14851 5636 97789 
18567 76607 97416 37414 57148 60552 93082 15357 37742 42436 39988 21441 78105 96347 26045 98994 70365 55111 41562 67328 
62343 24330 86049 24455 6278 68726 98487 76168 75547 74841 78876 21929 67590 1733 32538 65999 4626 95444 87405 4052 
91583 37247 77381 9501 73933 98471 13770 95546 97676 26156 26865 9253 24484 4423 43392 72412 10193 38092 3972 98342 
79106 60247 82769 24363 13767 97408 37054 8546 58741 95150 90121 60943 32595 11234 69766 79057 68476 74053 70959 9126 
51157 41471 13920 43402 32467 36852 54108 35547 50919 89964 8317 20274 50577 26998 74351 18903 98734 61427 43988 50242 
20192 45432 80984 72857 13877 89631 76402 48682 8541 55214 35089 98584 61376 12511 29699 97462 57983 56130 42012 24180 
77004 31217 10496 74421 91597 96169 4063 36887 98287 8284 39608 53498 98748 3411 90157 95459 82242 3488 36591 95989 
78633 44387 47789 80342 96018 97070 54348 51913 74705 81603 97740 66710 5601 81282 44700 29719 11638 59520 76351 3358 
49220 59393 77939 13021 25686 78463 13724 91225 1506 78259 4546 63982 91967 33416 40371 48338 3749 7118 95633 81532 
63948 13275 92880 45573 57108 61024 35314 60317 63090 58415 26609 17449 82333 47404 68123 3020 3063 84013 52477 9637 
16261 34016 15307 19281 84773 37212 76920 98940 97632 58462 58289 92364 68774 21057 66821 521 36256 23606 75465 58650 
29060 4986 32099 84168 98364 68312 27464 61093 4769 99612 59379 46315 62838 63634 64119 61092 64081 10 37330 75407 
27865 93283 4176 44859 19350 4167 12182 30295 66400 15366 44117 67442 70654 68429 4005 88216 50107 74616 88185 61632 
87445 57826 5077 82181 12502 875 89897 22477 88772 40532 55285 44284 83214 14512 31684 10327 95888 22205 11226 10311 
75896 16494 35868 2142 48719 63106 99975 81387 29609 16268 37689 85484 82766 3574 57332 25914 97072 15133 61286 84563 
74137 7572 96175 75258 95241 52657 8099 78316 35871 91165 81714 73539 29429 38692 15814 92281 42880 26127 4321 1123 
75042 82237 55598 84348 83489 86548 75869 1234 28922 17815 55941 42599 78388 23187 27791 93372 33402 93133 56462 19047 
51902 5041 25057 80418 62735 86539 73632 29354 23310 75009 44811 75689 58310 30303 81671 90118 59562 42158 83323 72677 
3425 38420 12824 87568 7448 98482 44442 94267 38163 63020 35810 23753 47766 60194 8260 76322 19213 27138 16216 93191 
3704 52182 34046 60516 38401 55288 80492 65046 21909 5571 40741 78371 98378 82707 69484 90946 82584 4388 83836 61365 
85405 40509 65041 62223 31626 78346 21194 78504 57342 74791 46047 33537 36116 25256 1359 12460 76365 80733 64016 15558 
51507 62965 47878 41753 53255 76636 69717 26765 50650 34182 81300 16495 61906 72447 83643 56084 480 56693 72885 61446 
97805 8286 18557 97527 73520 74111 49308 19582 62113 2495 70436 17321 51775 73698 99339 87672 18508 89785 45360 10295 
27609 34455 84163 61596 47762 65885 74735 17994 35227 19257 20091 20388 74021 51912 31311 44968 63365 47229 49365 6665 
89354 17962 27861 3949 90609 5354 740 50905 41194 68894 54987 980 14246 68265 27817 80822 23355 25557 60198 20039 
18296 81873 86192 84572 51967 78219 32613 74305 95386 2253 24388 20600 96289 71966 87804 83068 79214 88397 67687 24278 
39784 56113 72369 5918 69488 19789 4557 4152 18485 38399 82468 3693 48419 29275 28460 59966 77739 98853 21502 74219 
91260 56218 70285 15860 89642 10058 3042 37747 89266 72825 84740 80083 28793 9526 94037 14981 4617 44636 85831 50116 
26483 44434 85361 5512 13167 8444 79561 56917 91796 77143 21089 72421 40269 82170 80550 60282 96627 37617 88764 6597 
44704 28787 33750 12385 35178 27092 45290 69087 59449 96871 2049 73480 57872 76433 3310 24390 1684 31440 99592 60773 
35734 66570 2834 96619 22901 99381 66939 76141 38082 86307 30692 11406 92287 22243 19992 41766 37619 97217 83569 24892 
88519 52994 94953 83796 72499 50735 3555 28884 69970 59268 29324 11766 1391 81877 8523 35268 80436 77352 23464 12413 
43011 10725 60418 63440 41556 26326 43320 81398 59731 47496 84191 28298 56201 77446 30129 44575 26858 13358 71941 8727 
35472 19591 29638 17004 45527 36489 14929 48341 12926 30786 37830 44072 95169 81529 80319 3810 61838 29480 15822 11625 
99638 52297 1706 95237 98787 6779 95569 51571 10758 12919 89509 39448 99907 54167 6051 58253 71173 23438 66593 34821 
47506 4012 67917 86467 10176 68315 90887 762 86465 65831 13619 18497 62180 46751 11012 90401 35926 26661 98209 94295 
63964 28845 39218 64213 63541 13601 35548 56159 4135 24784 40425 6740 18997 19415 54843 1545 31213 35067 56794 2774 
60555 34070 23875 65160 5738 86104 48435 61958 27309 67561 81717 47954 93046 37269 92588 18349 81192 57492 27196 30266 
17465 88875 91918 79519 50419 31411 52391 67839 17397 47093 88837 48563 58206 60304 50274 51532 75611 41062 37783 12031 
73468 79771 4450 97321 30385 72652 77773 44137 31423 88406 9400 42446 56302 25237 81856 55353 43181 17470 41691 28801 
39889 17492 72872 35527 5400 62902 91993 31197 76340 84567 97679 60986 50958 67558 43866 64052 82520 48816 97994 56533 
19196 4716 64429 9144 94595 80802 60292 14652 67186 23377 48789 58854 43717 89450 57690 80307 99284 72174 2871 57017 
98003 14565 74293 71830 18626 48738 66752 68561 31502 40498 47495 82648 13466 60331 13932 97048 56976 17643 68863 44009 
25389 48151 47485 78195 92977 71551 11605 37777 81860 30310 99721 19175 3177 8656 93181 57559 69121 51629 4185 33164 
39087 48664 15673 19980 69522 45875 65198 76707 96871 74678 35570 77423 15670 31898 56794 50099 33068 81959 24511 76945 
34402 19198 64327 74115 3095 25586 23049 83831 175 97002 94915 79337 41758 26333 34826 95363 99767 74167 43622 94782 
12797 93061 41821 98408 80631 83321 80620 2650 47165 59089 81261 26149 15411 92845 56747 79383 61860 11675 34273 81531 
33757 20017 90415 44522 97270 25999 59116 20923 26620 89759 39838 20344 88289 49866 17155 52758 79049 21032 69020 30336 
91900 70287 42686 72555 92330 51148 71009 95028 62891 32351 42385 27719 54985 1507 44461 3901 22036 18423 71065 69884 
37782 31449 51307 42403 51315 31134 79266 49138 10059 84098 86466 36174 54234 70907 84470 73992 81592 18284 42538 26114 
834 19481 38059 1255 20642 50114 26563 60417 44822 35638 67961 16776 18395 16270 41185 44095 24726 37547 93458 70334 
94193 40283 23426 13264 36248 15308 78856 84657 93295 272 81888 58754 27433 43813 10323 55491 90080 58553 6413 18027 
24317 96192 67532 46188 39484 70793 78172 55058 31394 80776 36953 10164 31489 12227 4086 4695 74591 77819 77277 66202 
32900 33663 62823 50728 82422 41040 83229 52161 25708 83777 75692 34071 31699 16773 53101 98959 98951 89540 69287 40036 
52562 85492 58292 18435 32563 55248 86072 29834 47409 90403 95377 28772 12788 51241 23220 61707 67526 87323 94431 52789 
67193 28222 3059 90092 26668 81736 89311 51704 40577 5523 73628 3492 30028 57708 55065 87638 10658 26104 34583 24188 
94198 49856 34161 30472 64298 76675 82492 16333 16345 17562 27676 17370 94346 18003 13014 95673 93236 74650 88201 9433 
1238 63530 19928 68273 59351 47922 81946 96403 22295 65560 72443 72613 36620 44310 81818 6783 89194 74008 98790 69075 
96473 41839 46766 76652 95919 33486 49260 21614 47249 92104 34979 39755 910 56837 32046 35071 72977 29272 17494 29897 
71526 9747 42374 66948 44846 11451 38171 47547 46849 36963 50991 88451 69677 53277 45579 98226 11000 23334 86273 90467 
14542 43878 50672 11920 47408 1893 58263 24200 43962 94849 72139 97416 46694 53144 23464 32662 7468 40384 19819 1274 
56495 97876 65682 56523 33009 74522 91339 61418 76307 22242 76690 58565 45603 73200 65781 53107 70436 49474 81548 38599 
52660 70016 3613 26928 9929 40355 68107 17753 87382 29561 50074 40512 62139 25132 90657 60788 31458 44344 40879 90789 
83907 14312 19936 44572 60434 52501 17321 28660 70372 76846 60593 84799 60516 8677 38357 29849 8278 20375 9227 74997 
89489 64011 67408 19319 82992 2408 13427 41780 2826 67197 52762 11904 58318 10986 28846 25160 81231 58807 29924 82631 
96364 13794 76166 23382 747 77592 51684 18419 97139 45750 9719 19931 90031 75586 94361 89184 42652 34253 53196 68290 
29382 78548 37187 87448 92736 63754 95793 47641 70907 65088 12061 2270 93073 71405 70395 20458 81783 11149 35202 31142 
60975 80295 22603 68718 80351 68603 84511 7049 21621 46930 8701 43943 59549 21863 85661 78226 66808 91416 40716 90606 
45963 46443 71540 75417 20203 47748 29209 88179 1931 70297 55197 62130 48952 16501 17741 51735 31840 6752 21657 15267 
61621 2139 79544 92701 87677 33119 622 33199 39624 4296 61271 11936 22155 53547 8303 77075 18951 95880 19881 61492 
74208 80170 44332 95898 67418 1503 3188 44865 88808 14106 7924 38005 55408 30345 43374 21804 28207 56074 96587 80065 
5554 29534 75743 23109 29281 38773 75192 21913 2529 79615 98683 69168 97599 36668 46499 97374 87293 83590 31794 90011 
33828 23910 63645 76529 28843 66111 71344 44523 61392 5513 47316 96169 30526 22451 5911 86071 90960 46952 7753 94664 
42311 21192 81896 38439 92399 18696 73246 7354 10929 56423 10704 6332 29709 44084 83566 56173 5834 27384 96816 88590 
70790 26044 93646 26050 24193 3344 14850 12058 43947 50559 43749 35562 2410 44965 27385 42608 17211 88461 97261 44482 
26913 72484 96110 79848 96119 43556 88732 20865 89880 83316 46675 88799 65808 31458 21685 81935 6017 42540 49466 58655 
84621 95616 36061 41520 32041 77761 19953 82275 74362 16142 8746 47883 10862 56842 17852 30282 62819 79647 86007 22393 
6760 41682 66345 57027 36452 17912 1670 93463 66807 70863 35357 53126 8926 56807 9202 33203 71094 93968 97251 39103 
75237 90020 84495 50678 30252 49715 37980 56279 22357 24548 74575 38524 74693 13969 80444 82506 52681 19853 86332 97317 
15912 14013 25108 27477 74258 89834 4014 13495 62198 6428 22526 57975 15775 99655 19858 85891 65668 73699 90454 46980 
81090 16765 81814 64129 8673 73106 60618 98647 82499 26278 5113 16530 59090 76725 55435 15005 46552 55152 19885 56661 
24692 50744 11399 52996 36233 31479 22113 44969 76529 21526 27850 31543 12277 87310 73108 68992 17065 99720 39895 17942 
95082 77561 69231 30995 59419 26471 12097 85532 18005 79390 45143 83655 62035 39736 48955 68849 58491 99640 42374 30879 
72366 90237 49219 35466 42737 75633 80166 39481 70210 64100 85512 6462 31338 49588 45608 72868 47577 51294 71070 42125 
45223 20746 6721 11192 31125 76106 68691 39035 53729 27049 20203 77287 85518 11530 88851 47877 68509 69012 25016 62566 
9975 53630 7395 42519 59511 26698 33407 50997 99094 79372 85295 32161 87567 12516 34951 46529 18106 8291 54386 37290 
98498 96922 1988 13617 3308 15046 18798 9127 4087 66886 51632 55873 69148 62883 95555 61010 84722 40204 68990 51558 
58336 23999 31609 28129 74176 61900 12405 18166 27382 58003 3827 25891 28567 19296 23324 93598 90769 52616 1452 71510 
82405 98218 66721 67031 80454 42669 47031 71056 32698 47033 44345 54235 96875 76838 19349 3649 73810 86492 83961 17054 
28426 77471 18072 99752 78553 68045 78632 34455 18917 79785 7162 4634 31428 9886 61181 78634 87185 73922 21770 86284 
25265 30877 18732 11117 29456 40051 94332 977 66404 81715 40039 8941 13191 43166 39079 46524 43662 57218 14352 54819 
59251 33525 68441 38717 34107 83761 92030 95962 13869 73569 71958 74484 13933 62190 32923 5941 23906 4101 93650 42407 
6578 52898 12378 32866 86961 87486 37226 45544 65061 87866 11993 25886 24222 7656 61389 36423 29725 16546 55868 29459 
27675 90038 54191 60348 10469 26762 14051 38218 73871 56177 44552 62732 64512 64809 40360 84283 72416 34301 95903 31479 
88645 58562 56907 32155 71319 35323 99350 18729 60773 82650 1075 8661 97698 30742 39470 71929 97299 64444 93914 9430 
11567 4705 14116 56043 67024 53222 76836 70843 31053 94218 24233 56379 85272 22034 21286 94129 77474 69176 53785 54547 
9917 29830 53284 15217 7146 932 65575 2357 7938 76463 47470 25878 83373 50595 67804 70531 96902 7861 88853 77158 
62600 77166 15584 70343 90485 56820 19406 30141 93173 57753 98260 42184 36416 30902 55230 85207 76898 17582 27709 77457 
81609 5047 17825 76618 81516 98902 62717 31113 62859 28246 73531 67013 32653 16020 69415 35810 35247 20235 41862 74943 
88632 54773 44414 68068 35228 52143 84673 19669 52812 29418 35874 76430 93529 70788 34450 76752 9035 63313 90169 7454 
92536 37429 17538 5414 29618 77976 74993 11775 93575 29848 86413 40017 79659 38103 63233 5980 84698 31664 8429 13125 
4417 14596 10508 9760 86339 52724 82670 77560 41279 67588 63831 74587 33941 33425 47361 66794 1175 43469 93682 82482 
10312 77579 40849 6300 10376 37301 9169 58348 95206 74486 79253 63358 76491 84511 44862 9748 79829 7053 90739 98923 
20668 85888 57190 43285 1687 33747 98834 3482 52656 94615 40912 93881 32311 56206 13779 69518 50854 32997 80856 84126 
41167 54964 55355 66571 52005 51788 3016 32171 41350 25953 6020 44679 83220 53107 13541 45202 85576 33284 1806 86855 
43643 30730 42379 12827 44114 48066 44407 42250 92029 27032 84696 47003 34432 62887 596 64248 65368 4399 65520 41008 
10182 32407 75255 40282 7461 32808 2678 87767 90492 68767 46250 19623 41257 60781 27749 50985 20520 85735 95422 62549 
25958 19646 59364 88029 94522 81262 31668 26692 67454 8751 43279 58215 96075 44722 3076 64254 46421 98614 14911 63842 
11705 83096 1319 34268 49936 47260 95986 65402 21470 99239 73590 67535 77297 13945 3203 78109 57644 69948 35075 53044 
490 2798 39054 7427 18251 50084 87658 15410 55040 27125 99158 20275 68429 71911 29336 27413 60077 10894 96440 23779 
3824 89162 49552 24846 44442 70905 51662 21905 58202 70114 79799 16246 54325 45096 17648 33578 5115 34333 72428 11727 
87180 42128 3153 89463 97130 78713 25776 26416 8373 51574 43743 68153 10676 18900 16172 80378 64943 5116 54999 3761 
394 25407 61943 16225 2958 43008 10234 97322 26165 58600 91015 35827 90678 65099 82094 60687 65271 74847 67644 5383 
83983 94892 18890 35012 80160 48891 19152 36913 55369 60651 33016 36339 40126 48295 82881 13233 22457 7281 38234 86232 
41554 43462 9547 1249 58500 24829 71551 47073 33951 71941 39168 25142 46393 25335 11958 9048 31799 76513 42281 13836 
24133 98090 30034 48674 54399 30076 35039 18104 70024 53176 9156 70816 24306 75621 91764 40996 15785 68130 42302 19267 
38347 59642 76752 79591 64761 85525 94491 57684 83222 15349 62337 97288 96600 61672 82121 90423 72328 33892 96837 54414 
50080 25342 10264 25999 13644 92530 47992 762 73843 29661 54670 10400 6189 37984 77755 79486 90697 37768 46988 12703 
20065 47520 58625 49672 99672 35880 25004 26830 7108 53143 32650 85811 92814 69270 6795 43501 76201 94760 55639 21842 
95693 5445 21704 60801 31878 34620 6801 20864 68603 37725 45647 70513 9723 88425 70433 69175 12578 79520 87267 98579 
11782 55515 66713 80033 62794 39944 91936 39254 73989 85015 41808 50457 31189 58545 23200 98789 37315 46248 87660 1785 
90329 13452 85494 15134 65679 70619 79555 22103 58437 558 89026 85853 22484 68063 72917 269 10032 81431 38725 49108 
15907 18795 56548 85453 23224 66256 98986 72085 64029 48814 57430 83251 25211 51333 54511 57222 71760 7512 29861 52195 
53760 19310 47620 48136 87650 20952 65501 19734 42869 81499 55029 70878 16010 24750 89122 71119 7876 50771 84775 28773 
41159 34522 17160 28027 80945 27819 55030 47122 30036 14033 50205 97972 50047 23692 64435 57363 87319 70079 29992 77056 
5467 21508 91754 81201 21823 20603 85758 58371 26081 48746 51659 46278 6458 39354 33918 43211 80281 85895 13944 68742 
17322 15350 33487 49232 52443 26315 10482 17674 60143 91823 90250 54886 88003 77001 75849 98734 76395 85274 45637 2800 
53576 66943 61194 28588 54460 8 12326 89816 90285 30380 78006 29193 67933 39531 86473 38543 73522 48844 87898 81131 
23092 18857 94018 99323 44080 51369 85695 35637 96466 93977 7507 6737 26295 1132 75424 81489 64631 39177 68861 44807 
29607 81445 70992 67065 51574 876 8797 82744 12845 21680 3661 85252 9731 34619 21112 11240 38224 22409 2578 71065 
13951 17771 28004 6434 27079 51938 82513 72135 29722 15454 26913 92330 57875 46964 52049 21275 1825 51088 4894 72931 
69030 10919 73162 86513 1205 60132 7500 67575 14083 32825 15434 96831 20058 48257 37115 21973 89569 93060 15139 7068 
88457 66370 22877 7817 51350 28729 57628 67229 26283 96769