76698 1638 48425 32244 38664 70026 42151 27309 17298 54046 54575 90943 54150 86071 14712 442 41676 28319 18649 20142 
90913 80996 45866 5289 6141 93684 49152 57466 20918 69565 95148 78219 62734 11785 74587 93180 94854 97031 24228 20332 
15893 16472 86087 86833 61297 76084 58162 89847 27654 78313 85368 54166 56969 23812 98190 67767 30948 8920 11469 21583 
85033 19535 34328 59256 33879 37774 24047 60663 11131 25183 96128 63782 74751 28430 15654 85556 16439 33988 67732 71869 
72265 559 56998 64744 4098 81140 2985 5633 9698 24338 44136 19857 12939 96122 61335 38923 78327 46022 88860 60652 
74793 97122 78652 73047 44185 7284 10079 98638 54462 15021 21525 24453 98372 92140 83586 76933 518 28829 55556 19998 
35193 75248 75286 73764 36564 42166 93285 56625 69549 76840 12868 15162 37890 31012 88385 94165 56067 75785 37581 90053 
95237 86988 99488 94167 54465 86095 91417 2924 67937 58166 23901 26467 29854 812 46849 99955 54733 73239 61167 87217 
17447 42949 81439 62076 9894 75374 70533 2152 85879 29791 10497 85629 65300 20475 83799 69611 48970 67153 24714 36697 
38594 38309 66812 68200 62759 97443 74304 29274 15415 13930 11880 58250 75543 1930 61363 96758 74079 86060 35039 60038 
70978 30312 59627 89870 11264 32497 57494 57656 92666 51282 35643 3849 42043 60811 99062 71282 77560 26819 65768 60887 
9162 23565 92746 22091 29662 17603 14186 93951 77449 34771 34920 94007 64866 77906 55202 818 6046 22895 67202 88352 
12487 22337 10261 59854 52719 65114 50863 68299 78909 96190 18063 26091 20901 71953 95663 97917 18318 87101 37971 62354 
68742 66691 37013 67072 58533 73581 72978 54072 52044 37219 59763 33516 27357 97314 67125 73066 40287 27396 85298 72485 
34983 88071 96470 65521 14649 15409 59408 28148 10240 32520 71617 55124 83008 511 72769 95832 99976 86400 82611 80938 
58431 38456 56011 67485 30605 83916 13570 56160 32088 38250 85664 11803 98069 80920 15798 29504 52257 11977 82882 34333 
24463 90866 84562 61763 87753 28897 16672 11817 7760 72363 67668 30942 69320 75663 87569 3717 47902 18035 52917 17528 
78361 654 52105 86655 41256 40958 18639 64850 23321 26023 83010 60503 45395 46844 34266 96362 51299 23503 33838 6371 
93619 83911 32712 95017 90388 88413 57317 73557 63962 7025 73697 63718 53909 81553 14236 36207 40157 77996 30571 24800 
41735 80301 1422 26850 7402 53073 44300 51136 59238 64784 68713 47084 16915 71143 12450 9115 90717 35095 65501 56499 
86926 98967 38498 43572 76022 21576 6962 44449 68106 66770 9939 54535 18193 37833 69274 73493 96109 39229 25851 73288 
80066 38532 342 45564 61635 98001 21876 42420 27445 92255 54282 1317 81505 38600 30483 83844 94066 33562 24485 941 
39000 86618 39385 10709 64115 6900 31703 63246 59648 59923 82022 96282 38456 97640 3535 66784 56099 98866 46295 6429 
72595 26468 23149 98691 53303 6211 50833 90858 49229 88804 34874 66076 36680 56241 36283 70032 55444 97598 30429 50145 
47501 34109 79892 64874 13379 98846 25278 49321 4337 77072 56258 70345 87048 29011 97991 9467 88411 45787 22559 5827 
52032 97736 61963 15389 67579 38101 4931 47519 41328 17580 35129 55662 34940 82798 94495 6314 97780 7328 4873 40214 
71066 16883 27169 62148 31924 6972 57546 17488 6340 27429 83067 37079 19123 97046 41292 26201 37753 32689 83307 49877 
26164 16766 19468 99804 75050 33953 93615 81810 2215 51927 84989 70288 67438 2167 97265 2932 43199 88455 53963 38034 
33041 58605 93949 86374 41314 4278 54246 32445 53176 47653 66785 95087 58704 98191 10258 88607 60715 25681 97094 19372 
36149 69937 90775 76688 76931 8093 16801 8204 78925 59883 36804 50829 71147 80963 79977 824 83945 51897 74057 78770 
17459 16346 66865 86245 18855 50856 56919 32160 76348 14449 50011 91729 57548 56470 24232 6329 82005 2144 8651 3338 
5357 1313 62916 26509 55089 29454 71845 67618 21098 29271 3483 85883 44580 66907 95545 92042 11554 62211 25378 19023 
25 57237 81239 89083 62313 62941 15791 66557 30894 80320 98372 41202 55681 48197 7128 42422 92593 63554 26796 50411 
72581 39346 35230 39521 77281 54226 71239 81494 47470 79590 85318 59006 41451 85236 29784 34325 17665 89245 77658 5409 
56482 10045 90900 96112 51990 70263 7505 86665 23616 9471 28653 63308 17790 14544 93167 25864 47452 77658 39464 535 
65983 21703 46198 31029 95103 13666 5202 17455 21884 49417 882 14748 32686 24364 30189 49092 51168 14697 65363 5381 
33084 39249 79229 78268 47573 47338 20640 41893 42175 15546 1591 18945 96309 6493 64896 88488 29210 18785 13187 64184 
45828 93156 94654 816 47726 58048 56795 84683 2722 6874 15033 13945 40632 98684 55641 32255 76876 28759 11759 25223 
98272 40267 9676 78706 60899 99464 61687 18378 25141 88839 69152 83310 806 14302 66687 64187 14895 86299 56645 30353 
81826 39722 97094 35310 33260 69509 21190 27384 14090 28534 14113 26284 29472 66171 66738 12686 54805 32292 21314 33595 
44349 4389 98712 48287 15197 77366 94529 60616 59771 16232 37329 31802 45165 69344 17447 4853 23703 80415 91275 9078 
88583 94025 14908 46061 79481 67179 57912 43033 2536 4101 15889 18981 53989 54748 15305 81903 83495 17514 43202 33458 
74506 32261 6450 11320 51152 23617 93761 40228 89538 19720 25907 34603 56640 28618 58102 27039 10268 70758 514 33786 
93502 85599 72432 10546 7057 8134 98185 39936 51056 72100 57654 2648 70295 94267 26184 56805 51619 68360 63410 75082 
2787 78177 90751 46574 8665 40233 69289 39291 75825 40238 57598 98854 94935 62415 53989 4104 56851 82731 69282 22270 
73904 99127 12417 60449 59096 76179 21203 72101 99188 13422 94885 36051 35038 33870 82573 74673 52173 42316 3346 92800 
9405 57859 75638 66837 54271 65220 44960 18801 36816 20149 24368 93863 22474 11157 864 88555 98300 46480 14117 84958 
36991 98088 31116 94501 33932 56378 9758 64063 55591 14077 32423 69280 7102 42250 72226 9451 16845 39033 36514 57462 
50368 8494 60473 84464 73896 87918 46462 33271 2498 37821 73844 97603 93197 40752 63231 58912 96911 61283 88532 23765 
62221 86270 48427 42403 35780 69245 31809 42907 33031 88450 70138 43570 77415 21315 44110 60370 88664 53019 61867 21167 
50798 82899 4967 13643 44415 97473 98402 98558 40675 24389 5104 47809 84135 88816 89784 93172 91248 40605 18834 17219 
21138 35092 65178 6365 50406 70939 43173 12759 97569 88947 19152 64990 79923 90749 14823 42793 46066 68708 95946 64767 
83994 21936 7020 34612 79703 10492 71809 16317 26886 80434 82840 51522 14535 91427 93652 4746 87524 37255 94411 55879 
48686 45748 5719 42655 32443 16268 67644 6271 58601 14923 48829 81308 58826 65733 11731 3489 64970 80029 92663 92271 
97296 39053 94434 84279 4965 17231 52528 34513 81920 59575 61520 14855 91569 85359 53494 31283 39478 51449 83828 6556 
38069 33883 79501 48454 26538 77769 28271 93284 52149 64495 26829 1458 96737 16323 38012 56006 97043 70688 91531 79632 
34621 46997 80139 88153 56717 68323 29466 76487 61135 4187 83226 13896 73847 60264 35053 70 71133 11058 87910 1185 
2826 48647 99400 6795 50424 78938 5784 44728 29377 6916 81474 55099 56958 84439 53013 99645 34432 5737 10392 76263 
47946 44893 13987 14564 28530 13491 21051 63521 19299 31690 71815 25411 56984 4618 4831 51535 87141 56722 15942 85244 
9492 14605 59840 31649 78827 70665 10325 47067 27198 99663 21438 94494 60039 16337 65860 62389 62823 65286 18604 48246 
69668 63201 36824 72416 47164 72138 46948 49660 78177 11186 78213 62868 80145 29652 16895 16858 15615 3286 79761 31841 
85373 35270 94208 19044 18177 62586 74689 21603 22152 60642 20983 34548 16693 3022 51709 84052 82798 64293 99066 67297 
8888 93936 10514 93591 80749 62552 48188 15462 11395 20097 1 96133 43352 66695 88713 65561 28624 18574 78776 94271 
75671 42443 23905 55841 62017 49947 18062 24037 65770 19060 96236 10137 49201 90811 78655 54363 58898 24531 34089 10874 
59472 25210 90043 52154 39052 87223 86027 77172 23778 72685 4259 55107 49592 91674 48843 18923 20453 19767 12547 13956 
62667 30275 98911 74932 99769 18075 84518 59370 36554 94390 34426 23293 31807 68924 26713 83486 82556 57959 82720 53788 
65775 60385 24092 97845 91177 73879 46965 66413 75625 80171 65080 77243 24341 10901 48293 71769 23604 66500 93381 13381 
75032 84091 37109 5102 74934 41956 42812 87342 83723 69539 66828 93414 92811 9143 86475 21606 13573 49916 9142 39385 
43705 14262 74464 43568 83906 70956 60508 96958 48141 46177 55803 24569 62036 7230 10978 96783 3874 58622 76923 77978 
42463 27097 95617 84783 85390 38750 89926 69247 95657 41648 18750 95644 32894 27688 27771 26015 66826 54678 96356 87555 
22774 95338 33435 53973 16630 21904 93954 9223 22112 51765 355 14953 60126 27843 81836 14616 56169 75087 65642 5701 
51852 13238 24025 90369 29705 70894 62402 93850 28131 92379 32076 53452 55090 87285 32874 13554 32352 49498 4099 80049 
28700 24031 93177 22116 10947 75374 68285 50558 32755 43648 71279 72661 54346 96518 4522 63713 98 94135 31891 20698 
63913 35855 46119 53294 51263 87840 54311 65688 86936 57012 34687 78074 89249 70469 59527 28819 88544 40510 21737 25242 
85854 76519 51578 58902 27896 40201 92339 50327 47005 28479 22647 1367 63400 59808 17804 47940 26901 27004 59087 3849 
17156 28779 56083 49157 18394 33103 54202 88380 85485 75387 4311 96053 55580 39530 10410 82155 45719 94933 49608 84965 
4435 75213 79668 19715 73160 6383 52848 11251 57255 29397 5961 12997 82014 61288 31200 80631 88330 75547 99838 97047 
72270 81892 53335 57310 58343 81137 3604 54028 35806 19564 3381 56987 39276 96900 42740 33867 1881 36144 47735 64493 
33095 50635 41507 24637 42336 87832 97346 9736 114 92197 90990 49762 98522 82063 84727 65977 40583 4080 37945 75592 
88313 36735 23299 82671 40982 65526 78143 66392 21180 22184 94450 84157 61187 56408 21384 35480 6999 99306 26409 74974 
16258 48319 97094 47736 42265 99777 7499 17188 26562 45295 31403 94282 35557 85349 78371 64243 65037 1440 36926 44435 
36562 10222 97084 46881 40854 20979 37055 85582 14684 46136 24495 46678 34355 79089 71018 4998 94912 932 37419 60249 
39968 92083 93019 42770 33089 95384 93095 7167 45188 55905 81736 9589 67894 24449 90976 45174 74269 70984 59892 13544 
36162 85055 96411 43562 68074 22116 26916 44582 43019 31440 81355 2283 3477 30867 72268 23068 89012 86566 1797 35016 
2918 95290 37593 4686 5664 1533 25039 26757 4142 56913 28550 30762 87777 44822 3513 74569 98766 92839 23684 31509 
37064 8479 47743 38883 76921 43098 71135 99549 70042 62412 15788 97806 68740 20639 40800 753 57637 46036 22269 45153 
44707 85988 40267 51003 11540 88113 21640 26244 4857 33837 33806 92806 32644 52626 79048 34569 86885 49817 33914 12854 
39726 44228 56149 18366 60297 72793 22672 16975 71296 60054 76484 9546 18355 80106 1502 98585 82511 16691 41079 7606 
64482 17886 15184 28228 2597 97583 32066 81559 40998 62937 51043 27079 65130 70911 29310 18689 58796 59377 50937 43013 
17104 61682 2892 78481 7309 84310 39463 23195 31478 21444 17933 86624 35876 76241 30541 56714 75474 62515 20674 57051 
1050 36490 54126 8693 4393 3479 11317 97789 9651 10426 49034 3007 90611 50739 62733 82415 89215 38155 2542 82451 
32761 89187 94488 81566 97559 4994 31981 13111 31442 42432 55114 23591 24709 24593 73689 79190 35789 8901 85766 62581 
27107 88469 5670 84108 21451 25487 93034 76629 60801 57165 94674 77166 69486 5620 79217 49197 17566 31894 9199 34543 
35417 99004 54576 49695 66065 50238 88128 72509 8089 21687 14752 85933 66111 89408 89239 71489 14679 84442 7832 33855 
31990 6746 60785 46109 12665 74641 36241 63050 42036 66444 24603 45751 30234 15496 48081 87029 74344 83422 24520 66183 
5475 11731 39158 44687 46865 51793 65978 96575 88118 90039 18007 94223 86338 94458 70947 10869 69512 74226 47905 75070 
42419 18731 85116 96239 13124 19544 94736 32633 94921 3139 85843 68575 9410 51660 36300 6592 6197 16447 20366 2617 
15085 46973 36036 3611 71479 19522 1696 42367 64667 63890 70704 67332 52460 1537 95243 45100 39639 43085 43588 82924 
84596 20022 19180 42000 99400 6527 33860 37646 17691 7969 81889 88275 25320 74985 85895 71508 69391 16340 32165 42270 
20238 93507 29121 65396 17745 79430 14645 75905 32602 23169 26340 86211 42643 93709 48176 17157 39848 60828 2928 31383 
87333 15270 78376 82020 76056 85456 11358 95525 72314 39158 61713 32570 55276 36739 54126 49995 32382 85054 50897 18827 
18521 4715 529 35686 29169 24331 30380 8237 78848 86990 23414 34234 80091 20960 30925 2805 92170 41589 24655 75849 
49348 8137 39752 95282 57093 25831 5659 19486 50435 85018 18907 78496 33809 59800 14700 87897 99241 65709 35361 46292 
60014 7716 88129 68477 35495 16282 53670 29819 52137 95433 56145 23325 7853 80488 33190 74224 36814 37975 55867 53254 
87101 48189 32928 71690 80188 57581 21425 94715 24322 83074 91195 70228 19307 86323 79234 99956 49360 2723 19473 9808 
29565 95007 68682 70937 83347 20822 16908 99955 29805 80422 18502 82817 5504 66201 8279 79011 41666 85972 90590 49940 
32099 10770 67805 52162 94888 57006 12941 30353 84944 41351 90028 30442 42724 60033 59535 3267 59410 37018 12731 12004 
58604 91955 85156 31292 55418 87229 1291 57717 83294 29178 57045 49392 17514 67977 90855 45181 38053 85722 75700 55966 
36776 99684 65800 12118 51395 87311 2644 89372 91755 61379 29708 33847 48982 5284 26356 71432 59761 75022 50715 46788 
89744 5230 90257 87364 10016 71772 3353 46755 69819 22302 93407 91460 21309 38042 97773 14504 43001 22092 64946 31004 
40567 62099 50262 80373 35459 98838 94273 14186 17815 86440 33004 92716 23517 86348 79199 47455 3771 94756 22605 51963 
3356 94046 81253 11449 25460 77340 45986 94119 44341 64334 79138 95136 77434 11 68953 4611 9098 60781 30731 15832 
29269 58136 65148 64918 58178 3638 71848 24534 38858 87412 80089 71059 63385 63587 23978 524 14578 82004 97269 8841 
36069 89624 85277 56611 3150 64346 14955 90455 52132 80264 87701 39990 72784 60447 75290 86231 6864 21157 19057 30215 
48035 28928 59281 99022 68808 71298 25888 53277 25266 37820 94549 57365 3651 26743 93613 38564 2304 29420 37998 22447 
28339 2201 28738 78637 29757 866 31763 47802 14966 72561 86507 94244 92328 29286 13810 62935 77093 61080 15627 17994 
31099 69250 25355 38612 39762 14669 94516 65595 19592 17294 53671 1573 11580 31015 32044 11914 51730 56903 64266 1230 
96773 13200 19724 82012 83916 62410 97032 18728 51449 68960 96372 74258 66248 76022 94946 37850 99243 5355 46587 12082 
13355 65276 3518 62465 29628 73557 44905 16071 97340 69390 81277 2516 36282 99607 15017 51019 40889 50594 9751 90540 
5844 81601 37300 97267 73301 98327 85579 43631 16382 81168 14475 1093 3892 88514 61003 50081 48774 9265 82793 23672 
37262 78645 6563 90196 94157 22225 43470 45210 13215 15202 35031 48566 21521 57601 23955 77793 71160 49981 73454 88814 
20825 18086 60533 98432 74637 36579 76605 70849 98078 21239 63760 29338 4357 96750 47155 93552 16675 87290 94334 76942 
27099 92124 77664 99975 38723 45688 36411 42342 22792 55851 10061 687 99298 63586 86179 97706 3338 80349 44455 92417 
20911 43671 38802 74707 36148 95718 80404 85887 77774 19342 68867 38573 89685 16111 39420 20904 11681 36116 86330 1994 
20448 19408 20763 12996 48131 62869 133 33151 37838 30699 8091 31338 93110 43244 81864 54575 75976 58739 61641 32649 
7001 10272 34008 36913 63445 26828 25927 66315 60541 706 46608 31014 48992 56730 92128 8797 12031 59354 87677 23910 
74901 38816 1235 62412 52313 43843 37974 37485 53027 9481 37443 82006 77526 86395 64330 30307 73974 24658 40621 15709 
89153 52606 37300 68914 91050 36279 54764 90015 27130 5690 44600 83890 5369 52652 25080 15959 36985 85230 95825 96618 
10150 77518 3843 50279 93532 65105 14245 29040 49629 32120 69897 12787 97202 56876 90654 54910 83311 47303 3602 53472 
98980 65107 50007 60461 18908 28047 25381 72398 31380 87215 91514 55126 32287 57901 45801 79395 10702 89120 56771 36205 
59354 42885 41849