27646 61804 45860 41771 44267 38879 64454 66243 7526 90368 18179 99142 17845 85416 94827 87638 69037 36079 66041 46479 
96654 52809 72057 34504 48522 37452 49491 64846 52216 18850 39165 26331 86677 91031 87609 80986 43124 50720 5959 55455 
40781 76171 31481 3100 3092 20080 80074 91890 18444 10015 4522 67127 61407 30445 43431 17698 31022 96352 58374 20935 
34876 66206 3199 63606 2337 38630 62918 20682 24104 58446 99999 93859 73323 82239 92024 46714 20506 75701 49249 84470 
96264 8193 88885 25686 88087 67908 59803 24408 70787 56223 66307 81673 49322 81884 10827 36136 34576 8003 22374 88573 
88573 82528 69779 17931 49809 75887 571 2965 32180 17096 42218 47998 8441 61422 27380 68178 15847 33289 98041 4536 
60900 39598 26152 63071 24327 61597 51969 1617 76157 23771 62402 56634 18510 47174 60628 47365 40859 51410 76836 20366 
22046 55393 94599 6044 24191 12116 98943 16533 77499 73617 58937 47409 50912 7224 70156 60727 92922 9421 84093 33749 
13564 48612 67926 47897 41986 7405 46581 23729 24064 38003 10157 92119 2487 7559 52251 48119 52536 42478 15040 97469 
72882 56241 26458 89318 56518 97836 91327 60085 6446 39995 46084 45966 72185 17725 11197 49757 43099 29268 46578 70968 
13140 17643 97622 40239 48400 71422 37518 17505 68680 67135 84118 54304 87491 23255 53450 62341 72044 43438 50826 11096 
65968 7818 89408 8336 25548 89823 70052 81417 39647 46016 94851 65316 77177 8369 35884 51374 51983 79860 30890 33058 
94330 29186 96223 70202 71312 93084 31864 39884 60308 91186 4612 20129 91250 8240 76743 61360 34938 2287 77986 54388 
51353 32227 7443 13580 67579 68395 97811 71029 85849 59605 28755 62972 25231 85059 29346 9564 8988 64237 22046 96544 
69643 87289 34370 95399 50127 10763 11406 39021 66534 96773 66698 89724 62770 89099 81183 40841 75548 6061 65441 54725 
95114 80094 32678 89466 1784 76666 51595 68232 28469 79707 80022 29470 6556 43166 32894 33987 58042 37078 61210 18725 
79364 21997 16111 12224 28061 98973 24001 2597 83778 10618 99068 1917 97820 58227 9534 33274 26876 46313 36827 95761 
14452 53099 59940 4931 68156 25801 45066 11101 51467 57937 72648 99215 26001 28735 34687 17468 19144 91059 66400 87646 
46076 10580 60041 82049 92592 80144 72306 74691 13312 1062 8724 26506 92929 44527 47110 42021 84120 95135 49819 37857 
82789 99544 93026 54040 34942 22866 47205 88852 88749 38547 82532 61478 77296 93350 31851 8149 45059 49330 9997 37047 
91944 79411 49621 91037 25740 36077 93158 83741 18447 98257 73338 45653 37773 66168 34201 86062 70516 32358 12854 98319 
30766 4750 41121 40868 57700 52417 11027 13447 35428 54354 22123 69340 49399 18742 16052 52446 49276 70518 33088 43060 
26832 40206 5417 52558 77113 99238 55147 46641 12290 43179 37303 86680 28547 44981 76863 14605 34172 55388 42402 89004 
33515 52070 15797 86073 13025 65519 51652 98649 71880 60000 53153 36343 79034 60267 71412 40193 33147 77002 61779 4549 
74196 3058 66379 25007 49187 33111 94278 87170 35860 93507 62014 24347 70150 67831 31730 60174 78914 70160 47204 19133 
42349 63232 16273 16104 82959 57913 34301 4365 22411 88493 87765 95668 40526 91567 49390 52996 90540 68216 89432 57689 
126 62871 13954 9147 89945 73357 59800 59636 49314 316 98052 26835 12371 81338 73500 80259 87216 64689 25376 89245 
62060 72421 6103 54995 82101 85002 30134 90162 85095 81551 68898 67909 12951 75841 56138 86576 49138 46380 70049 61586 
75302 14482 43874 64468 99614 33058 11272 78096 36695 38770 56367 95296 64284 16869 8180 80763 2779 9330 12778 10510 
83541 99267 10932 61111 8335 41963 93940 81182 92190 18823 81940 47905 46659 29654 46253 18142 63870 72977 71251 19701 
93133 32435 71044 46389 85910 15678 37954 59117 74396 52717 52803 63097 54747 40672 96926 74820 46923 81703 89285 5419 
51716 95890 62522 78275 24843 11502 72957 28922 24312 80844 78986 95589 8703 52636 29566 41554 15559 42579 34058 56125 
80304 17426 33695 83012 5875 61368 38990 44460 51031 58385 59767 62425 13694 23242 14172 58251 47508 18152 93063 46897 
16749 2173 23412 59333 88943 88831 83624 44169 56424 60275 48756 43388 33873 90858 84794 96942 29778 45403 99568 11234 
56724 26846 53219 3092 54704 27706 77754 33464 89592 96048 16612 85786 38068 86896 91285 96064 22180 66534 43870 64041 
70950 22935 74829 17941 19070 45095 44443 8306 21213 39699 44985 83999 542 5532 87977 44195 33568 6062 60561 78843 
69007 40291 61198 30930 82001 3635 44168 56591 36134 54635 38156 30852 31999 73187 27572 44889 16852 31246 53438 25652 
87756 26625 66684 91884 69383 76162 30760 76011 68511 36062 33617 13966 98023 80109 9173 85656 26850 27691 72103 26065 
83172 17145 91638 82225 38547 97309 7763 67362 91484 24021 69421 94969 24291 14489 63371 85684 36320 17706 64593 93167 
39145 22046 13310 78225 30553 17923 5268 84486 49756 66825 41139 17836 1446 7 68090 45768 10883 99277 6264 25748 
27442 28509 19827 77880 57860 1398 74740 24345 48718 43596 45651 31086 79202 78882 39334 16013 1229 7031 20477 79949 
92927 33785 55371 93600 42516 51462 95286 97914 12524 33003 27422 71189 34508 83266 94501 17663 85663 59653 3071 69802 
61852 24538 61013 20428 53651 72236 36978 48698 62981 31584 80705 36674 56403 37514 23700 19596 15274 66618 5497 38466 
29905 53431 43230 37043 95183 76909 22920 29413 2529 42194 48585 15582 51763 76738 26651 38871 40034 10647 46146 45750 
67706 36038 50815 72124 94097 75439 57196 59977 55936 89923 19615 33697 49200 25820 90642 31588 39854 12338 39794 2371 
99819 96112 94842 26385 73642 84432 61968 91755 32029 58723 80388 15247 42850 86479 67351 91129 98540 63137 41621 84485 
63014 28352 59878 61662 55709 16064 86162 61716 91256 68362 78330 23792 29437 25162 97024 8821 85951 87816 64143 76594 
82435 83423 58305 98767 48890 89676 56218 83154 75420 13788 29669 72853 25763 98158 68388 23454 81689 90507 83591 2218 
98842 693 8807 17592 23193 45869 93312 57895 33562 32249 23806 16884 46650 67138 91922 7393 70551 57487 45130 48586 
69007 38906 10995 22669 63688 82335 65109 59300 11954 31993 352 74340 64180 51227 93963 42355 69014 92632 81320 21183 
96631 7198 91832 74559 792 35152 87877 64719 91552 55950 87975 36444 28670 17558 37169 78293 83865 83822 3392 30576 
27058 92397 86975 53811 37158 69722 92290 52820 77717 16416 20222 63101 9355 43845 33538 1741 25091 39028 62524 12692 
73503 34938 97419 239 39758 81645 59627 38884 41077 40721 62373 17551 77289 23543 62544 15126 49279 8549 86411 45067 
30987 94633 95341 35991 33603 94180 50093 14622 70182 70466 75081 13597 20948 31644 49001 78740 79495 20970 65609 36202 
24016 34640 72110 20867 96851 6780 47224 80948 4286 5502 37618 16493 71219 48067 59726 62169 26767 28316 22554 20113 
80415 36736 96423 55324 1866 52006 20411 43581 53317 20467 97518 4975 46909 77155 67336 43529 46252 47477 20318 5130 
84153 23579 52021 9488 86035 6831 76021 36275 91455 37648 74410 69849 62238 96156 47223 20574 86913 79884 2272 58304 
53613 22849 45915 36524 15907 73289 71349 74030 21842 57287 13220 63511 74563 8399 83722 32075 94238 80756 8366 62930 
27655 72312 94585 34780 93510 44258 85225 5025 657 23739 81926 55535 63698 4307 66381 60176 63073 76603 21983 49977 
55720 1356 17035 26990 89678 62151 90032 72 91232 5754 41543 90342 20663 81875 51984 36686 93969 6107 21424 56391 
37648 28893 58282 39081 95060 48661 53920 21406 95567 37389 3380 87648 18005 68504 11613 4553 56825 59519 72425 4916 
33685 70288 50158 3570 80170 14683 21811 86803 23155 3644 36682 75901 1326 54244 34900 90690 69824 21079 6008 76912 
69381 99425 79403 27247 76893 46772 33610 33389 51775 58417 18209 92142 5409 28671 19411 89402 63805 47398 41258 30057 
88193 34391 81166 81125 61694 11951 52386 36929 63467 42874 16239 83789 59151 92442 48929 33239 55830 84147 28114 47179 
77861 50082 41422 14209 14223 21435 26782 74342 92293 97531 52604 61214 19448 71290 42044 15130 60180 85063 23374 61177 
76655 49767 97041 56951 49906 86638 13672 83424 75443 712 55408 96720 84806 3968 13584 83135 5248 42085 91376 4667 
70783 77032 35264 81832 39964 73884 85755 30450 30640 21582 87693 51384 83404 16009 16900 82837 73584 29424 16565 15680 
57373 15553 51723 94803 20535 41143 28875 70495 43013 75714 43759 80467 28759 44979 90027 31746 29735 71946 33302 70700 
94524 68658 37938 52508 32738 99808 44936 76993 56619 6380 70940 60867 21111 25090 96421 37761 82252 51177 97007 34196 
96506 59660 14762 66941 28299 23052 50064 45277 21573 84794 67086 51352 58687 18423 94802 81674 48389 27646 83001 97959 
50126 46636 57653 60336 34495 66590 73631 69990 65282 13183 21822 65668 44352 37744 20420 32759 42210 47927 30660 84567 
16172 88707 73372 24673 27820 85706 77152 72363 49389 16001 5142 40241 33328 65919 13011 31773 41108 24857 72893 17290 
97716 9050 94106 39466 47720 52661 49790 30441 70955 75595 5701 11129 66580 30896 67591 19478 52110 67811 43606 81317 
76973 64556 73731 13152 86102 91869 35957 92704 92646 48446 13841 54934 34970 5605 94476 23741 48992 80629 54129 90317 
72498 22599 85066 80608 30568 7670 79639 78526 5619 38796 47557 24478 44972 27244 98149 93526 48236 75713 86039 34931 
60800 19920 69455 20202 15822 15494 61788 36583 32524 1587 98512 21308 66154 94414 21383 91831 95030 8274 32863 95075 
99903 14945 20642 51300 96531 43933 34942 29070 72170 86199 73684 5331 48885 49108 88989 57036 78352 86553 9452 19766 
84211 41227 1335 33533 22406 2039 25956 59089 27817 3797 20881 6642 50064 87335 45319 10254 43863 20357 65743 31700 
38096 92511 81711 13239 26028 9554 70796 18642 13005 50771 18121 17929 34876 59430 1040 32522 67159 17054 16652 84780 
28580 74812 5043 44461 29978 79525 71975 77072 6085 22612 81436 89320 62526 37687 76519 30714 55886 6201 70036 53508 
72972 10007 14121 37332 94212 7931 59410 44 47610 87922 50615 33543 7043 92313 9726 97081 52988 72335 60361 11996 
89650 55115 17149 72803 31412 41468 1819 95035 64010 40197 45404 73732 48620 5635 13394 61349 92885 37003 43404 16969 
7344 21703 86345 71556 71149 58719 84359 29667 17425 13308 38593 79772 4671 17908 82614 85784 88906 93647 99884 4090 
75391 42761 92057 28481 26223 78868 24217 80753 12590 9194 78782 51007 66090 48779 46675 26426 31770 56514 55011 22676 
64124 95879 26924 12128 13002 20470 54205 7022 26306 25535 50535 13994 85437 38771 21809 40659 18990 36744 28911 96833 
13395 35118 84862 86487 19558 31228 57202 14875 17293 97376 91423 47516 36579 85390 41252 57343 85234 99222 51505 67322 
88838 61076 91588 16115 95473 22468 45630 8253 47173 60098 24324 50170 38169 81092 78468 2916 54829 16388 50406 31444 
15636 68090 50108 77681 28763 1343 85747 7518 27266 56319 86406 89467 82617 43449 3099 56768 14290 60260 3401 41928 
3961 41537 3490 19626 98207 71865 85974 806 74938 93641 20872 51076 53090 49985 22032 99040 73405 59982 98258 4676 
42777 2144 23683 89654 99433