27294 68461 49308 90057 14512 86937 35146 18493 80264 34243 44849 89765 32840 34514 4498 96387 51093 32012 49251 15721 
7600 42500 30126 75267 65828 74639 50893 54425 12589 63318 73652 39805 74144 57269 39468 67392 88293 55168 86832 36681 
76140 4109 14783 34377 58811 45270 89833 45685 87318 24362 92640 41889 51994 73495 43420 85004 87816 69911 92651 49723 
70663 3191 13171 70412 33742 25897 75071 75745 68918 26123 77192 94675 23581 98172 47757 46820 10648 11600 40866 21752 
94102 25523 3836 62604 19208 84999 45885 39519 48001 97168 34179 39558 51781 32046 24832 77338 25313 31439 66323 46987 
5985 20109 70565 16531 41116 41323 48775 61484 8788 42579 73089 32646 96289 78113 1873 93982 88420 23572 48790 29222 
7350 82215 16086 92585 77332 92199 59348 14892 83984 42456 48152 27747 29796 13865 28367 30364 94359 30583 22882 90112 
24656 63171 63056 23902 66713 4939 18223 91216 22902 18227 1911 36028 77640 222 6318 45322 75892 8342 84586 54008 
68573 91647 15114 15743 70094 21197 45790 77063 586 72727 97437 34844 30055 34380 78029 97374 3912 1020 26596 84181 
84488 62346 5606 9255 19072 21156 63303 76169 67560 37004 42180 19101 77215 30649 54530 82858 36836 26564 12468 76796 
870 96155 21056 22278 95293 47163 11048 24750 45375 63711 55239 78781 26894 38461 93282 35290 30558 54549 25201 44242 
68192 74005 58631 33857 66654 18042 92426 67315 69728 64897 46907 68294 79531 24606 51614 37901 75358 66864 68638 67726 
36537 99831 83209 28174 72065 65661 69674 75132 6773 75585 18548 53684 90294 7978 31500 47454 79367 17726 15980 3899 
1095 89592 63134 57225 75483 76421 93940 8487 53072 2726 31317 49805 97 70895 21752 72352 3216 52022 19527 36145 
12223 63996 9098 44977 88168 48000 67461 85815 74373 57464 17032 82838 87524 97585 86768 88652 16574 33893 42662 79648 
35091 27920 50661 48228 9786 88393 93156 7155 56972 96636 23384 98224 81651 81228 80306 98237 61882 72918 76343 56330 
28025 59975 65998 46727 79180 83055 43748 90759 7980 81231 9979 8747 7488 86829 8305 15803 15750 22816 78590 48610 
64813 56223 65506 74149 56157 54771 67497 3952 70284 73917 98320 77608 89807 9847 66426 7867 57900 72553 82394 77881 
67926 47824 45086 26008 76787 88053 11491 68946 71776 89700 3877 26691 44930 88295 2831 59576 89134 9016 60112 53971 
73263 13146 16657 14010 67674 92994 91263 11894 88618 99618 46378 76095 68791 41841 65485 97501 35366 38596 61436 8226 
92399 71141 5122 36589 59471 96731 85624 71144 90510 78935 5724 78182 50457 59485 38827 59555 8829 58452 75400 97476 
26072 74307 89296 97249 87709 56546 79957 34593 25797 50299 36485 16000 60550 41298 45734 19399 54794 64780 39156 22894 
81267 21575 84738 77104 97903 26893 49699 75296 85706 52729 62992 4912 23994 30038 56244 8607 11230 39975 20805 13539 
16059 47004 45502 62194 38125 78667 64622 97698 18431 17423 88829 63858 5377 21267 73385 70600 22860 19468 87011 3038 
96500 27794 75825 51239 48264 3172 82630 2231 38634 23859 59507 6306 49356 84407 20377 25006 91866 4072 21870 97079 
59489 68556 27619 67437 81590 81768 26094 20760 32679 11695 35006 19047 78751 70313 85153 21618 92547 14251 68264 57353 
25806 5040 77707 10683 26540 8473 67900 19761 73488 56748 64717 66045 40973 37970 43061 33251 61326 85153 37905 73529 
8352 48881 91661 39737 7902 55828 53283 24633 97902 30677 46942 18589 3426 23951 72936 75530 6180 86104 74241 29194 
23370 85259 20574 22300 8594 26192 31 54268 50776 2442 58853 31439 9945 98864 54056 53888 33251 72885 56896 12560 
74864 33650 44786 2371 35725 3853 22286 90095 83336 39137 55311 93204 93266 25210 78180 97384 49764 21301 4804 15508 
39105 6182 77534 72059 66712 7830 4321 44661 28452 58619 53149 57283 32121 28730 4506 94843 64405 5839 75578 92819 
61610 88442 57124 73070 70855 16143 49706 80760 49067 41862 51870 52407 17814 86069 59257 37982 20811 31750 21974 75969 
60708 47339 89684 75104 40259 20212 90173 15816 95763 66327 60401 82037 55228 87862 4640 15578 66780 18693 83170 78346 
71316 44444 89843 62474 17084 42173 23798 56433 98772 88000 50736 6472 4084 84914 19609 31535 4710 93913 82242 85074 
21650 23361 41003 46169 81778 16941 89751 2485 19617 57467 55801 43516 54560 58998 32320 63129 30654 29916 69488 19560 
33944 17827 40453 54451 58032 23542 62984 86735 736 77253 26143 57312 56686 92802 64706 57972 63235 79602 29481 10746 
90290 91131 79888 19947 19809 48384 36511 94595 76398 44812 34289 80854 14083 93360 16527 28128 96553 9294 8489 4833 
39352 94266 98088 32497 14537 79404 46062 50460 28530 7671 52460 98526 96146 19082 449 73036 15061 47055 40302 50241 
91511 48086 3213 87906 47321 24566 16201 96005 73879 69163 85961 3902 8752 33122 35277 10507 19559 26915 54647 8194 
73088 72990 79962 12845 83187 15348 72775 46616 73424 88687 56227 32883 36431 18589 17507 82609 50657 72953 22776 30896 
33840 20444 43881 10250 97996 62495 72496 83353 97954 76109 78415 13283 84687 4353 59557 98661 32303 85575 13097 16524 
83817 32078 45600 84600 62949 69943 65389 35078 5524 89554 44950 61382 2699 52675 8608 12928 93573 20003 5262 9523 
93418 91404 88072 71530 88477 72606 95952 16096 33652 80812 83041 96423 37938 43401 90006 31642 26265 96572 74563 58489 
25023 59653 42791 45651 47852 83213 37701 36038 36500 801 94583 39380 32740 90192 52668 66336 7006 72311 58776 48240 
35494 67003 71558 29581 25019 38895 15976 92000 99059 31063 13238 22433 53001 9633 98819 74489 30856 96232 14525 49073 
25340 56080 90007 20073 69801 5541 83171 68408 77229 79824 20169 27973 88114 75613 34986 68161 67633 19116 92692 17168 
40378 70856 79452 55438 83056 34031 73555 12760 28949 31013 53065 43765 28436 40392 78187 78455 3866 40749 38122 173 
82528 37524 1500 17521 32635 66483 23721 76264 78336 52776 20690 4427 69146 2760 71926 48615 85054 82111 17051 32206 
23930 80618 27918 89396 58169 20212 49760 21344 87165 3334 5963 64259 68673 60516 95956 85311 65807 77478 50926 98752 
59975 14299 55773 75906 79012 10303 89675 99788 5468 42902 18796 17944 21692 85932 92760 89826 51816 42180 83457 323 
6744 84804 3377 91463 47840 82980 62444 19458 44444 64620 26115 97311 37684 57497 99572 52515 19995 14111 37496 18300 
45677 87156 35343 31074 41752 18353 34855 29865 14432 89536 67661 56034 71712 55084 34194 93231 10910 78294 60157 89868 
92805 91190 68604 33147 45429 45567 36179 24238 59299 22077 8902 83786 41032 45579 42831 7161 34807 6558 42394 77273 
81809 22593 93125 40501 45179 40542 77791 41872 79128 80981 76175 9129 63108 18180 45394 27813 22500 38950 24582 10058 
44126 88222 74936 41276 31367 60091 21147 59512 70282 27551 34833 71485 45460 7396 7467 56790 46375 67978 51553 55290 
1880 93295 23298 93345 9843 21984 91541 81517 75413 28637 23662 54690 24545 65246 39549 63742 5327 14814 98200 69644 
92359 52664 41267 19282 59861 87981 27359 36228 10950 89596 51507 12060 42521 82757 1360 8263 44188 48652 65813 34355 
25425 78646 86495 66248 97489 95345 76545 59236 73955 31843 98866 6886 29891 84802 68772 1530 22573 65519 12488 38205 
67519 76565 18318 33196 61622 26515 93551 64040 23951 6239 64497 82416 18839 73511 11549 61153 62097 78627 65659 88510 
7227 11529 83631 59524 63942 50634 18777 73380 90545 53676 24163 20138 39802 55723 68000 67305 50442 70996 64035 60098 
15367 85484 59628 77247 39011 15369 87546 28234 98809 82404 91090 48980 86379 56664 13631 97688 506 19251 52975 64674 
28864 78677 18754 19136 219 50086 34488 93731 10518 89682 63640 40777 12149 91607 3606 28881 81157 47813 84340 27038 
57190 1127 98735 55679 67868 43797 67560 69518 22592 64891 47685 73814 6547 20360 25754 55140 84290 51643 55200 4754 
96963 29230 77271 36304 64225 50520 25658 40925 23625 7589 86157 99 67506 32848 40218 18126 14428 56709 63246 56035 
12284 45270 73421 10526 67835 8819 74168 94467 23886 24904 28026 65330 59168 18496 76775 79339 52861 71829 78576 512 
56334 89589 57376 84205 63641 81980 78239 33315 89079 86146 1522 97115 3452 70066 60300 7742 45298 13341 52218 72646 
25203 26642 24772 5795 80452 38941 29020 95970 99814 67534 28605 89450 13933 74900 18063 13893 27156 2921 76087 4184 
13601 21281 6519 11376 26189 1093 2122 58028 13232 22133 31457 64175 3410 94225 392 40826 66409 9249 9424 15751 
22874 89702 22594 71965 3943 26072 19872 94371 42694 94345 13287 47244 79106 4833 99103 51965 95378 15677 8483 5650 
82876 3488 5502 76365 75495 17530 72150 18739 32196 80028 70698 50566 98479 15579 6519 79296 80070 4999 99082 42309 
39293 61294 69303 50043 69765 69024 1954 42772 55758 63884 98156 38851 86594 57736 36232 49661 23261 22922 70219 50959 
25059 69669 17027 3367 86800 86891 23893 73501 18746 20184 30016 12165 26978 76635 763 20394 3422 35205 31725 64022 
92869 67223 86583 86446 30851 26289 87634 22491 11926 81251 31254 31404 34912 83343 46971 91851 23473 20922 79035 94627 
5643 12729 52978 98631 48819 83375 8501 20656 20575 53899 95864 15685 16582 30327 41622 41581 11204 88861 40162 51286 
54509 3561 25581 87333 13204 24450 61337 82883 87285 13629 15432 71008 76698 31256 53875 13727 87829 63719 98099 55953 
90238 38054 38688 8532 80934 88460 46858 89836 98672 96041 22317 81540 96606 36489 81266 57936 31151 13560 80223 74442 
85782 3645 34621 4659 53032 80763 94014 53532 197 32904 19380 74401 18095 20638 29966 19524 92646 38430 92731 24029 
72047 87430 93164 11882 82177 29266 12238 66572 59722 61978 25039 53123 14257 87886 32759 81989 22135 54782 15927 26051 
32940 61948 10291 7800 39358 32404 78390 47884 55936 54024 29158 3813 62028 58615 69029 49622 77544 65194 32427 69433 
48557 28448 93598 50452 59603 38494 72511 81328 34657 60591 99382 93078 51784 38655 46667 73024 70434 28335 49728 24649 
41243 79210 67710 64150 52149 65016 38964 29724 14223 5178 76557 86985 15781 68325 81059 45190 77535 20064 26530 97529 
9654 79023 55579 86674 42604 22318 31609 92137 56163 96445 58576 36373 79369 73667 83094 79429 42843 71943 24392 27885 
3452 63539 77387 11850 1523 28036 13072 45329 87738 94743 31911 85118 22836 44298 85017 90951 71795 82766 4237 32776 
73272 15243 91734 75354 90398 63053 66803 65620 34478 44152 76205 50513 42592 90239 76578 10321 27110 18546 40872 86506 
44981 92380 62320 7639 84563 42362 60083 6721 47141 46577 63694 29439 56341 69226 29528 55312 91960 8995 15310 24574 
8732 41174 67359 78362 44522 82781 56779 78585 85367 85416 35070 37061 39032 3781 27187 54263 3453 72293 84766 73194 
10681 81569 50349 78934 31289 88671 60945 77955 50521 320 32575 39838 82867 6043 85092 89697 45450 53211 29071 87352 
47453 68723 41418 95178 46195 90309 75102 27355 66706 45341 89975 96894 69879 94087 1826 25008 6604 69199 96701 13671 
49846 20548 18409 1146 21901 68075 42980 10143 62652 13927 55131 24251 98204 31 73093 76572 96154 54415 72949 70358 
3418 73992 57285 59353 39058 69794 68842 92800 9907 45212 38291 24861 42922 47488 71165 18247 74988 17297 81761 93375 
3676 94246 13863 84191 17569 74 62331 37305 3933 75220 40576 90986 88966 14759 67422 61602 86975 2924 94989 15052 
33560 40478 20644 49484 94105 26487 62788 1231 94037 41623 25195 90663 25486 10984 11015 6173 63599 48707 67295 95410 
68470 42842 99014 40813 86293 20120 71952 44820 2470 50316 26766 81216 12146 45646 62051 27232 42547 56659 3856 41069 
52192 22208 13839 89087 96359 21119 27626 11999 36745 58185 6105 76775 82371 46910 22917 60610 12177 98100 70574 96477 
50179 92624 14519 91792 84635 2468 71605 50713 42366 42929 43158 48389 68910 94148 69509 87306 45559 4099 54911 64467 
48319 32192 75680 22012 86561 99041 82231 22512 2582 29692 33370 86550 79535 6828 21885 57276 99287 50167 42188 45781 
13234 79758 95069 87239 97056 24926 59379 66939 13153 50584 32778 24843 45919 39066 84247 66271 36116 22979 63709 107 
19062 7409 66479 48804 15568 5488 96572 69769 30206 65038 87489 25565 54219 11557 39307 94056 5738 60829 44701 12389 
1075 43024 1740 83754 78231 81624 3889 58307 59670 54356 54710 21880 76005 18189 74024 92139 51706 62941 87478 16564 
36635 13498 75430 76260 5884 35647 35011 32049 49513 88474 77850 88440 16085 66998 80184 53516 68099 21644 4170 49889 
78705 94624 22943 90394 35877 96121 98690 83952 10872 62157 39238 52912 69103 84890 83895 65311 89117 8863 7183 25574 
44183 66930 5721 6729 19615 79178 57651 93455 49321 25289 537 106 74341 12448 42382 11795 60526 35624 61167 60973 
32945 12465 68320 32868 45277 26862 12423 78746 76109 7578 36592 83829 18107 48001 2334 33922 9950 16930 24351 85789 
49540 49699 86446 50016 49217 74925 39489 23665 57439 58360 13447 90370 57473 74444 40887 7572 10506 22685 5341 48302 
67660 18325 95088 28894 32276 18389 91697 15704 27389 2366 67986 95810 88163 12700 55904 60886 47738 99281 28658 14052 
33367 56675 93610 42227 8397 96118 7878 46387 54577 30705 55209 29428 37834 17054 73505 48320 51552 78724 48566 42473 
35206 36713 17665 69153 79944 30650 82778 38867 11853 61380 565 60597 13342 36861 16193 77099 44467 80679 4025 11991 
61851 19638 17692 44742 47112 81604 65846 30301 33369 57953 5569 17386 28821 29583 68629 48568 18369 25920 79659 82828 
43896 361 75389 9535 20959 52444 28833 82747 92534 89850 93208 60952 33716 76884 44592 29671 36381 90190 59528 20797 
5420 40256 49080 17398 18153 53781 67534 57366 64719 13366 62165 42960 42780 1803 84600 80017 10588 29013 4498 47692 
6100 65296 2104 95635 79636 61373 90466 65272 13765 66590 95395 14551 74287 62518 7976 67525 62537 34997 89411 24088 
27793 21240 68480 67334 33777 93126 93264 51764 60853 36032 48681 64829 28489 36986 59744 90283 77891 45519 37402 67159 
35774 484 93355 5876 71751 13467 68990 59409 46216 56177 13014 98202 76268 28906 59970 59225 9479 39247 75269 7624 
6542 1508 55662 53152 89092 907 17089 46702 99279 72131 69046 34653 78677 36214 50388 22031 45531 79040 25362 83107 
36385 7653 87847 85289 90419 60734 25727 19777 4780 66575 91237 8158 7458 14074 41908 49979 23369 43293 32083 61948 
43976 40878 87123 42562 58117 52797 4188 67674 87690 38077 60356 27526 87043 27594 13049 46296 84295 12894 57332 52743 
39990 8985 32831 45459 44824 27484 66374 72593 88109 85502 99521 33862 43976 9713 77211 57958 74161 71924 80040 24944 
56172 66441 39726 94082 63208 50387 32320 2798 29437 9362 87100 32830 51887 33434 80632 80323 14182 90357 38791 72121 
29986 26726 95073 43404 67813 50188 17019 48287 53293 46337 54625 5060 47491 56243 68614 79004 32695 21004 40695 57635 
24699 53005 12637 17415 44212 1048 55349 31690 72828 67467 44446 97266 82008 66910 37172 66578 99120 4251 96080 76651 
94094 62713 13951 66421 13842 89570 14349 58005 29553 92952 56046 72860 5434 21963 95752 89263 45216 18709 93482 14220 
70241 72796 410 98966 78035 19236 54804 79657 33567 46253 42730 1892 7260 14064 55158 70725 66590 56902 20639 99147 
98532 13924 29409 46972 85316 4594 34189 91311 3362 77424 91969 76832 46532 67174 20002 93610 59963 35434 8369 50542 
49635 22071 8599 28035 72795 59683 95914 19095 62009 89579 76799 5029 86885 73324 95683 27735 61860 60576 59033 65492 
87468 16404 90758 13723 13893 45956 46527 7612 22127 61086 2972 9937 95151 90837 38649 45044 67182 54601 60318 39689 
347 36966 37917 96668 63269 75303 47057 48613 19373 69273 4934 24074 73680 27849 35236 3318 65623 91280 54813 29237 
91397 17234 81740 30393 74616 22057 85230 8073 18597 44859 1946 79656 4539 84626 2696 48418 75 57578 730 49489 
44301 88171 68170 87198 63873 33519 76583 44044 49033 84780 38120 14828 79715 33737 60259 1248 52312 17059 94218 56723 
69940 2721 52098 97287 77031 90228 90908 91551 34162 51870 86763 58838 62329 3796 24053 36844 66524 42450 3288 15411 
60697 27953 8919 80548 96677 73692 65400 22324 29226 64096 48650 86272 34680 43794 67362 34156 84933 98295 16341 20178 
47968 25313 68019 97999 39215 52272 34790 90924 44209 15676 24069 89852 67770 82533 25485 45914 85858 71782 6989 82643 
27497 15170 22262 21089 33568 5820 15868 14419 85477 23988 8084 14535 82947 66117 58528 87338 27712 56687 14076 69442 
85777 87748 14558 18555 70340 80677 94536 65453 83352 25880 73004 41800 19119 72174 77048 50889 72855 25468 98070 59308 
93271 2255 67726 39633 86863 71924 30880 55819 89078 98910 44301 37736 36869 22206 20614 41098 71154 95620 86207 96067 
61 2565 22392 36811 75642 8211 8542 9601 43810 12015 95330 28793 87853 92533 85741 39548 66447 71555 38127 44199 
28086 81248 4423 84847 63382 96909 11925 20376 62026 52559 49413 68599 37066 9369 79680 91601 26908 60426 86439 3605 
74624 56853 42198 67573 63057 89249 15556 55782 60430 761 62553 87288 59580 25155 96539 27643 48924 71995 51790 3951 
9361 53928 4337 43813 78655 40507 21993 38496 65149 6698 40314 17798 65775 77706 86035 26916 27533 20493 14630 65581 
93603 33088 14155 49389 53292 30230 83098 23132 90002 52490 19810 94603 64632 31416 46172 32134 88879 43258 70462 55840 
17662 65153 5477 11466 53437 23026 32494 66497 74043 9005 35362 95658 42981 80846 58617 27951 37176 24163 14583 95653 
46938 22691 12936 33807 49599 61073 1638 54328 64018 68688 49699 90642 80949 53196 86961 78502 7659 75888 32292 18594 
86433 16110 23471 28898 90651 48576 92367 72561 73794 48637 24781 85726 32950 7776 37240 99666 31291 56475 96760 22891 
75096 53892 13836 10838 34298 91085 61902 21776 18145 64131 13377 21416 91025 85800 6634 51259 42637 45762 98445 61278 
89547 6612 32591 97714 45497 23302 13268 63825 82591 11483 74802 64389 1525 15550 38022 69548 39177 32438 46161 67514 
41760 96975 78741 25666 45703 25680 85373 16004 72274 62900 25106 51887 47405 75120 60139 47382 22285 612 12550 62847 
43436 72372 68517 54238 60021 37158 79088 9794 58510 47527 88440 55993 61993 86138 52245 45875 59922 9798 30289 58987 
40473 58114 69581 28305 21178 39011 33074 83940 39557 51443 80735 17717 83738 46076 68640 52000 57250 43234 66462 16451 
32185 98293 93440 85729 61450 50376 49642 36285 90244 80512 30247 58244 16136 7138 71085 75826 18502 17176 35001 20225 
37651 19303 81014 16483 15596 75634 57548 11302 2528 88940 67893 393 26377 14841 5117 31362 17163 55846 62406 71068 
80277 23532 9071 93318 97821 88198 60291 97609 51446 34058 79304 4775 48402 32228 35034 34166 53312 76088 44401 65912 
30782 28406 28475 2905 49959 39315 10723 44616 95457 45096 28926 51696 62660 55507 82327 75857 62508 68066 31551 84344 
93666 94508 62062 48122 25462 96230 84110 88851 92712 51068 11533 66091 23380 85018 46658 5350 6903 36030 91466 61553 
23548 69700 5033 43002 43286 57810 31315 77331 64317 23026 17636 16908 12142 82200 83680 80093 65600 71403 99216 35040 
19566 7658 86660 15461 4014 84289 96594 13004 42736 50282 66980 44203 95924 76316 21884 47258 9726 85032 3661 65841 
46841 23196 78981 43939 20673 96605 11150 50494 30310 56142 49113 71461 88626 24988 31568 82490 89403 18272 25294 55018 
48711 89954 89057 95895 54821 25952 32316 9549 97563 60139 9391 56156 43255 51742 6319 92388 97083 37 9043 58170 
23181 78356 90301 18726 34358 34578 75750 52918 33742 21270 20481 55940 472 53174 2208 89642 59425 10123 55429 47697 
18740 3881 51852 39259 92662 14415 24337 4304 70879 81536 2874 99093 91925 78692 15095 41029 87523 81381 17810 51600 
87550 12276 7161 77279 78796 89653 4793 2412 91333 2830 33978 62166 7388 88693 32387 27726 41593 67896 97853 68774 
39420 3845 43788 18493 72679 81645 37625 83778 47792 93958 87922 72673 9805 75680 23140 3665 84369 24147 39161 35496 
83946 74221 68262 83997 95067 67285 89855 91501 99577 3240 63360 55739 38431 15933 32598 6373 34632 77803 70561 33512 
51341 97525 61962 90006 26679 97838 23273 61238 53355 35350 68874 13797 77269 23971 22383 91863 49555 33987 97810 60792 
4208 85958 25271 66704 5814 89057 20779 86176 42571 34404 18025 4643 70140 38752 87997 86846 38330 1476 16571 7575 
48296 86042 74080 98181 45326 65488 44835 75397 43064 63397 1756 32853 80728 37713 39703 79072 26774 29210 19519 6399 
44094 6165 45753 97163 3598 15592 75317 68364 83149 35951 40294 51247 14585 70822 82655 14573 13772 92007 99277 10707 
75749 6109 46660 67620 46307 74669 89913 56062 67008 61832 99202 52351 74752 33993 29613 35094 28877 64961 98434 4255 
30963 30116 31684 69870 39233 39475 95154 44813 98810 6985 60948 90409 61235 37426 9318 89839 57546 63094 46662 47642 
54610 46807 72598 49956 87853 6131 94855 59823 30068 47180 87978 92068 93239 25421 98867 68644 34768 40516 7699 82942 
9352 22918 96319 65839 18748 25308 85782 66580 5285 55956 71558 48784 85254 36155 28051 60131 40022 71976 20229 17647 
61692 88279 71765 88417 35289 6809 13736 77842 76736 86445 4340 34128 48748 86613 97495 73377 92061 48696 91883 4709 
14807 46797 94433 94826 439 26803 48987 81323 87943 31811 70684 26553 42380 2959 18858 23097 56787 92120 79656 99029 
28506 66150 20379 33374 66273 48542 48568 92056 72410 78132 70119 10278 17698 55887 17609 54586 91630 20827 83414 66949 
29989 36159 81430 53303 66776 15862 79884 5428 14713 67986 45500 6324 33159 68157 53437 25547 19059 34326 95411 63547 
61724 1511 60958 67867 2128 68872 21186 84934 74833 62075 86263 75349 7734 79755 86681 2354 74576 25679 8601 78286 
36359 81614 21458 82922 79199 10574 18533 76069 86396 71134 28282 5611 39819 14764 42668 44015 88734 34668 84318 4851 
42385 98961 87387 10293 27998 64698 32373 17700 40406 91893 4083 37402 61273 84299 62927 10031 57691 71023 86116 40316 
91852 54054 35718 87925 9721 82002 97736 61921 57937 78021 53601 11823 85186 58861 43248 94001 44771 82572 98341 96538 
77794 64381 69357 47049 89356 76892 45290 96306 44539 71966 7152 55421 29088 94350 49478 1367 9151 22768 34342 217 
51574 57826 81389 63800 40818 59540 41236 41585 96900 68358 93595 26728 7014 49121 93264 74914 68776 82657 95918 92301 
12008 6443 91603 74699 8964 80705 25565 62734 86634 33550 72242 36068 66396 2297 22058 90014 39077 59142 63326 70619 
10868 19394 34109 14356 20948 27625 48792 7254 76537 97736 14449 10187 76251 16610 25261 89252 45546 60206 97607 53333 
32911 68984 24146 39292 43609 68154 71263 21284 97747 81042 61923 85166 54109 15703 80237 43330 90465 88133 74186 48044 
14531 69006 39421 66345 25394 99194 53456 92203 66024 32292 98487 17368 39167 379 49763 46021 77254 22738 79218 8734 
64461 25947 8529 70589 18209 64927 45740 41163 19120 37485 10954 22732 73903 25191 65351 77883 70148 4186 38338 89674 
19094 62454 86941 42901 59227 42190 94472 12968 69925 39289 80019 62003 35784 83216 32866 76304 90463 48622 17784 63335 
86082 8675 38151 39047 77052 94929 41384 57702 50620 22646 85633 94820 72036 35860 93704 64759 87711 34069 89785 45994 
29066 52969 70649 64993 33238 69857 67418 82344 41843 44481 70267 43391 14012 51686 33978 68498 50137 94190 12147 63493 
79137 2935 93677 82101 68421 38975 86115 52647 42169 88262 73666 60589 99736 16569 54700 48950 94375 66138 60690 91707 
41147 74253 52899 29004 25185 82180 60615 6651 73218 49340 51018 7434 36664 31721 71920 70682 61044 35041 63127 94240 
20727 92576 10459 46236 51436 43924 73626 26976 85584 92356 44598 71292 61209 27589 35796 43353 9080 62166 5946 94560 
85232 38247 32998 71144 70013 32551 95195 32855 18965 78408 82258 25656 17621 8264 95454 30497 36614 50395 67479 26323 
51675 68729 32727 29485 59990 11593 40680 70289 67341 27655 67640 16336 69237 56170 40445 67841 91337 91366 87004 82912 
58464 22723 54779 83870 38607 29134 42977 14375 81501 70195 71889 33419 87210 81250 13172 15383 91550 38470 68048 2628 
56730 72646 56295 33540 65525 24036 57089 7160 29723 48269 16843 26225 37239 81461 72835 41712 20334 89482 99555 80452 
94701 32956 4070 96236 60678 52379 91371 70749 70171 14521 83975 62947 95976 90952 97466 84849 207 59325 46228 50223 
71605 78422 64377 13151 72523 41866 15675 78302 54809 8896 27125 99249 72909 41484 39002 77223 33479 95977 21863 14477 
32176 42907 65062 3588 73224 28282 58410 33395 9077 89344 79371 89087 15424 28319 19371 82712 95476 74285 39125 32058 
39574 21122 22187 5759 13504 73546 74634 77057 91311 63591 22664 41964 20907 87312 16507 25240 90416 76085 14142 3745 
74335 51454 8623 27333 66434 41191 99797 68021 80809 561 44158 78277 46445 66741 96742 25506 56875 68741 71163 98088 
62100 96718 29855 94818 15484 65455 10480 88223 83931 75628 89516 6984 80926 11345 19103 1120 18788 99967 70469 94137 
26165 63039 42196 11020 67269 42951 89949 84253 65197 4204 57620 62515 8516 37821 99574 45464 82724 76568 35456 69300 
17371 79937 48877 14994 85752 92608 46812 36581 80379 32389 63764 2423 66283 14804 96901 76535 24333 6300 19842 26796 
55284 44525 61206 21563 28764 96010 82834 76447 61965 20876 90201 84236 18009 9887 29137 98497 84756 99996 65687 99004 
20189 60669 79146 24288 28666 67483 27469 86639 49527 94693 3583 73337 89631 13081 79593 21997 96745 68869 52962 1584 
83927 42179 64360 93706 44929 19451 93453 3426 38960 91830 2276 51390 9681 88931 33453 73185 70127 5942 74947 43184 
39025 51040 15162 31012 61962 67186 13807 9725 86145 8077 27603 30504 73784 73309 88056 37126 36051 41625 25725 50624 
36208 32603 54809 69589 73231 83895 49568 10322 43956 79672 54391 96422 76735 68798 76423 96922 92285 92025 41462 17694 
44768 30320 32469 23741 50437 93815 43737 38975 40777 46115 99618 27776 65776 8205 45114 53319 8253 93354 14541 90833 
23623 12366 10492 63127 81942 60886 9886 38049 24699 1012 77532 4357 66270 69360 32699 18162 20876 63575 71382 29544 
18025 75103 12735 26418 85636 94397 83187 80293 52194 95712 33049 7975 30152 90810 29473 368 3993 66580 87068 38338 
37326 38860 15912 73815 74307 38198 8580 5134 73349 6448 49432 86881 68587 4240 79242 71177 32163 90502 13297 58849 
43559 25137 15096 79978 80795 18042 46185 6430 87267 3525 76415 49616 6299 93669 39821 35670 66266 67619 47569 41190 
52140 10299 17783 20115 46352 43901 30683 96691 33362 92887 77980 45404 29816 76483 48183 37533 3570 34952 42704 61288 
85780 33375 11093 44883 65778 11728 66902 35684 82888 68281 53716 35780 42027 60977 89975 98337 28198 3489 7843 27634 
99748 82342 60938 87384 69335 26250 11969 13484 32664 95290 79953 21192 23739 88640 45525 2421 24645 94391 76647 96573 
23988 20513 65135 60667 12611 43961 31787 45188 14069 96000 1262 92950 48314 16033 7401 30970 69316 17232 93496 84480 
10114 44325 58636 28472 51817 70114 4812 89645 17049 264 80783 21350 65729 98528 86262 9430 94057 42143 42525 30319 
34391 43463 44952 32304 88080 6408 90800 54333 63862 10511 93598 52632 95334 88748 99734 59342 54590 83775 12048 42559 
7013 51203 67715 93341 48332 60148 76854 67763 26187 52576 2694 99609 63341 71347 80497 36757 14362 80311 92087 52189 
95427 90256 33879 90030 48729 72817 94747 65192 24130 86089 81551 44962 29503 97548 38628 87424 3167 95317 96221 96040 
65948 85891 8286 4843 88155 30788 93075 6008 53761 712 74094 83677 20302 46751 68351 63680 93163 16196 83744 14069 
11723 17485 16950 76296 9917 60200 52864 77941 88120 4898 15056 33545 3444 33357 52323 45214 24711 20646 12633 88540 
66567 93001 46789 22867 93160 74399 68674 45038 71260 36299 19268 49978 97041 6400 13018 99682 68724 67159 43221 60464 
62320 49128 58158 55425 74169 94892 28230 32618 86551 61751 456 78778 48578 96051 49298 21278 40397 61428 65377 51285 
91406 32309 17597 1066 84134 12810 21916 64678 31469 45159 27047 29781 17850 12875 1269 10841 68934 20788 50901 22691 
171 24877 27859 8026 68602 6993 74144 59550 72104 32405 38327 98140 74826 40244 36295 83897 50098 4499 50145 28494 
34820 57077 98123 85215 53429 5345 50114 78649 99557 68303 31766 64422 62893 43516 51127 41105 78404 48149 73030 13736 
58499 17664 11867 43986 34826 36210 87832 16172 12303 72815 9040 54101 136 75734 79124 5643 26805 11800 84424 15133 
27042 93719 31116 18113 57858 82991 40767 45021 7043 41135 99621 72929 34098 91635 99212 45532 11027 13310 76864 25532 
21334 54202 93370 37663 57001 22170 90095 24899 13914 6684 11111 94936 83340 10545 23995 81055 52045 70018 9615 85093 
68082 5765 63434 17577 77234 21991 89334 45224 49247 41964 54466 20738 83361 7321 37805 39825 91228 89018 42275 79481 
22399 80941 68962 57508 79935 34524 10746 41104 84027 51656 3500 20055 86409 25671 20725 16544 30789 90319 34412 56719 
44621 17349 90802 78039 62146 93325 93257 30230 21093 60930 47945 2716 95804 3770 53334 81969 83074 54323 680 27108 
50820 52529 69043 24624 27060 884 9103 57892 84791 10119 4129 52528 97778 65920 40396 19498 18734 49541 51506 16770 
73701 52309 77360 58646 26036 1202 46303 94461 64944 5117 2578 35938 84490 12733 59655 84075 16698 18464 24344 22757 
75876 40674 24418 19732 18161 74254 79768 17385 57732 55468 16656 45014 97819 1646 58656 19744 67395 79962 75064 28241 
24102 13968 28756 83312 76535 24031 64758 81075 31879 23556 65289 6433 86449 36083 88300 50485 78229 17417 8081 14848 
24750 89545 76191 22809 19906 4891 40942 57396 83193 5984 67519 29765 27941 88498 65519 79926 54202 81935 17643 16700 
53005 19357 4855 6885 71576 79287 75515 571 68718 82700 84966 61802 72621 67362 40582 39411 71825 72840 19484 92311 
7424 41708 93082 39226 48749 1723 57178 17904 69370 867 64374 72397 98555 91869 83041 98303 63830 99963 14665 23192 
48256 92868 93507 77969 62676 84150 47301 96300 21306 579 13210 6376 76877 86701 81538 33188 64860 44541 96902 85161 
74567 45209 35681 68304 38485 66167 99086 72085 76306 50441 83735 92551 23611 38261 64757 68940 15675 36078 22498 72966 
3663 47488 58220 63154 51297 77070 48860 41678 88000 12174 90689 14421 98096 58639 77280 16438 9629 47016 25629 38520 
75336 19417 39627 67444 75596 70592 65258 58542 68231 97139 39695 50469 67136 42760 48396 30250 6635 63855 63251 11268 
80069 58293 65993 44081 11498 74145 74933 27188 64193 93616 11157 68926 24408 1072 96957 6829 48209 5582 97369 22916 
5840 26153 90067 34743 54691 52795 94635 56402 2860 25862 20750 20891 39167 83090 80446 43283 90912 84506 24458 26765 
79810 27386 63998 38933 59964 64155 24991 98439 10388 87296 86965 13927 1412 2400 11902 37685 15552 9327 31171 90888 
60057 34518 20636 5817 32019 64673 10427 35350 8596 55612 80376 65787 29655 98235 78536 33971 14047 54746 93843 41977 
59275 96537 5678 38220 41271 67027 80354 20151 88392 99423 64873 95474 25199 80125 1698 45227 84755 73121 42360 58491 
10087 11126 16911 60551 62806 35161 51225 7182 68837 45067 63162 94065 28677 1813 10072 36473 10569 55239 56362 17097 
41211 18817 85111 58252 33723 50140 53948 47089 9232 65677 89930 38326 16301 38253 51546 3714 95967 4041 79264 2168 
58029 91615 30943 67765 17327 35663 39709 91328 23132 61247 47180 75922 66803 84523 89639 26966 21328 14926 53383 20970 
36418 78079 92286 11176 3013 51 7873 56350 50664 14535 73408 49900 24448 17612 78754 31681 8849 40501 29541 308 
26800 15729 74765 87825 50982 86426 98004 33366 22329 8594 69577 34673 9641 72691 13837 21338 64846 6693 78837 85059 
28758 69394 77795 16964 51472 26521 87942 87986 60210 80277 94674 66554 4504 60824 69242 59330 20748 49445 5322 58784 
66937 65998 39370 23598 60570 28846 57619 4339 32280 31092 51008 77858 22558 702 17390 81907 72413 77694 36174 39149 
8844 92073 32058 35831 59106 61986 70247 87686 38261 83400 85750 52908 86812 905 70333 94794 34186 6086 74610 60280 
75801 45640 96642 96862 20202 10709 38965 35948 80678 44392 45837 93167 23924 81779 64993 7890 20920 93039 26374 76433 
26049 29940 87628 36841 86953 18590 75121 83729 42567 916 5749 24005 33474 54628 35024 31470 88695 53509 79691 98319 
44840 96124 72320 49224 60198 70588 96299 29317 55096 82430 18601 57465 27167 99803 62234 16294 85418 45248 86909 5764 
59417 19924 46869 74070 3945 20824 26390 15321 87421 2589 80567 45095 70577 49865 79375 30124 96417 99027 77337 33771 
59496 81369 90063 23679 56147 17999 89434 54718 19378 16190 16580 11645 78608 92087 48920 76357 25030 1196 59476 78953 
45840 37528 14006 39175 32300 45594 83945 46452 14160 68342 34399 79808 67663 9271 53733 84215 60550 72814 96489 59192 
83794 53889 39689 24207 75652 54376 25036 58236 42070 25499 9469 93194 12092 19137 4927 73764 38171 31159 36744 10111 
20809 90729 64861 44344 17937 91513 41666 30281 75923 32283 71163 61452 71632 18289 65619 27810 60140 65698 30720 74321 
86245 75751 51769 61741 25350 89415 95581 30465 91771 79706 56226 63518 29007 12117 98961 43281 84603 90571 32136 58787 
13096 80582 171 38649 33230 36102 60863 41590 28499 31950 53465 78420 31760 65514 32657 12728 10386 54303 9526 13068 
46718 67747 27874 47287 77658 84253 20468 5152 31719 67311 7487 57867 90190 59730 31904 50970 28950 2364 65362 18481 
72504 83760 86382 54487 36050 98342 36226 6870 20231 50801 2403 31144 84899 64062 67740 59232 60721 33673 79950 82802 
99418 6098 87255 88036 59126 1611 18425 10734 22705 82718 14274 17186 12446 40999 22120 86364 61460 88196 92128 66333 
52355 69943 98362 75440 1122 49657 62184 24905 21882 88238 88651 47659 2005 23950 70264 11762 3818 94904 95215 90103 
17471 52731 88021 35134 96940 92145 9057 86524 90807 69898 44351 71494 75117 55863 97187