14233 20833 35666 48155 19747 61912 5041 48382 22521 62829 273 4071 64844 62145 25126 7150 94650 46245 40240 76278 
47928 91407 57857 6421 95739 73495 66202 78354 74109 19404 87019 1642 16480 13413 58748 70997 55271 69531 3563 28373 
61594 14259 73380 47469 69309 95758 87730 95576 91390 93466 36520 419 46347 90524 60419 28399 22446 9327 28723 9079 
78540 60223 35329 63261 66155 67338 94604 17497 62684 99940 90400 80290 66752 67991 27409 37702 22986 33903 29060 40275 
15466 35768 62898 75493 23633 87274 23951 50728 91198 55963 36321 11960 82890 38588 36678 94196 53699 1245 51597 7579 
15899 91946 10528 27725 12553 34383 1223 44165 76840 19327 50357 54321 96552 15509 87107 82818 18310 336 83155 26425 
14164 67012 95771 63970 17255 93808 61279 73000 31542 13487 63309 48880 57061 91044 72071 76550 64552 72083 79894 43819 
23929 89592 25970 562 5025 79660 3274 4838 82136 85832 95040 93896 89374 4753 19771 75964 13931 77481 92990 69709 
2317 7074 62055 50691 59041 43224 57865 57752 87013 34246 24565 76800 29530 12260 23684 91194 40967 63926 88498 66739 
18961 37230 64226 54715 16234 67900 42760 78111 31783 3685 31055 52912 92704 61610 89101 70568 65596 62255 2487 66186 
50317 90387 93515 33770 85146 19591 85441 57943 33863 29825 10331 84523 34609 86482 71867 77643 81510 71384 6947 59552 
21383 10302 60852 27360 65698 61543 53949 27745 13306 4139 35839 31538 66111 79284 15066 90023 25783 89919 83047 80513 
40665 45375 75872 12835 36687 75223 91015 59958 98144 36237 52275 87767 40665 8219 76021 79272 94169 57937 22065 62711 
17694 12439 35248 47372 86922 86200 24753 84819 6344 15060 12550 63917 3254 7875 34367 64055 77607 29813 67785 90687 
1052 44983 49633 46954 11340 9063 29168 25214 75451 62208 27333 52704 65471 73382 63240 5432 68730 2474 29975 9646 
81704 90064 60993 9280 25986 96827 10550 162 93617 30805 78086 57665 57946 93620 13656 4809 55421 76035 71783 30854 
4608 336 69891 32947 70963 41831 16443 41944 62799 85077 90218 52579 43301 75499 90089 71366 53090 4145 51061 20218 
84434 13190 71894 94320 74939 9131 47909 60501 42917 1962 87501 46766 64395 58616 81750 27713 65625 36606 73647 73077 
81332 9399 59983 91995 62038 44269 62715 98689 66139 24094 52898 23233 31938 20650 98312 8119 55013 14898 42686 47985 
57467 61761 74148 41068 73874 41170 2145 33204 86953 98408 38897 80239 30203 59844 36404 32912 36365 79231 40244 33404 
5728 28771 4964 91006 56849 90580 50767 48736 51287 48143 43041 55752 62284 43418 21748 43889 15921 81191 80232 75067 
476 38829 26797 49314 91177 13638 56107 27912 6249 87929 71379 18131 61916 92428 49460 43728 986 47033 82148 20048 
35288 25285 7243 91033 97510 64257 61044 31718 50344 39593 76634 17696 48112 27629 37621 46253 95548 51587 10218 81104 
91033 46409 62700 54288 91482 28321 5067 80342 61001 70525 91364 56212 46562 97158 97645 9128 23967 3549 61890 45320 
41085 57391 68000 21236 78289 35867 25938 95301 22910 97264 32981 98850 39245 35800 81159 62143 14818 82649 99121 29500 
85511 13583 4197 44177 84254 38648 88934 692 14409 44751 37385 47528 44711 44188 36937 52979 64614 87735 75144 31399 
2238 96615 46340 7454 51016 54061 11313 70646 26163 57098 48077 85276 61523 20108 98629 32004 4354 55164 68353 57603 
91174 71914 46571 68526 37323 71686 29726 95137 81959 97826 98104 95676 65034 39492 2476 22827 90698 50052 33650 95494 
23896 75010 71328 50858 37324 90493 89225 97118 69798 10046 28970 29394 81756 16159 32433 20995 91892 3317 94200 69211 
8910 41438 70660 13354 789 81147 20142 60152 58603 54522 79388 9138 65049 24848 31582 93961 61597 72276 56013 2960 
22317 4010 81857 28287 15146 51111 39766 34933 69665 1933 90620 32371 49825 5099 66905 66063 37575 21752 70252 68568 
63829 22549 8960 74700 12919 74241 3344 12826 59013 37002 43281 86016 1918 42946 58718 57388 93036 16645 87051 11037 
32418 89707 69241 14779 56271 77957 89493 24819 14050 34580 66141 43691 20983 97232 56138 33986 62818 47846 97559 70898 
95092 58268 54162 47329 31171 90339 49522 11822 28746 91604 88623 26354 60543 45653 80436 42412 84187 93819 39546 85680 
63135 87419 89595 56891 58856 84855 41894 72897 20479 143 87379 58171 42321 73351 77333 74390 31021 48491 63179 67827 
1465 81343 44325 1547 5439 93191 29772 62989 61282 583 16806 79544 76235 66566 99824 95003 66478 2591 5218 498 
9907 79001 52274 59040 59892 97345 71657 51421 77076 62197 63655 58263 8198 67726 33380 79998 42531 76629 38686 6106 
1019 58584 62005 35921 27815 15792 75580 68106 37644 72909 68474 21569 20416 57212 12401 82049 72080 20871 45123 40475 
14368 59459 18276 95640 1030 9171 5731 33301 12500 76385 14900 73428 29468 15015 15983 20862 91406 67020 53712 30352 
90652 3983 17063 33694 34404 79157 65219 47430 3294 35952 32168 40063 45198 33374 43203 95040 95153 81404 47614 75986 
972 2265 36692 87425 69584 93792 10179 39710 69866 61618 38686 1459 89113 68120 75836 4338 18667 29349 31064 25685 
68720 94154 35713 60675 45460 69314 98909 58042 59582 65644 15022 82289 41635 60688 14302 43224 51850 61494 19939 27506 
65769 98632 81581 6476 19278 77062 78062 61607 45144 37846 82277 80041 24247 92883 94557 91308 97519 88923 47625 43060 
92126 80124 54890 52582 9111 89104 38233 72918 31050 87013 89633 55516 74317 62760 8314 24474 62797 93123 90701 64989 
29123 31882 83902 62549 85462 20927 42432 85508 65051 52898 9488 47982 41827 80774 21127 63154 35271 64352 26425 10367 
80688 9874 71900 84968 72896 41438 1259 95948 47715 75033 94421 76301 15994 26987 31399 65373 3317 67355 89811 73626 
51833 4925 67164 76623 77823 56531 48790 73486 15289 89094 52684 17166 31373 80538 46960 50400 79237 21675 70528 1310 
67956 59613 60348 10614 52867 13019 97342 85285 22350 40961 10851 56759 21618 50057 71784 20081 38297 58618 79647 35997 
61499 54782 17442 49533 22077 47196 47799 30654 68407 27292 2980 6360 72781 2511 78953 11738 70904 79681 66856 43337 
22534 15256 90921 78221 53259 22934 5625 8436 82362 83997 40650 1112 46986 7060 15880 48539 84480 22804 11487 46861 
12311 19831 73960 48849 97778 43892 23490 61596 60777 61295 1168 71675 3231 8339 27951 1036 48676 3934 13500 15167 
43775 68447 49457 54378 48282 95957 34887 82136 91486 79492 28140 83296 97154 80306 25876 11137 76694 44062 92544 84583 
50584 48032 19477 25940 2097 39624 21340 62967 70842 820 63915 18443 11942 9477 99812 43665 39975 22852 85215 72684 
98404 44931 13379 78271 68629 68092 85168 47444 97406 30566 84504 23657 76888 51599 95440 29615 7390 70143 1187 88872 
48081 26992 62858 28609 41698 36680 98328 16690 23636 18340 24652 3245 75255 50446 89314 46151 52465 44578 8286 24136 
38736 6968 64636 65321 4295 88694 96340 43948 26961 8836 80304 77980 48842 69608 53897 96887 76898 84961 18961 21671 
24755 65546 65069 71553 93909 8024 18593 7242 2697 76565 1276 63303 35320 5699 15385 20242 67735 94573 36867 80684 
4571 75462 89609 37633 57991 94735 79137 28106 2797 17834 68440 7422 7887 8254 24409 47080 6354 49947 6539 51406 
14418 4421 70993 12854 39408 80858 14482 52767 36311 27423 37748 32134 38972 67311 31064 29772 61394 1931 26505 63781 
36580 26621 61125 73108 38095 64065 70816 62323 64319 24276 5040 20413 61657 862 12074 79465 86360 93775 23250 30867 
97243 54161 12475 49684 4229 85166 40966 88232 80735 42821 78333 77463 49287 93200 40052 79616 95805 73660 824 96306 
5672 88175 62794 72730 40168 45785 12089 41955 65350 25043 27060 49314 4438 13540 34531 20515 32372 46962 8596 48784 
57045 37785 54512 32196 9802 28657 31747 37540 75775 41611 9690 54468 22621 46221 1663 18336 8389 16077 68086 62743 
47669 57587 72505 32851 93232 1141 5760 41470 72939 49831 53924 49988 33169 81008 35227 36767 11550 48533 87662 40696 
42114 26792 22756 40791 40157 73067 23279 25112 71136 4959 45657 17550 68935 45751 70198 4346 73229 2092 67409 50684 
52674 33329 76759 98101 20155 21889 40418 85781 23857 15712 43288 92335 62169 86500 27190 74981 43686 70233 71335 79173 
37120 94131 25066 98832 79764 17600 69952 43797 73840 23934 90568 48103 63427 26251 8426 86692 78673 94383 99699 41597 
72107 65988 15201 39061 39512 56687 43043 66691 68232 66802 10646 57197 5728 63698 65543 48335 79928 90204 88097 47541 
19236 15047 31031 8994 23247 59428 29251 72070 33050 60526 5964 70515 7347 39102 56224 81366 34072 12887 81194 21314 
31586 19038 83640 14889 3269 35791 29679 3815 2265 93786 93701 94405 7286 29306 90513 35024 14372 10794 96818 89939 
11203 39711 94663 72118 91213 32894 5459 45776 59609 53759 40610 62379 31643 5214 61864 84819 86310 15524 39469 34441 
71819 30587 73888 98581 1830 43685 15306 947 99634 78619 91342 11762 6324 65648 58064 3318 45946 22493 50375 82311 
65726 14007 5978 4216 52471 51955 74938 68652 43181 65633 57248 3839 28218 93900 95885 66830 55897 6007 3941 76688 
10531 480 47474 47589 15762 53399 12156 14676 95394 78260 97226 10079 10718 64726 19865 36007 94132 61024 58871 25291 
89526 16294 6513 73136 80223 85 83380 20675 99552 76088 87477 53286 78522 38235 609 34671 23394 42802 44619 73163 
30661 89 86133 52970 83727 29633 82209 7408 35582 65012 17021 2100 10710 32967 31138 53364 42223 13366 51788 71622 
93920 94390 32271 11643 139 81774 24839 99496 48331 3276 80202 72856 20654 99155 30593 83038 12508 37414 10852 14692 
37407 21293 54357 75508 22625 46372 61861 65279 48989 10552 25218 61360 25481 81922 53229 30334 45324 45718 28888 67784 
26236 28496 2844 15978 44679 33833 90782 80951 50092 54748 18557 99330 99384 59231 97393 72529 92832 75710 2459 81132 
3668 65507 69300 92824 55673 70254 36032 36221 13081 84922 35441 10084 40897 65480 54758 97979 83401 79602 79532 17609 
95741 4143 48428 71432 71348 54782 98294 39494 93574 3146 50163 52114 79694 81803 57025 37102 70336 22325 21165 94141 
52066 75941 18443 35326 28844 9209 46168 84673 18374 93546 29072 98903 56959 269 14959 48255 70194 20530 78575 64732 
88176 52406 24882 66467 66811 50339 66524 9471 49237 59041 69950 39391 58079 6444 21192 82137 96387 7314 39403 96040 
41257 10228 28272 61215 45830 8932 41325 90596 85405 96151 16530 37593 24970 7771 43547 79770 35793 63409 68823 43014 
97627 14472 19347 76248 96045 17120 35002 9438 58408 78979 81473 6437 9410 56523 82809 27457 40732 59762 88797 16431 
66354 19093 12085 99259 15899 37180 54559 16334 55537 29370 77098 96136 22208 85985 18768 3184 61077 91949 7362 9146 
3043 8704 48819 62334 46388 412 34976 38195 9335 73281 58071 63748 759 20049 95375 54235 20042 90948 90406 40174 
71893 22044 58951 92897 31316 72539 66509 68924 90985 71409 86322 66838 64644 76018 2734 56894 40140 5279 76855 21557 
83520 25600 69239 54971 34468 47319 77529 46664 14439 82850 31682 72722 11919 63313 34540 75503 68647 97034 66028 30824 
4385 78837 67402 95839 36098 24837 46076 57299 37394 4674 14858 46509 6422 40974 64970 24054 93253 80758 66928 51254 
18517 44225 51458 42302 20300 32190 89018 49167 19885 16838 95333 79327 90261 83194 17177 70578 27271 95734 88041 26750 
70972 58236 27637 6652 96201 35459 92343 42560 26833 61141 3309 77712 5820 36090 60182 45133 15542 66653 33013 1307 
77231 4879 71849 53873 47459 85858 37215 92927 62800 3487 99376 61373 72415 41565 72762 46934 6269 37127 43100 86671 
25322 44320 73442 73702 7174 23393 52663 97653 75724 18909 1769 4858 17258 8050 41274 62690 89137 57297 23801 71278 
47737 47566 75631 62248 79720 38985 38057 83071 26597 8694 50823 569 57900 62545 25941 46536 63320 42509 20376 76018 
65758 27764 91447 66354 7113 527 72788 4936 97127 22122 205 59580 77782 51790 77387 30603 41250 37660 41719 4322 
57139 57560 81732 52065 86536 32308 72881 80772 6810 44351 3674 22583 99433 55298 69301 71595 15779 63093 59104 34529 
79081 69670 28648 82144 1259 36924 29819 62907 30844 84150 90565 42006 84494 37404 33720 60237 74964 34149 1414 36723 
69033 30721 82366 90868 78179 94562 10165 40876 78029 8679 17675 91117 97280 86003 70458 80576 39177 98123 47939 82603 
5195 91021 97926 83547 68524 10231 39891 50535 34887 98530 58708 58353 27358 17579 19668 17049 13308 74174 68975 92673 
71702 96091 83251 83610 43261 41021 25926 35628 70503 39624 96819 93495 61543 84170 21856 76617 32206 64760 69437 22345 
94400 28463 60370 48597 39589 75465 33674 19085 76289 25698 3937 14261 66374 3427 95942 406 30195 16102 33222 97681 
97251 41277 66620 72374 51124 21924 41246 32715 85788 95260 70867 41395 27973 41699 34358 81038 34630 75105 33054 98021 
70308 83127 49237 97343 93604 548 48467 90894 93255 78605 38752 16498 17846 28393 28709 34597 17287 46600 36157 29105 
54169 82809 9963 20274 68231 71383 26212 14215 12188 47988 77656 39951 67712 82965 550 99712 64224 94726 7154 68406 
23828 21243 97008 44405 61597 40821 46994 71522 13710 16103 6062 61498 27736 42234 90516 50759 46681 13236 64117 55768 
74351 11704 46395 22792 79597 96432 36620 85414 47653 61848 67790 87075 57804 7891 82290 98283 98836 27093 70351 14805 
95967 67982 84056 95082 65104 31025 67177 83812 13625 6874 74412 67045 28364 99372 27432 45442 66915 89 80597 44875 
30849 39956 20433 26670 24657 76000 65148 84132 23033 37787 91152 23865 22774 44395 59393 55440 68004 72627 19366 26165 
84416 12326 54329 66232 34773 67309 88683 77833 35060 67712 46130 12622 17552 32676 381 89135 74956 80654 3299 69590 
30325 33094 87481 81502 52334 79529 9481 90856 10698 84757 76851 95461 83589 45042 84310 74570 26760 55492 11041 30771 
5173 33185 96276 94562 20644 72356 85937 3127 95630 19600 32472 27258 3192 468 15366 44865 7898 64022 4991 23196 
28059 65575 57676 18918 61432 84370 97539 58466 99187 12774 37167 46662 58050 4233 5854 79365 3059 11825 20134 2436 
25390 51210 60880 4257 21538 89102 49490 37184 8448 23136 83971 99755 82517 63134 6477 50125 43640 62251 2552 14703 
68844 28814 47764 12636 68266 33677 28781 56804 3554 19318 14501 88035 9223 69070 12296 49107 7497 38374 63033 21803 
63375 93677 63868 41929 65329 40516 9922 31976 96456 1046 84786 29814 66575 25538 77766 91956 94800 17181 11911 36281 
59718 28976 3732 50546 55643 66899 10589 53976 59812 12276 64269 16980 80960 17274 71257 21813 63241 72947 99056 53372 
8806 31574 1638 90791 51908 9225 57405 39980 40144 18965 62541 83177 75404 48433 20213 27650 65615 62699 39830 75983 
5847 79108 37067 79509 8262 18930 71643 59982 10770 91887 1811 84686 3408 25064 56482 59103 21737 68656 84935 78863 
90261 4871 35461 79735 28461 78932 68171 70591 18171 24104 54098 826 61883 83665 65110 56064 44366 64094 43925 89003 
83537 34159 98525 25679 27039 40535 39222 98668 90216 82573 8143 92020 33884 76446 644 55084 6792 57311 55482 34759 
76383 42095 54612 85472 16676 89060 6099 38588 85029 38840 90156 38146 74603 65008 87169 40451 56291 96968 21453 13203 
510 86681 26645 15153 78779 23239 6119 50653 33390 86173 38599 1115 50016 41124 3086 18816 90713 97539 52290 87394 
40694 84229 79091 70350 49689 30530 27249 69617 22944 90463 69482 51013 72565 63447 16457 71396 42099 89603 56696 19507 
11468 23747 36000 13432 78555 88914 61960 72282 5242 19205 41008 36581 61563 2449 11560 80811 14967 21876 20376 78212 
65684 20101 87593 46116 66626 2300 48384 92140 15977 73180 39191 47610 42465 97148 43884 19405 19603 93972 49124 6202 
37866 6260 195 26728 49497 54986 81795 93913 45030 79692 29057 67352 12291 96624 73951 37674 61046 20462 66510 57643 
9838 62247 39153 44208 15450 88814 69085 38467 73743 75823 19525 93110 1392 56881 43942 30759 98728 21693 25363 10924 
88221 99450 45656 89016 1678 38069 25465 50111 81065 43306 98345 93747 87043 53434 1477 8067 7232 86778 39888 36077 
98668 47296 58650 18550 9246 62881 16510 87975 77312 62761 22631 82984 48228 52684 64340 92394 76828 5191 52666 78489 
93170 67083 14192 93595 43054 48741 74262 98043 78216 40716 71894 35577 11098 72150 5493 1394 77628 64839 75499 50368 
96944 3768 53611 18758 62168 30856 24945 40762 63645 91223 43539 96753 74785 59448 29040 68507 56206 54666 80465 3846 
68091 8790 36118 1313 15794 45615 98286 53874 25081 24051 56082 1903 99185 37096 57023 71322 19718 72508 73302 73405 
72045 62288 23908 6440 49538 53208 26728 72550 50409 49760 72799 85941 33351 26363 44329 67574 71025 88104 63180 85442 
60129 77596 28319 41376 19172 70785 89451 67951 94827 21300 82609 32827 58587 25207 93731 59572 73511 53533 4886 7555 
33080 92127 19046 88667 38576 71144 50092 30546 97253 99666 50037 57231 63705 34576 73366 11278 76608 82879 80452 21755 
99769 80836 39972 53123 60044 62040 59924 24614 49233 62736 17812 53159 55871 33164 32778 35967 27347 55440 42697 59124 
3557 24988 11181 72091 27043 95918 36655 90250 6410 58432 9487 13184 43530 65140 4842 27098 15479 89403 4687 97051 
77197 18503 72723 61187 15407 44303 42750 38189 79548 14829 16376 93080 38150 22208 78557 61287 54801 74894 91731 20660 
67951 45482 40991 10322 74700 92004 73071 31949 45773 22357 66442 69128 86402 25366 91339 91153 12048 25634 75105 16690 
53510 56548 34997 62707 5333 12686 56892 95927 37112 27735 16265 10651 31768 31504 8213 12971 88264 39395 75034 9341 
94711 90037 4946 92892 40256 99612 73533 58801 48647 30145 60766 79950 25423 22998 96393 79730 76963 58942 90919 70693 
27317 38884 27426 98269 42271 63189 90417 49003 32990 39499 76757 68829 5766 77563 52092 75442 56728 31775 23711 36621 
41254 40280 66510 41846 86626 61056 92186 27945 26895 15302 99910 47516 96878 75891 7682 11779 60523 75829 54938 78414 
69238 51920 17727 53937 46987 8846 87295 34878 82107 24764 8826 45685 13291 89671 13397 88828 40759 6500 5058 98184 
57334 41915 72790 36350 74231 50264 25186 94704 69530 12110 860 52253 406 74517 38226 72016 31122 58292 98576 21067 
62933 76506 87363 83352 44721 34582 59329 80978 45348 14674 12387 98646 7703 64525 79254 60223 96047 72309 95891 40505 
97455 31394 70167 3601 68272 55126 67691 38068 26905 98149 14322 86233 11968 11269 59106 96217 39893 19233 79822 48070 
15399 79317 54291 47384 22828 75875 54943 19569 31551 22789 13288 75900 65487 3172 22664 17778 38071 19192 91731 28428 
60366 90865 88126 47316 72339 55528 75014 35018 74745 58217 48129 84307 9257 32833 94551 26692 25386 31566 43069 65186 
43608 48142 22502 94276 77996 42326 27096 10242 90935 22629 66698 26678 9893 92751 76045 57736 21802 13778 78727 81734 
27459 69742 29670 75854 14312 64315 83781 57452 23299 87548 4867 35250 85036 56432 72853 72927 26480 44648 32116 59376 
97811 20587 99432 14633 91343 48712 18246 22224 29101 88915 19062 47779 23685 79909 37970 24465 1469 92033 66777 86702 
24022 18572 26935 84874 45157 61200 25657 56509 84478 83282 34738 20011 76398 96671 77162 44698 99054 76558 50894 96696 
1751 75602 10228 28300 40879 50838 26662 30864 17312 51072 62537 68199 65068 67428 48711 9292 55938 28666 83551 46030 
91934 97186 9529 94445 26954 86318 97809 57286 47786 4564 33296 79906 42862 87321 60416 54520 40677 79828 21248 25499 
9813 2833 55859 45345 83606 99477 32920 43493 72707 97178 94159 16241 30532 27024 32670 43752 51109 33681 12614 52655 
73186 22954 70073 41449 91133 69913 48111 40016 84748 73678 35620 94297 62152 5763 61617 51443 48383 74489 58766 42001 
27939 10866 26603 3351 99352 29602 66756 83563 27820 56146 71780 48246 33156 88625 59453 52399 56416 70520 82870 87224 
65190 80565 28347 465 76186 97079 8867 85357 79413 2053 47228 91637 59621 52524 38450 96784 84088 15385 91769 9256 
31902 42346 17646 1298 38194 5973 98769 17082 76267 95631 70773 50039 69708 97074 95019 44353 39678 35721 238 96259 
73035 84708 93014 58762 37025 39373 23746 9528 26608 78041 56352 62571 58383 6519 56540 27846 14816 74452 67381 67058 
16757 62364 4774 56647 61351 8443 46441 62830 37953 80660 42465 65505 82560 9434 66438 36906 88034 31540 2800 30793 
96334 57932 67006 32860 8141 14178 91643 89595 54897 60905 4634 21015 69942 74059 11032 26285 55188 28312 79425 82803 
43666 43890 63072 48904 71685 40350 38050 53219 94291 52112 82189 46374 91511 73285 19313 24104 47189 28908 31901 52831 
87229 65606 62625 44701 98183 53891 55364 8396 58247 96023 76882 3406 21425 89659 22546 64816 99146 8462 70581 86170 
17477 71202 53893 98290 66667 47487 67093 16136 67670 3531 2419 74787 72823 23934 70092 36324 18602 51501 19145 53543 
33347 38213 16619 27086 86192 48821 26138 18288 70914 40444 6673 82519 93420 39437 91621 79524 822 55355 74017 94234 
49465 3253 79566 62018 22428 1757 92855 65917 42241 56323 21862 6724 77504 47531 47264 86763 65653 63330 6807 11464 
28858 46642 91334 7267 27742 82825 86262 16725 54056 14236 87063 59441 83077 89267 51920 47998 13451 64279 56686 24073 
48109 51338 40068 32434 5518 28247 94609 19274 89420 59343 56492 71330 42160 85939 98417 68535 51104 87491 75909 12367 
29614 56254 32875 20742 44423 69563 32897 26626 2129 14241 69337 27261 25414 68302 83854 10830 80329 21156 89029 34900 
46987 66543 41995 6773 73027 52017 18795 78015 13801 32317 93282 37035 86550 34510 46823 78832 93081 23675 34413 77993 
48581 65777 10640 19026 77665 59041 7562 30433 8104 17123 58517 97950 69896 36515 55723 56035 45156 87786 28222 59414 
86042 73619 32064 32482 66157 21303 73665 67381 60279 81145 67894 68765 88426 74122 67437 819 54496 22152 77998 38438 
77484 3829 4966 38646 71797 82986 26692 49980 73014 56421 62942 78992 38020 64245 65861 64805 63290 29448 30476 12871 
84671 63056 57624 90908 52484 90116 69172 26107 47977 67501 76894 11921 6624 87685 10861 13901 74894 99383 79865 54900 
72133 67528 55886 75369 25662 27330 26500 99266 19742 60803 73793 60178 26996 99033 43613 10243 97845 81442 30494 32359 
27528 22641 25660 86656 66976 11117 2252 12865 69934 82171 77486 42011 657 84270 2353 11455 18347 75340 32345 882 
11196 4873 31622 46283 54267 61214 7673 82919 60046 92118 48442 74154 52783 55304 39157 95947 93143 80236 4318 60061 
35621 20629 62673 1250 22340 85607 97130 76956 5341 70280 40742 70145 85804 2451 26192 61481 94566 60214 26836 6051 
30096 68728 63581 58939 73755 73018 55671 77951 91206 79621 42339 14596 42885 54593 33703 16995 14267 33860 3716 21227 
22474 56169 74818 42325 80246 56702 61579 10019 20949 17631 76945 95851 76974 11439 18778 19124 73749 76629 9401 17361 
97918 70527 59606 91319 45525 98631 17927 25904 4295 10860 32821 28480 68388 32665 23114 81472 49604 49748 91189 9532 
5960 78796 50101 13395 84083 94364 79323 13797 21293 55732 87395 71663 40964 87082 42913 40209 63979 47655 5970 1469 
69296 21593 1643 85505 51900 98350 27046 54102 28626 4068 60992 73828 70017 64238 46636 58322 17716 94604 61540 64149 
43091 70610 20740 40017 17918 18510 51512 23374 33715 97679 93799 18074 955 28609 88960 99979 82865 37774 16849 32779 
28525 52020 94794 50549 84336 10102 5284 31914 6861 17616 25367 34615 54693 67825 95435 19323 19318 38043 69735 12456 
33278 96691 25521 3932 67586 5227 35774 92193 15871 78167 84049 79391 27367 74519 17412 77407 59469 71623 97017 81567 
60236 44740 37604 82953 23040 6665 21834 75949 46082 80031 9162 59291 25659 88945 92753 51813 5661 16899 28293 83436 
37446 87292 53725 47452 9457 7393 73832 58080 10111 55974 8372 52494 40749 60934 23461 91233 89353 43598 64237 31603 
3651 39391 72292 97853 95396 27190 34704 16016 85647 61802 50816 9104 84358 57050 41990 50623 25280 70836 56679 91886 
56826 53410 83237 69495 52843 9919 13138 8826 10407 38429 12947 40523 57872 8397 44008 70744 45086 97442 46143 4967 
80573 36977 10080 90643 51505 25633 64567 50250 22170 77379 5323 9653 28388 35600 72820 79883 76404 13436 90176 60213 
22334 21096 32570 51241 13681 44056 17601 49159 38945 92572 94340 46594 81958 28493 26911 32204 44390 85412 79277 33476 
46844 87320 53758 44238 14528 27909 76677 7774 86576 28768 34833 26959 60624 17990 74518 2706 71628 75429 83797 90872 
32724 22776 51720 3222 34565 51488 64103 13981 37265 7641 17453 23848 69969 93978 71823 12876 57119 73214 70199 74761 
71461 51261 69249 45821 27002 84993 17044 2384 80237 68515 32601 40372 58929 72270 91834 67523 5021 49458 59450 34593 
70640 9859 38402 82492 28673 80743 44345 98983 51321 31840 71840 42807 22250 12058 59797 18843 50351 29607 34302 11746 
52727 14979 80333 53568 3635 68493 92786 7970 28841 97345 5860 14930 57071 31833 70168 66138 71975 32311 43626 48382 
1264 86528 83337 58750 96877 47795 21221 50456 21444 75026 1157 81128 82191 5402 20337 5073 22494 62334 41796 76231 
45226 61252 23143 59315 26321 5514 75961 51363 32397 69015 77665 208 20909 59153 72268 88419 93934 54629 77970 85695 
67817 75470 78341 38078 56330 50720 36711 55256 10526 93918 82449 42753 83308 48488 55147 94205 3142 77011 90803 40032 
62693 35331 29122 5278 16395 29867 11526 60612 73163 11629 89481 37589 80714 49106 25111 62891 59800 12537 93012 51203 
27185 7218 52197 12978 11821 5974 69440 12910 75730 79093 89058 44428 39176 46710 48284 33049 10956 70621 52868 38526 
2290 1978 46146 50900 6518 75719 49190 44579 86971 8584 21818 73951 7817 12420 86904 9597 88923 92890 68859 35686 
21151 53113 79122 26636 3211 31020 98942 90398 16113 54131 41281 41473 47823 3528 29232 46760 38956 47182 22043 10569 
69251 27052 73172 43981 59961 59285 66944 92360 64558 26037 70380 37999 18840 7965 20752 44565 44970 14824 17826 12888 
69782 52887 14743 53614 3058 66311 65818 25397 27081 85293 61007 85523 48048 37806 79960 13429 19082 98686 27732 49163 
82984 77702 17609 56350 74979 68914 4768 65702 36198 1665 67404 21791 31523 78394 58276 72116 89634 18951 20730 87599 
57081 47613 74139 75179 27081 39426 6536 38280 86540 14725 14428 49042 48706 81442 63192 13580 59280 23016 55388 33595 
83530 416 88745 88793 60793 18700 92083 66666 80187 37699 13076 3379 17262 51990 44966 6298 56847 67929 796 39901 
45684 93714 74097 63819 43874 17343 60497 70419 50068 16579 73201 80324 41668 29535 23403 93416 60604 56613 76151 27112 
8035 9148 29331 23740 80324 89078 93431 24215 47121 867 42971 43942 79323 55462 81188 40791 57788 89111 84791 72177 
18707 16621 6424 64746 31024 20076 84074 74664 20271 86183 62425 76373 62771 79913 71886 37025 84898 64409 92823 62592 
76420 85283 8745 59879 54435 94491 86992 81910 46127 83224 90634 8194 97973 43485 94983 34997 9587 24194 18593 24057 
96604 82928 39100 17550 29800 21730 47199 60104 99174 6727 46825 46430 16001 25826 69529 27064 24352 43109 15890 73988 
86200 71249 60946 93398 38481 70070 78069 666 33151 68475 38817 62030 18540 61459 8989 59807 21031 61793 95069 85029 
27254 89786 46888 26845 37353 58905 66620 23147 79489 87461 45142 87578 24086 29430 30125 35648 35573 67861 96282 91408 
67164 88407 15884 55719 8489 49013 46551 91909 11687 90675 24886 33548 2814 85184 54506 76064 47698 84384 98169 79445 
7277 89349 85388 75572 23031 63599 85343 38685 22519 92627 73328 54797 78679 10303 24262 6632 11017 22048 26805 34544 
38686 21999 17365 69720 63324 53022 63815 694 35946 85927 44815 69548 14133 85372 69033 67428 47191 89194 55385 28686 
69404 95181 67951 11051 4277 73922 8711 55367 51733 31773 49010 13344 72550 81023 6295 31237 95484 39254 86488 28709 
79268 8888 54225 29223 51400 56633 71957 63123 24905 94875 2012 2930 10490 4397 13686 73951 8954 2529 8281 7509 
68292 44063 2649 75466 75222 80167 63596 7988 74699 8224 95221 76865 76198 99892 56028 52168 70727 51401 26584 33597 
12106 69490 36685 64268 15098 64886 82758 90803 83157 91941 3232 60492 17683 19605 66002 64702 39677 50419 15700 12380 
29689 35845 76019 91844 67337 55261 57393 52271 7768 86609 60444 96582 78716 88288 77650 4650 450 19945 62151 72950 
71220 17418 21601 16420 96088 5820 38785 86236 96315 59695 90194 48185 82429 97508 98653 58348 88206 82444 44664 77383 
54880 56218 4366 88038 51714 65108 56723 60973 63667 11348 89034 47933 21861 13474 28244 47163 72823 6838 2137 21670 
85040 73580 99440 33340 42795 92287 49827 70045 66237 54197 54761 13928 26919 80597 90942 6382 78590 99024 66442 68686 
15300 62248 76628 48286 48346 82397 76147 69755 96434 43516 90947 20221 18494 78687 24454 83435 2896 64493 46688 40514 
98624 54032 1338 7829 53872 22326 55225 3627 96153 49131 94741 76852 83328 90375 21164 86762 8086 48720 75423 20152 
79659 75428 93523 51049 64888 97094 81857 24806 21321 18465 10437 17477 44714 14421 32878 87131 28757 59104 41797 62778 
8847 6412 37816 23129 45638 15232 1886 81677 5404 9815 229 42516 56537 88532 23166 20889 68046 41651 15419 30497 
9677 60289 58111 34422 31459 67996 21197 98319 68876 33953 62756 81712 48106 28955 24872 32391 30360 46900 86501 90416 
89378 65027 2505 87726 67076 20477 95358 39345 76213 46288 24602 23644 44269 94922 8376 89850 92531 7597 19711 87403 
18860 86870 62076 35059 52051 98591 58874 37444 95998 93159 40537 84809 37010 43550 12321 76105 3209 2889 63359 25124 
45884 75009 25951 14603 44850 61114 51583 55667 60922 56709 38640 78590 34462 77261 20019 50826 1896 43507 7005 12496 
79407 10412 6937 42914 55853 35186 80269 7205 31004 14333 83776 97776 40918 59808 40612 94633 89377 21732 20355 83636 
19573 51358 27790 73384 65097 25638 23484 29794 40874 68794 93670 26138 10095 99896 76081 47461 96287 19851 73852 22950 
36317 61128 2719 59050 6676 87706 28179 76791 47152 5368 29646 30085 91998 5432 89761 33790 6254 56976 89884 30973 
25508 26008 81003 47495 43675 31565 26036 14185 37163 37787 13313 42156 49335 11883 61051 59775 28577 30178 71022 4265 
96660 78997 63434 29992 31369 87472 49422 75079 4583 28116 21743 70265 97245 93282 27594 31454 10325 5045 64113 99857 
24598 7211 34503 7996 14284 54671 82400 34610 14371 86501 15796 16782 48303 69301 55219 205 20042 94343 91641 18314 
658 92037 87872 76916 59462 56623 48202 84035 9373 46502 30390 64550 2812 85293 69442 12065 89335 97044 15483 92744 
22999 80342 30233 24884 5759 17670 79945 92024 59278 22926 68760 11991 43131 97486 21772 1010 39639 99153 97743 44642 
54098 96482 48626 91872 71169 36120 26968 15283 5152 77828 23984 27784 55012 56800 17108 55762 91804 8208 77553 62047 
80267 27813 87189 16063 120 63304 73589 11361 5579 31963 10211 83695 38302 6736 39141 98648 79341 68958 93700 83236 
40164 81319 6383 99679 89554 21825 3045 15221 12741 78103 9695 27609 18401 50045 39407 3764 41984 98974 41456 49656 
42453 32921 24036 19737 42245 63214 95174 51258 80856 45672 43329 56174 16651 3689 22908 68429 9878 57727 38423 48163 
49479 14492 26341 29612 62764 45354 66380 63644 86118 2474 5092 48042 70421 62304 84109 24971 33377 98915 5121 87525 
43905 93647 31014 98247 27030 57026 92877 64622 21512 78458 31676 42140 89833 84995 27719 42108 4076 69964 14085 95060 
97048 26098 52263 51672 36551 24203 46332 39405 44270 65526 3041 66981 33990 30934 36551 13982 29652 63390 72200 11755 
99385 98822 46010 26833 84846 89952 95716 13636 44388 44159 31316 76920 88984 60010 45320 69462 9488 45211 31885 84285 
58825 70560 24592 91481 83417 78185 36106 35756 26103 51294 76931 47553 89774 97358 81806 30084 84180 86158 50178 6615 
7832 43834 15508 8147 8015 56806 56269 40682 24071 34074 73149 59802 37845 62412 7326 40706 38275 9770 27955 40675 
8021 1778 24802 72731 52094 39242 54053 5481 22471 97094 7273 17177 72692 58954 35074 80952 3288 49479 87981 81064 
1747 82983 82378 31216 1584 67444 69472 64544 83998 83434 86781 22358 20622 48197 60632 9613 44635 30693 11992 89563 
19976 54207 41023 30889 82793 96082 24092 25831 39997 99502 31343 93440 47890 1143 25516 83157 2970 88459 33062 3830 
61891 39119 66754 21715 87499 63427 48411 15166 63612 46863 99876 71009 72008 13822 98198 96745 77591 29113 91333 67642 
3971 22232 81591 95719 567 38667 56590 2780 95627 52596 39028 32753 34676 57212 14054 34337 60372 25144 47264 90398 
47907 91244 8626 73345 3961 5107 73333 74863 39418 23652 28607 99477 96770 69403 77092 89049 64469 83180 5928 44592 
54733 61055 79687 24403 21263 72471 52518 3856 19256 30691 56705 44170 12776 28555 73844 27915 1670 40184 4505 88983 
24211 96111 44309 32405 19759 91526 86454 18974 39335 6321 93758 81062 65745 12584 87977 29721 69670 6936 35668 16265 
86707 16973 29667 39914 16645 24802 35131 84713 7327 44429 91407 90491 68953 43840 82807 25190 64794 90002 28948 60682 
17452 58615 70658 67096 44206 77494 68435 3941 69599 61148 28414 66724 76385 89500 95271 75008 38163 82545 41772 73029 
42057 21964 31562 2891 20424 77382 95987 76388 80393 89580 18911 88985 51305 14215 83397 22906 58625 58916 9265 81652 
5780 24325 52515 2975 47462 96903 22406 89138 75481 37261 35827 16060 53612 54808 92324 64344 81118 32007 62815 9898 
93214 510 8245 58925 79424 1865 56756 30732 60118 53274 9194 53262 2269 67217 48234 68212 52887 49809 93055 94471 
96227 11091 41127 81858 68981 50699 65800 1935 73831 94858 47581 85088 94168 74103 74630 44148 44127 74866 35946 55177 
90755 51930 4123 98343 29246 64775 26715 80114 17849 60845 43385 61751 69267 35934 5350 50402 69517 97632 56946 14890 
47782 13980 92672 13826 79821 64060 70012 99373 7898 13321 47634 7398 85191 74633 65508 22993 3386 93243 73764 22811 
14722 42476 1104 36477 47159 14798 10169 65715 73582 94010 41109 40831 6022 31221 79594 37314 80169 51652 30894 56294 
37305 81502 32419 38141 51016 71108 60716 78419 99429 3150 22618 50679 6014 74662 77108 40566 57359 60765 47956 68882 
14754 45072 59957 55311 71740 99637 57149 36792 9101 30579 46295 19229 18162 14872 44622 98951 80199 67931 76858 21367 
68789 42376 62031 29396 67720 81669 91207 12355 92809 63334 28730 2637 27559 64524 43816 16574 78487 395 89144 28376 
74286 4372 978 29414 81287 40493 1782 53982 90560 7880 41805 80118 55889 82078 40303 2317 69807 65213 52162 10359 
59968 8040 2365 59028 66572 50682 23694 8382 72337 79431 96216 67433 69290 40868 11572 42514 32531 10995 12336 27385 
57912 96758 95201 62334 83714 65722 80277 91507 39714 71096 12230 4053 80151 83007 51477 36466 84371 81304 72331 36312 
37959 72711 76762 10124 92530 44446 29706 26105 52974 85419 77354 36493 56480 67026 94489 95432 77516 12301 63326 77985 
91248 63489 8608 66243 32215 30517 21292 39865 29370 23377 94486 13866 25769 89074 62417 49275 45843 55774 84117 56881 
8618 39710 32628 44498 11726 38053 35723 54881 66002 15682 75607 51871 66053 8364 68544 76807 35076 82919 58040 90160 
75548 69849 11043 37280 62540 41267 87852 69579 70754 34091 78903 24347 51978 29720 67437 55459 64075 41867 82428 3291 
9807 754 85482 52594 35258 61959 30898 52369 28094 92223 76066 14737 88143 31743 89748 12302 54844 26271 70769 12351 
93935 67009 57708 72081 8815 16056 18865 26193 82864 58991 33593 17445 47887 24409 83211 57262 29790 70991 85716 3440 
21293 73624 90411 95952 80810 30265 96709 34460 97696 89057 81878 75707 94268 60232 43177 85901 43306 98375 4980 28743 
61618 81971 51020 99141 41617 95485 27457 7806 82172 64440 86785 50089 46053 75313 80729 89677 49186 33438 32364 94348 
76013 8664 25061 32537 3452 46544 98874 27871 59647 51969 36182 61919 20089 37672 63635 49632 1604 1720 27105 86275 
53930 5769 17405 56822 16075 26986 34151 39762 55466 54877 61256 98562 98249 72934 18394 89139 82125 58622 1675 81995 
71229 73805 62781 97318 58047 2050 42017 41375 25692 44810 94686 77595 41891 1496 77855 23394 72732 52486 41224 8624 
75925 59286 15394 42622 71527 46003 74484 32076 13443 61551 9682 45739 52334 79532 38590 9637 29306 84571 39029 53362 
41396 6807 59446 7443 94437 43250 79971 81335 78512 23309 38187 22437 93791 16610 77956 72589 46778 86 81660 53513 
23477 70909 29733 19776 33050 47778 72050 95393 18820 67265 62830 38970 37809 11156 38566 5423 17497 8780 58213 75985 
83985 586 59274 27230 85063 38557 5359 12131 54079 4826 33186 94352 94724 19674 80425 19205 44110 53247 55534 62428 
50876 91703 26863 84368 1936 52893 5828 27241 66184 18200 17410 38153 5036 55761 27104 48724 76641 4218 98 91783 
86249 91788 46450 60622 17295 37672 6062 96470 99716 60573 93057 32192 51658 71035 34843 26390 66232 99132 69750 31767 
63966 477 18718 89977 46661 17571 88307 27854 9 38487 38044 65373 70041 63033 92348 84633 98019 1576 45662 20973 
68129 66546 8778 23677 15959 1251 77919 93571 49697 72200 97863 52319 56182 4298 91406 45631 15287 59897 76371 6122 
52444 55229 73467 82577 34286 1820 49858 72849 91115 48749 79844 21694 45016 32658 64780 4035 6520 13607 18151 9262 
12796 24792 50447 9338 7205 54388 9796 3186 37231 53732 6245 64893 67254 69339 42000 46019 95199 3025 73434 33755 
16355 99472 57129 99979 76741 60804 83973 18245 17089 34514 46344 58348 3321 76038 73907 19904 40174 27857 77347 33930 
41330 22209 31380 36250 40247 84426 70885 51453 84721 89586 23399 95051 58369 80835 73779 2718 72933 75388 95767 9807 
43745 62259 1832 59507 2590 88284 52279 46035 71698 51670 70235 14140 36833 35397 26876 59558 16530 95452 62818 34240 
33855 75640 44385 87348 39943 69890 95213 43975 69004 72934 76007 47442 33431 40312 15321 44132 89559 91305 69695 4604 
16084 95778 47636 76058 79824 43355 27237 69130 20053 72236 60121 77160 63817 80477 58073 90253 30390 89763 55310 46554 
53587 26802 31396 29347 2934 47471 38033 13831 67432 36370 79674 51261 6273 71279 94568 79579 70116 65065 68501 76295 
32622 82255 82509 173 80873 73075 41797 23208 11821 76337 10773 21144 56794 24183 29495 44756 83750 57634 47822 91112 
70374 73391 98843 28582 13870 53835 98802 24880 1460 88656 11924 49983 88698 64734 69530 44129 89866 94422 32342 33930 
69615 81806 59898 27599 81668 31243 169 59135 26532 92049 74198 89079 70538 79643 45320 85611 5003 33834 17305 26201 
55715 76198 7265 24298 95315 573 74864 3809 89689 10419 56018 7268 27313 13585 67709 11595 93831 77077 4350 61916 
93615 43824 16401 82573 65188 38550 50215 12931 11370 32246 30669 13079 9872 82409 61967 7223 94747 90504 62691 52308 
22665 15612 19149 47307 19196 85739 42018 96480 54333 19718 76847 59594 35448 3160 4756 38769 75016 34822 51616 62620 
26245 64969 11403 41438 38366 64438 1243 65015 60547 31695 80262 79545 68050 70111 35719 52929 82930 54463 53683 66586 
99830 28346 71696 31364 30766 19624 1134 87031 25165 7897 37353 18935 99587 48518 77610 21257 55199 54267 23202 21201 
14595 29556 21658 19485 16383 49516 58465 82721 49464 41743 18655 65298 38996 20599 84171 32732 59371 16456 37060 96924 
23963 86538 8073 80849 33750 45947 27926 78451 59592 11317 53118 44751 28837 27105 67773 29334 74509 87594 66259 21586 
93432 5231 53787 22412 85408 21303 10535 7749 3412 39312 23535 95486 59577 57382 51266 30530 91789 59755 94448 71145 
13210 37673 33186 98934 80624 50408 79647 35690 75774 85871 33208 63666 80802 82824 51393 23207 55350 71080 35781 65314 
92180 46160 98498 54827 37429 49856 32983 5413 71140 45913 66042 77991 31770 84383 24912 33259 8833 6810 78886 65287 
20898 64684 16202 37403 74430 86070 92348 90715 29052 34639 59093 37137 51020 55963 62101 83775 79008 19833 92258 64478 
9023 83116 56618 38275 43444 47326 68703 36114 37079 47918 84058 58780 64469 2871 35061 52554 25980 65668 94031 14926 
12067 83303 95991 61940 42472 25047 95692 49410 77526 98349 64086 58108 20626 41429 78988 80142 91216 54171 83062 76563 
5953 50168 20685 31292 64698 24148 73734 8055 39233 39275 26804 89980 60074 50241 7351 53941 659 60503 57758 53951 
90629 76885 53802 83912 55515 92684 77169 626 48109 49143 72294 98581 88449 46663 73738 75576 81423 82989 9307 32702 
68462 94012 46200 883 57740 385 53782 19303 57891 45192 77051 92839 25166 95540 53493 54375 73358 41989 12974 28567 
3335 63244 95544 77501 76585 38771 65024 65837 39983 81111 99913 8412 12532 19100 55828 56062 80139 97412 28182 70350 
99752 88921 9189 79035 85972 67765 9804 77429 75701 19709 51480 58037 61311 28369 71301 53238 24256 34645 97436 15059 
62460 37374 89552 7184 8865 58858 69898 80291 24314 44942 62362 52527 4125 66863 25661 59386 38438 56678 22925 11035 
43574 2808 9030 99866 84627 25558 81072 41814 12598 54019 61915 68194 32185 63933 44871 5416 96159 79736 71242 4771 
74701 65263 968 28693 79153 95026 71532 13301 78156 1436 43044 17199 9413 83178 54047 63242 52514 41939 46345 42787 
47216 35586 35623 78423 36496 66242 97994 38873 14798 92927 58091 41937 84777 41404 71211 89645 74245 30787 63798 67835 
60428 84305 38415 79130 94382 19253 32550 49768 25430 99628 26447 92382 88805 99784 56308 78852 91435 78882 69982 86327 
89513 20581 21565 84354 81710 91499 87293 21956 54817 61784 34105 30294 85536 69517 12211 42183 80000 7654 41247 7581 
22516 93322 81453 61211 42592 98065 12219 48139 47313 11754 368 66884 60579 39343 98435 96617 38540 22595 58892 15541 
47476 57696 76900 12918 22157 23285 37067 17948 58655 73331 95356 14017 69981 45935 66841 70745 78560 6715 46055 76788 
49270 16012 84271 3815 86407 94442 32858 9599 31518 16758 47830 77228 35440 94294 50193 2026 86532 40810 51883 36464 
94075 71466 90073 58783 62341 40317 28418 70462 50924 85418 60974 22135 16514 27753 99483 15541 56849 64141 10788 45530 
13692 45310 7056 59696 78324 18639 24818 67943 57154 67909 54587 99400 71549 5286 67643 61312 56769 55535 58573 93304 
45784 99484 54115 4460 76555 66662 70721 59652 88755 46062 54654 56280 35810 42319 24772 20787 79560 86560 32376 68077 
96540 80964 68029 57030 9417 6935 7643 80373 4641 14465 23217 71819 54991 60753 79145 16124 7255 12422 69935 41907 
97037 69513 77232 30317 34782 90145 42606 73822 89045 65615 10365 6876 46338 83218 23565 23994 84657 31623 55474 84828 
91848 62896 3968 73048 40351 18683 68915 58349 93443 36068 42898 29574 72328 64897 47101 88518 20764 42482 51978 30463 
82985 83379 89059 21537 5159 13308 58209 54062 6249 55301 52330 49231 78473 84282 94943 15831 59274 7932 89757 55825 
31767 46938 9691 51482 45016 86095 37632 35159 67017 59475 53649 72426 62891 81661 45991 16327 52810 43190 18610 18471 
5268 47777 54679 75380 47242 83852 55221 82504 72495 32644 96331 20681 47511 18912 40165 42847 45008 27759 60602 49090 
84903 77710 30662 67021 7413 16028 40018 71366 70705 85686 38163 5450 83610 22390 98696 3479 2646 57055 26788 15636 
45839 20717 50708 72556 35301 21389 30246 39000 85694 92958 75090 78764 66443 19237 49270 81982 81158 83016 77766 73057 
60003 72296 72245 9830 28132 88095 24216 95343 76210 5618 8157 30895 1464 52599 6794 43235 27860 16060 1923 62569 
67983 71820 40557 28760 1159 48962 21936 35874 47646 33066 32709 59418 15478 73248 17447 81658 99542 64621 89717 96350 
47239 84034 82585 90598 9230 57449 96816 50886 45613 17991 52766 35214 19413 16627 93901 61036 93058 30607 84846 61266 
36642 97683 72279 35747 37553 14762 91561 78392 32759 62214 8994 69419 94045 58441 99369 20347 16669 13401 69666 34500 
63462 16851 69565 82832 69429 43993 62440 63318 54516 44539 15759 73905 66943 91449 51079 67372 48761 719 21893 49143 
1170 13590 57146 34718 9346 20281 12351 59404 19089 85624 82618 30970 12338 43751 15850 54431 19279 6516 22608 34840 
2939 58081 50280 57268 36993 49982 71704 42731 48367 31561 16071 87264 57140 56987 30835 27465 48766 74524 68883 5446 
81764 95438 17941 1521 68347 11709 5271 42734 23750 53713 94583 71820 91250 25500 78908 90956 19671 94076 52091 89190 
33606 3236 46409 1522 69014 44469 69612 88412 78715 9629 34265 28276 99624 16360 42023 62940 90173 17808 2765 10206 
56646 2852 85224 10718 32892 45717 77714 32272 62733 8030 60484 97017 59059 76420 51970 42138 1785 17429 80210 12873 
70843 39459 26212 80527 22537 98605 51549 30328 95384 65076 73758 65492 34182 80372 88691 46896 9381 982 57632 39044 
55580 1125 29966 44784 27442 66219 13757 34530 15977 42545 70593 13739 95890 64759 84786 39495 71999 44844 62207 2494 
71512 86487 45078 93974 89533 18851 155 59745 96699 21097 36505 23891 53006 99378 40609 70762 64621 23890 63687 40979 
23669 4077 76116 34754 88446 33548 6282 56839 53390 81830 33136 83207 1691 48247 67807 65708 78325 5871 73713 75385 
76845 22968 16270 60597 62657 58249 83800 21389 66470 79475 80173 70429 76228 16180 19769 77797 24587 7591 7355 28527 
78372 40228 36515 58559 73761 68686 16190 46167 94850 39733 93381 73670 76502 24385 82890 94983 43378 3051 5047 45730 
92127 796 1403 75773 20044 56332 64550 66954 32601 76491 17877 70053 93697 32918 98106 10213 6543 19042 48055 84362 
73141 77499 39612 46237 93460 54870 60123 75266 13362 79426 64196 4840 64312 72939 38707 12753 59624 70097 37740 26570 
40927 42623 68828 17115 68858 17165 20755 33437 5665 99413 55196 17246 74422 35979 4111 98862 63632 94678 50831 33018 
58322 69330 79324 24506 7791 10176 34565 13304 77820 80904 33825 82638 59191 75448 55000 12865 27982 76987 43664 66674 
14821 72250 34835 38029 54191 49825 51462 40071 51052 46075 18637 97077 76406 17118 82836 3334 27498 50558 31588 28769 
85157 35945 16287 5105 23415 41884 81868 50187 91862 56793 92842 39385 96581 57553 78014 94250 69604 69090 66886 3195 
29763 94942 19293 58054 31415 69823 52989 2034 65240 80332 99616 41472 15425 94930 57602 97878 9534 62992 746 73586 
39890 36959 45601 17951 6015 1688 79044 60613 79968 51714 50820 5991 13036 7266 10232 3639 83190 27519 41506 85446 
71719 43638 8994 8343 15156 3629 56359 54088 86740 49360 52467 84814 52563 47183 75382 94194 20849 53981 83642 68563 
60570 84623 48317 54560 87962 26836 72002 42315 1949 10505 65772 83581 54525 6383 64592 94632 63272 10296 65645 72528 
76956 76253 34550 75485 79103 75702 54074 61075 50931 68257 49859 59303 58316 21478 63085 95707 8234 5198 83532 8733 
57196 71787 48408 8024 6227 78430 23812 80105 22438 18177 22892 88059 78496 72693 44301 6905 20864 24544 53375 31027 
69022 63454 34209 93558 87666 38172 22444 29695 19276 217 71456 84467 79696 50720 81002 11700 19305 43884 21433 17517 
23224 80889 55768 38820 60628 1608 78001 46467 64220 63256 52341 76684 56123 6567 74518 11736 44024 56281 94744 57956 
90239 79958 99795 62600 73691 36737 89136 12245 70311 71431 70189 25740 66461 6942 38232 23082 6237 91730 46456 37774 
31826 42143 3535 27704 54629 8590 3176 59096 6127 57313 52051 50752 2696 30353 60644 87247 37386 85114 78502 15285 
26085 70595 54695 83844 93630 44951 84804 92892 76703 84919 70999 89504 5109 98755 97115 54788 38650 99733 16686 66531 
31542 40553 44856 65888 86662 8658 67406 79962 47158 80634 63210 58257 21821 79358 98506 62461 15901 94079 81522 72572 
89643 21746 44530 22350 78618 93905 91768 82832 54315 47206 75609 4611 76358 47365 70751 73907 72836 25031 70753 49339 
90475 42427 72571 94584 85520 22047 16255 4798 22052 3424 46854 92290 29763 45130 99979 96877 12535 84396 97510 77796 
88119 90123 12107 95875 24105 39958 71212 7360 92201 18581 44533 11844 32960 84972 99622 87526 31688 12059 47197 17963 
96347 72306 99729 19515 7780 39604 30319 77711 3605 65723 84888 51836 56561 25200 3116 49039 63203 73562 44092 32661 
56626 12867 16148 11926 85489 25479 84662 50022 17523 22240 38598 54381 12686 4263 46654 5543 92873 77772 53839 38215 
89414 40615 59530 66495 10346 50031 29360 64970 57534 9595 59867 92097 97673 3681 42525 2064 83677 69186 97488 15529 
3543 64888 37501 65703 79165 72824 13777 81219 44534 64581 17477 88023 98040 90150 27880 5478 35523 57154 21737 13250 
81659 22240 20554 71025 24258 37150 6208 32953 62184 3208 81589 36141 65842 63765 27118 95500 21054 78820 60213 2935 
74892 37466 72379 5824 33697 285 85233 80688 20494 85689 96165 4849 11312 70355 71078 73074 38504 71428 57044 3623 
33163 22207 10517 63021 48010 87033 1151 44433 73764 68162 11960 88278 53481 4749 9249 46337 26843 39659 75832 83499 
17360 48126 62312 40632 65072 51924 50696 42244 32623 53059 36174 37802 70376 19575 79280 70199 67285 93931 55803 87709 
5981 81595 50132 23676 15523 23822 19844 98601 74209 3665 10476 34082 31298 63363 31659 23769 39130 48204 2095 84767 
81815 28229 18644 79759 46155 88700 83535 41977 46890 82816 44041 13694 61031 62309 60207 15612 99185 44546 66958 94105 
81121 50247 15759 97702 9502 80997 2057 64090 79756 23431 42284 35251 31681 28255 92249 65090 90133 65390 22948 33280 
37820 77295 63666 93083 6685 71182 32986 35586 61987 5906 40100 58002 66783 99341 83862 88194 39456 33593 28136 73286 
38002 5982 15498 22585 54692 68225 65855 75772 71232 66917 41067 17951 34203 24588 40216 39651 27540 73349 53536 8621 
26202 33103 73601 56221 23162 24049 51366 27546 49377 31520 92556 22496 99924 19868 48351 55783 76817 82050 11357 83640 
17521 83076 62368 20861 35073 85903 8471 66347 36710 43284 39209 22495 6013 14862 99088 85667 85525 8081 13838 63101 
31473 61413 936 93350 20770 27251 8722 60889 38007 16753 89025 51167 8029 77334 6271 27105 91454 33803 15756 46459 
19219 30331 81757 80518 58424 16385 9085 11631 45698 43594 72046 94761 2587 62409 91111 42690 26441 94342 56025 21740 
31083 68388 79509 45018 64587 18283 36168 61523 86371 57696 7736 5319 43404 29268 73731 23706 80738 75133 57608 10466 
39177 92705 51769 59828 28091 46464 90401 20332 54134 54828 84350 87868 77090 36756 61443 58217 4772 29419 20607 83134 
97579 76311 87337 81879 6635 86986 87667 83050 47861 94432 93603 35117 85814 5499 17420 888 29247 31647 60256 89625 
71110 48003 3061 10613 92547 21758 84815 58555 3136 31399 53855 49904 71462 55671 83102 69512 32943 25047 31302 28126 
90959 3815 71824 10256 55645 77361 70124 91321 45568 70823 67190 1039 61 92245 26374 81599 79671 65504 25146 18669 
32227 70039 80361 11899 66179 36687 63720 51037 31928 25337 26009 34926 42895 84584 45254 61161 63981 44079 77432 32988 
2378 17659 41068 55103 55195 57540 73410 64190 68063 95608 36067 10176 20158 93718 62496 72162 43818 92580 10687 64276 
47412 7243 1696 20474 14154 97316 21477 12626 53787 86305 27938 11560 46848 88025 16640 7474 36220 73365 90717 76012 
71116 16869 42254 68614 12322 70453 52201 40752 66991 82446 15397 37475 5183 38340 77103 23616 32941 61119 41035 70302 
80373 55692 39268 21396 78370 96539 8107 74233 35669 59957 33970 15762 93879 14994 71200 95478 41387 3077 32868 32181 
95754 48135 45241 90488 85706 17505 29597 93027 53577 23967 41474 34253 72508 59068 4437 26326 20444 1982 86034 6281 
39337 84068 99094 78905 88248 60013 98384 31064 85355 43637 51654 2077 5062 69448 96303 43647 33751 13261 1676 91826 
7349 46949 56851 94946 84977 66912 91590 87386 11253 87436 76433 23510 50917 62465 85591 63746 27012 70435 6942 42679 
96068 259 84192 94643 59501 457 1585 70649 84735 36718 61759 74205 29915 17422 67715 74922 49296 42035 33414 66880 
76182 38401 13514 69388 88024 25122 22789 58125 49574 90570 60726 91903 94048 24533 65396 26739 73322 12860 17584 43055 
98405 96714 72103 16468 20280 86959 83939 39429 4998 3440 5150 83320 54247 96090 36324 65750 51106 55733 79602 92152 
23907 90774 16202 55050 69000 67013 39186 7105 3419 23057 61157 56618 22717 62583 51458 95761 3298 51667 40201 14915 
29088 23847 5758 69633 68643 3476 82107 34095 39397 13648 58925 4153 44980 29546 12544 52252 46635 67151 12125 81334 
89796 23649 89533 76188 27229 22610 20494 93622 32000 70787 13447 65607 83885 75890 78976 33567 15981 4778 29203 92736 
74975 95305 2518 50941 73763 16815 46633 75824 23350 46576 52937 98506 91119 98671 57577 86796 7130 25772 25875 28109 
85187 52013 28648 50992 25207 47194 10581 18747 34861 24224 4061 71760 62988 28390 69659 82583 50524 98641 80170 289 
18519 96349 93329 17062 54302 59318 2098 36347 16342 81318 38850 83799 40063 85947 8290 6172 39819 68912 41209 81403 
82268 36071 75621 28193 62603 94631 48006 21062 97408 80932 29094 10397 70301 34970 88170 81025 19615 71682 54723 73638 
57778 1214 43363 54246 15799 87728 39719 515 21482 23994 55353 81238 62340 51742 32921 54630 75414 31393 27370 54753 
22256 63711 74234 43396 8616 46887 63501 86764 43721 56275 70943 18408 32252 67831 71716 76690 16471 60828 56645 70471 
73655 44584 37239 36657 65582 84733 57922 36748 49802 13221 81358 36768 36065 87434 65139 601 60774 86522 26505 6631 
23030 30870 74250 56715 14962 79688 70187 84861 82752 54547 65466 6347 64275 2627 75931 56312 33481 70457 76337 4307 
64931 3926 60600 99141 6889 54650 34274 73236 85582 8467 98525 65318 72811 11655 51657 524 17593 57670 85249 83607 
56471 35419 50540 75423 82845 62636 12941 51093 71399 63871 92793 71461 38933 56426 69517 8689 43484 85440 66565 51027 
75302 20150 10041 34 41829 82049 4747 70008 2334 21049 31048 14652 40438 9260 94698 9888 84820 41157 39097 79389 
86867 81165 66185 16628 84151 26202 54668 49598 39741 26467 52357 31601 37416 98490 45667 8629 47526 95475 89940 75277 
46304 97008 1827 6357 8968 11056 94791 58079 65248 66218 47372 13235 65284 16619 31533 27348 59599 43360 38806 50282 
32755 18157 36154 85685 44226 7286 48477 32836 33255 59290 11657 88218 17454 73012 89955 92875 62360 45485 41194 24884 
95374 29997 45849 64691 68423 17015 64642 38599 19168 95698 42178 85662 75625 37214 97468 28315 24434 49041 25659 67289 
32570 39186 18206 22023 63053 60955 51513 36427 59027 41361 67980 75454 99357 44084 77960 41350 8141 82505 63693 44359 
21850 13427 73865 72428 48219 89018 89620 91945 9090 47069 64821 76702 96011 93435 39686 52118 25733 52847 10096 24213 
53775 48466 64433 28075 56129 96219 89366 78181 34661 60257 65384 2631 24220 35344 96897 53181 55712 99706 35003 16425 
84296 59433 24648 3606 46674 54573 88166 96102 93860 12608 13393 54940 24584 72638 48996 72519 30502 74409 77772 58061 
43523 15870 37564 54152 59279 14463 55159 76184 67714 93347 67432 8279 22621 85351 98391 32947 11771 16578 78161 70295 
6424 10729 38839 83905 70327 64117 39757 53218 15925 95135 27212 86900 75367 73211 19890 83255 11038 69893 31002 10060 
18195 30972 93115 27718 5198 92548 40838 85056 23404 29051 20245 70087 3124 92419 35964 25101 7858 30681 60414 64427 
19988 55883 49616 79197 99178 18540 5772 41114 99823 26869 91620 29773 46015 64277 98721 77554 3386 10121 5951 3316 
90090 23841 8006 37755 66786 18182 98695 84911 40044 71424 34528 37174 96772 83518 59528 25150 34441 73064 42763 86790 
1119 3026 68738 40150 23198 97248 51118 89864 72865 82804 45362 70212 15792 24337 7696 54082 119 8325 20424 50202 
74465 67920 12635 97763 86736 55660 34391 6016 32411 54122 90330 93273 26470 45013 108 5902 21206 24645 8976 74114 
93815 74633 82324 28918 27516 22417 49492 6586 5678 86847 92525 75427 61751 47356 74173 45015 79120 80096 18837 50587 
74555 69584 82594 3931 21811 11322 1707 81377 5397 5370 26052 46937 50476 36632 46526 84594 99103 16319 72756 92411 
37977 80557 85620 8020 98078 92174 40528 50379 52289 22837 74108 7317 543 73926 72795 45702 6115 8099 69135 49399 
27033 50507 15031 90773 56808 23909 19573 51656 83586 24436 75514 11301 58813 1498 49952 88456 33806 19056 35943 60678 
41827 18553 28015 65828 93855 95342 34032 3547 65324 3760 93621 57247 19144 81469 3045 5033 45870 74142 33076 62042 
17410 465 12709 4122 2570 51989 9391 77737 46289 20534 56924 50691 35275 80974 89148 69704 10396 86703 39113 38177 
56993 50495 96373 99536 68189 91948 74720 72641 53988 75925 58698 35554 71032 13616 3903 8412 44743 69910 1478 19096 
45775 59834 70395 67505 91994 17382 75106 43455 97354 12345 26258 67659 26769 71120 15361 49542 22180 42148 4265 46056 
33435 85025 69525 38154 57898 87125 87139 59473 4763 88377 97643 81072 42874 28349 42079 46426 30115 97010 21066 21650 
60277 42611 52162 14014 81665 39325 69989 99619 77230 56818 39906 46066 59907 17019 28599 10583 27642 44868 68761 19379 
89894 35638 18147 18676 424 48097 91021 45635 73834 85696 24113 54373 55602 48999 93089 16321 72532 76575 69960 98732 
539 79913 12547 7026 3705 63488 8337 49721 28519 13680 84201 89339 24725 33275 18947 53774 22568 20704 3904 52392 
70397 42689 67900 90512 31421 7077 76372 70981 41198 4585 99414 12573 45301 60016 61577 72680 9212 49382 66687 60283 
34945 44642 16884 76930 56949 61588 68061 27479 63447 70082 37682 45810 78301 13302 34380 99545 7160 62172 16891 73695 
82427 25313 83091 56453 48129 89785 47081 73650 65027 8722 2862 59244 74250 57456 1140 19740 49 25888 45145 66535 
13549 99016 76785 28577 49537 94570 95877 8981 36719 27162 46146 66882 84022 59137 65583 75106 10136 3100 87436 95950 
55427 6688 91548 37118 34636 87707 10196 88224 38785 98240 97998 75623 3059 72051 35158 55676 34347 58921 67252 18130 
50963 80893 2816 99665 97853 72732 34785 43973 71418 12775 66820 28549 89028 77439 26255 9801 61489 5911 66001 47565 
12028 87064 27899 3216 71993 28385 96804 69878 42202 26531 78857 14046 18890 74331 45917 28512 86405 35549 34103 82192 
31346 30310 84602 77616 73538 46142 52020 16400 43134 31192 55870 47471 42302 71330 10146 22514 57332 56279 38965 55979 
25290 82196 58281 1619 77274 99513 69887 11340 86784 11665 43191 35746 37931 4460 4220 38078 29892 4561 42460 80660 
76704 641 528 57478 42682 33024 56904 50681 33472 59628 82953 66588 42577 54354 68088 73675 41167 4076 82695 23545 
63706 85877 85276 34500 33857 12301 6119 75328 63349 19550 44436 94035 20829 60278 12881 81496 37785 83788 50465 88822 
7491 2161 49345 28827 59854 76483 81931 95225 55919 28135 42841 83598 44744 14288 3020 22008 87677 47356 37557 7300 
87440 11194 53604 24528 66271 11695 35145 42212 43423 89834 70140 8101 67731 27710 94752 49557 92527 83663 38381 65547 
57002 29784