14382 87051 14484 30073 62564 83642 12805 92222 86319 72326 95811 88665 11640 65635 66438 60625 32665 69171 8379 35648 
41513 12515 89022 50221 67368 8277 94654 57015 87229 82169 92530 54185 2634 43197 9145 44526 14066 37865 42239 95073 
99918 39604 31590 81156 94604 34533 28922 66758 39821 59279 1344 61436 67422 12953 48496 64721 82391 16576 55077 66301 
92201 4354 54628 39782 84229 15547 92558 51617 7358 49779 7928 38843 33435 39104 64479 88647 85828 58579 46274 37114 
16312 14380 33157 31637 37731 11171 58419 21286 71799 23608 63808 17200 36960 29606 7253 63993 73887 72769 93476 80111 
8876 85713 6120 8761 50089 89547 21389 20479 84226 84756 64844 38119 35308 93092 99438 18022 31619 95866 76814 48557 
54010 3167 1481 17325 61485 26302 31582 74220 51535 17041 33708 38280 43505 65737 76363 2676 93304 97691 26808 45299 
67103 28421 11474 30778 39576 46172 96716 78795 6369 81266 54864 11793 21456 33334 69115 72194 58468 78154 61936 70958 
77989 93774 68273 36303 39447 337 36883 61456 27993 90543 66054 11780 24836 93027 82656 87481 80607 52634 16990 11105 
11700 90192 13914 21086 41916 74826 62597 46463 89716 59193 19467 91092 90280 42305 31912 57103 79990 75468 65552 43218 
50802 19811 63325 8604 78277 85969 44646 21732 29869 54127 41149 4064 14344 2337 33593 11128 91708 89768 38366 48674 
34703 19132 73652 18349 99449 40016 98713 9306 87605 25304 87496 12940 14256 7537 5618 19112 91244 26451 16064 91892 
4162 56537 35383 68996 96167 31462 14748 53206 60110 29348 28346 60125 91523 77590 89625 49396 65353 14392 48089 17779 
52754 15555 46127 86769 71163 50499 81440 55654 54856 27750 99270 79998 79199 67682 81682 43239 24710 76052 13065 49610 
36943 80996 59548 84634 74770 6950 41155 33173 14399 70225 81695 71943 43733 90132 45607 94312 49021 65774 3210 23839 
45232 68883 80737 82435 14664 15701 3069 6399 59446 90644 98811 98095 95714 38372 36405 20696 65819 7993 55548 92829 
99063 98251 73656 73825 77316 52706 60635 6508 39459 8570 30991 66472 23461 27188 31522 37856 67510 63109 31167 51024 
92630 28005 49424 936 84284 68716 89951 76277 22219 49818 51131 20892 30322 25879 93469 54775 78682 773 44627 30175 
6813 28602 55546 2167 87193 51619 63245 80430 94987 79794 57638 47029 63682 77628 43897 44034 86747 62548 27556 57290 
25990 94276 9298 5745 84072 84579 51357 18864 80418 40690 5217 8558 27819 14814 58382 65402 61893 99570 59814 41215 
40691 60389 79262 14463 35141 88559 38687 47566 92827 32052 98207 50023 42354 52517 33899 33938 77832 43701 91936 41468 
83840 9117 51206 23785 83051 13877 79831 43851 8511 9180 75541 63975 12966 87105 62106 14375 1702 23753 96724 70606 
14144 43116 96160 25952 30843 69097 36937 96847 70130 39222 83382 32369 35042 13273 85076 94455 68610 99202 15391 28024 
8632 75616 62907 4356 62393 12581 50630 21051 98649 1388 8822 27727 5391 71693 44927 2661 88570 371 98136 21866 
32792 41961 95358 91862 1095 10202 77830 48159 24342 40679 31002 47327 12119 76304 37157 21758 57296 15167 82411 1494 
56851 16383 8631 46085 10630 88613 27900 2815 72847 77392 86023 37528 43303 7246 94157 17899 9663 10068 75927 40465 
90561 22334 95698 91452 53992 73191 97500 27608 12253 33781 88242 51934 46296 11055 77368 45363 63206 36101 91042 93577 
7265 46591 6801 20088 52671 53187 53579 95379 67035 53677 66175 62295 73040 1139 95367 7340 95969 77431 36432 88510 
65917 75189 30444 90254 25742 25989 4253 87760 21645 8404 3080 13213 64515 38431 36478 90134 70759 69078 58675 58195 
10003 51855 61867 28980 33907 264 99121 67988 45495 64132 3082 47958 20106 30448 56141 43287 18723 26990 63723 21273 
37432 70212 60824 89025 59617 40803 32082 4150 16257 41553 84778 25184 38774 61233 44262 9029 52978 3042 11968 78989 
4665 3468 57268 5553 57777 7231 10458 65686 84826 71821 72655 55199 93993 6126 5889 42442 6425 51697 50482 15220 
59772 73047 34200 44058 59371 84050 52258 58912 31078 97471 99241 35200 69669 39218 99309 87813 30513 886 29489 13214 
41653 42150 64383 9799 77545 45774 94804 98933 84539 9657 97614 98692 4588 53206 37335 71377 93593 93498 51771 86690 
20760 59254 99929 34261 33168 8024 20137 87349 78829 92249 55356 4146 19887 90940 29254 41660 94819 95612 96615 47265 
45130 41344 85290 79587 60557 87403 81865 36189 9331 7445 1985 70350 66406 31457 38725 69804 77646 81739 97586 47570 
57188 84182 90591 27249 4259 3740 9792 8005 98296 81579 16916 65738 13713 89487 77993 38458 96099 53861 8981 77536 
96716 36382 17413 53691 6935 34450 73070 81518 82547 77432 53410 75304 16189 16185 42015 43103 48047 75417 89366 33653 
69177 74113 62862 97767 45300 79679 25513 32458 5055 53078 78151 27773 51129 79739 83775 99525 50074 7677 79333 44470 
73696 1375 5183 50249 16439 15114 12195 56346 35665 38617 8493 14322 83530 2267 7632 32270 14332 54086 47741 19213 
78629 10220 4534 18480 85959 36883 64030 69105 74019 19550 22694 4417 83901 71543 41100 11047 86090 88750 58664 2992 
53993 21147 23371 73880 25300 82797 36331 57766 92204 24877 78343 95904 78678 12866 8007 34782 95276 1698 39541 34546 
8911 71322 28336 65839 96263 1037 92267 27318 61382 17660 22440 423 76571 41611 83761 44470 79884 78782 40026 10382 
62176 51507 11902 41151 40455 45182 45698 40951 30155 58350 6175 28335 88762 44751 1119 74664 47376 87016 11801 96994 
92593 76428 26942 9832 43070 58304 99183 14055 25866 35396 88609 44279 70588 64691 47776 72110 41489 35719 56122 3128 
14056 11950 45964 77119 91433 70710 68303 53721 13231 93129 78390 80939 73422 90997 8367 88312 51626 69846 37965 34665 
7338 93913 32680 69039 53268 38574 23920 66542 48595 25989 49018 85927 58364 9543 86308 72605 86910 36349 35539 8536 
55002 53546 30993 49388 97946 38863 13848 75121 84260 82551 79368 33278 4361 85450 3371 14673 22595 85247 98751 51401 
79729 52660 31119 43539 65683 93372 99534 40218 14061 29296 28081 48021 34058 70510 17138 52182 89724 71911 84998 45862 
7355 51278 82476 61671 8360 24704 43803 34039 43249 86589 33839 42924 8750 1833 4590 49526 25042 6640 27811 42243 
38728 47379 93959 75506 65138 30850 83242 41264 85422 82088 82271 25188 80868 40927 35131 84118 60466 23864 89790 8518 
19903 56707 292 39739 71560 60859 25743 31966 78758 9824 86257 92211 37695 77982 57154 56855 98295 56473 27191 76534 
50140 51895 81240 78284 66929 58801 33106 41879 3018 3879 79568 93719 30563 33458 50754 18802 39483 33963 85111 47284 
94684 71212 2260 6384 69204 83359 92313 34556 87701 71195 33420 48755 87716 12513 98810 36532 33721 45452 36707 31200 
72298 52892 26252 90182 4030 97945 9864 22173 7507 90640 9976 99892 96644 57120 84308 74747 42408 31242 52055 56734 
56627 79822 32395 58853 69236 8469 15700 66734 61343 49869 46754 82443 93551 19841 19311 18883 13438 60924 97749 8788 
74118 15676 80011 19617 27211 34176 89195 9518 95089 28791 78004 87354 95358 85299 77821 76439 5224 59074 91045 34084 
91647 63141 71467 28381 98534 39132 40076 46104 27395 4151 58470 45771 49465 54116 97957 79310 30843 44314 80915 75351 
86405 28794 99633 33943 17454 69418 99565 84305 38653 77706 62380 46523 90934 22990 10113 60144 88404 33537 54967 99599 
90678 99508 43255 16040 66000 33513 86903 65010 42397 43132 25769 70102 35745 39213 81597 32182 65050 25079 12115 83433 
3352 9606 97317 19801 59230 25478 92356 99290 81301 18590 71449 47622 11225 69567 66084 41120 44393 18940 83052 37596 
85145 24457 79137 65540 49637 15847 96733 80595 94225 87310 60950 62239 81530 67950 71045 96963 25467 74969 45223 54917 
89190 98687 60827 82736 52340 39443 35779 17624 34966 93995 14630 25265 74165 94787 8482 58197 94768 98784 44914 99510 
85060 80639 62248 1994 61881 74953 6384 15501 54027 73870 67088 48200 81999 42942 8566 65851 31185 32689 22636 85036 
3546 12374 76300 2267 29227 82627 8011 17976 48193 53689 197 64481 83096 13917 42691 19513 10298 63429 39664 88494 
58919 1950 29267 97626 56676 47545 64058 15497 60313 28885 41995 66730 79344 26765 16662 38908 79581 24676 49572 87346 
28870 8207 90340 37002 51968 4969 96963 35149 3355 45557 38290 98195 31940 24549 19844 20350 28754 56119 44847 79065 
68541 92262 7566 42283 9429 88294 7789 26942 16063 11244 49549 86543 22476 82327 91118 45348 81804 1386 96631 99803 
50021 31231 28042 3608 78474 63412 31211 83377 17967 28750 56424 27528 56596 26786 63865 9124 64370 69376 52196 8830 
48588 84169 85478 23286 95801 97756 17828 38353 22284 68983 41085 3760 24855 48828 77286 84869 88992 72074 87208 43905 
80722 31215 85587 80846 64707 48363 77544 8066 74809 38004 9663 36317 48782 91366 66488 30229 7033 73024 4610 89319 
71452 27691 84202 50187 65093 18179 61343 39419 36909 87338 51818 15158 50099 48515 74151 29879 77579 10462 32168 54278 
92245 1518 12807 46341 57561 72134 64326 33879 43458 94969 80951 59385 27017 3822 92185 50895 68331 61171 35082 50220 
17783 71839 53116 72672 71408 29473 44510 80729 79148 84690 68421 18660 7712 39637 99890 23215 42643 23436 73861 13435 
14604 86821 62982 13635 4283 43240 25850 51545 75843 40200 74806 10976 55302 5727 2243 96940 69613 17823 13776 3855 
55582 32604 79051 87692 8149 9585 38986 59028 72305 32162 47653 15435 88890 57898 14991 29271 67868 76114 54071 22599 
34763 85566 1385 18174 64710 36839 49371 45659 28407 43926 35443 70389 37185 29867 87078 76298 63700 48743 69397 35517 
22983 15318 60003 71808 96594 44673 63558 48264 92218 45201 67317 25362 67631 48108 86185 84918 50840 63902 12962 84053 
9411 97757 80930 55411 37259 59916 89607 57017 77047 78952 4837 77207 19213 1849 42453 60241 62839 73893 44072 22075 
87231 47880 46714 62907 61248 81212 38233 59399 68808 64743 32542 36543 9983 75991 48641 28415 81161 32993 47075 77406 
4126 54432 10409 55598 4798 95437 51379 19278 71693 79235 40315 84765 50056 90409 22320 19558 25057 58934 22863 13874 
5830 87102 56932 7372 88111 26465 50744 72916 81017 50357 16377 55907 34261 76142 38740 59387 21969 54577 20513 40934 
71141 99587 40343 85571 71133 7231 46487 63530 52757 85670 88579 65218 50056 79220 18171 57789 20683 37158 73539 31066 
632 56032 40279 82057 55150 25397 61630 69658 48736 42768 91644 20647 95702 11736 9761 44635 4235 89910 7744 46379 
34312 79756 74066 63381 42692 23485 65254 54787 58426 87330 96422 1766 30845 71558 88978 41228 28580 85675 28269 87631 
90310 55537 32852 33464 32527 1633 62194 84311 39451 86324 75862 92567 65964 37763 36925 38381 79313 23321 37463 52067 
14215 67537 44003 39437 76805 93930 27949 59817 97083 24104 40700 64763 82632 20195 48414 67536 29491 72678 14955 59266 
91470 66439 93072 99316 13262 32279 49061 53023 34913 77035 30124 39944 94129 50926 45517 81935 82654 98278 8380 21035 
68710 23323 34115 90632 36502 83295 35792 70383 95457 16916 95835 70408 39499 47482 63874 61796 72093 92987 75958 49375 
22045 58848 26919 40947 15801 44285 92166 52171 5976 84613 46058 41587 92312 46070 20472 15779 53371 59940 61251 30741 
42526 61106 48560 69372 85109 77431 53172 35560 55761 7760 87421 90089 75310 70774 13752 63504 18209 63403 26106 15838 
2668 48433 25452 43307 35284 52737 88263 34943 59990 68203 33877 32718 33962 23 11114 19855 69945 45723 80381 72998 
71827 4449 98265 69146 90667 66475 56557 98705 45280 31242 51718 37185 50717 73667 76166 34365 30081 358 6033 78293 
52559 90172 68647 32067 49737 55951 57519 87346 51824 44026 24474 72703 6287 47026 83525 28315 45026 97273 98488 2105 
10060 70847 16335 39586 97891 73813 79806 25880 7107 18917 28136 3492 94952 31576 39641 58692 6441 87580 47670 85701 
92001 81185 49353 91984 64903 42412 42745 32151 19348 62727 48013 42969 19235 45408 64572 53300 32229 55428 43997 28520 
36812 58210 55544 30976 50772 78486 60135 38639 57002 46828 70234 14288 46887 5176 2327 67066 59702 77777 54868 46112 
99401 50785 10737 62876 40375 98303 59499 81502 54720 54154 33769 14095 55553 47239 74552 42238 99070 44323 23266 42338 
33894 3775 26178 27633 60087 33171 68135 77311 47409 19797 82211 51473 33961 93357 47335 90921 80841 10697 80023 13057 
74777 68744 97053 5816 51967 88966 50528 86109 29964 38298 61325 65809 69543 76466 32333 33451 37150 50765 14775 90178 
42621 77007 11124 36399 68054 97975 53484 41311 95939 21315 58157 29237 91804 5459 93629 93122 26239 67574 10434 83257 
10449 97204 76480 24618 14141 93609 3413 96237 39759 30186 516 85401 34201 80636 73916 61650 84941 8370 25475 81031 
70902 55507 43805 35428 29140 6979 72105 91251 31627 64141 20831 65649 21852 27752 41441 80829 28050 37804 78413 71837 
92200 58115 88829 62538 33389 98960 50932 40255 47492 27655 88250 93393 83437 24737 58127 57212 27130 5167 85557 25387 
40170 84830 14204 98138 64858 63594 44601 71813 44641 8190 90247 44975 18148 15075 75776 3377 65554 32323 5205 54011 
34830 35193 68685 84688 50957 24517 63553 1892 75092 44866 79546 43471 17623 80 86439 15881 36191 65469 67278 20755 
75133 87951 98892 62552 76251 31846 82292 1622 96281 57759 75529 70458 56630 39125 96088 75864 23166 54046 84551 22200 
64584 45031 59245 69646 82148 82861 45227 38672 35036 3440 21531 97725 5607 82560 99960 94228 66461 21786 15446 50061 
85008 89497 99482 99291 22235 84768 72278 48159 81066 93869 42427 29368 73322 55243 26318 10743 23506 93121 37871 52401 
92421 20096 41820 40682 36004 712 5012 24012 19077 84948 78505 46297 72993 75586 19229 97954 49615 87782 17590 25083 
21753 7851 8285 75774 40815 11722 8396 791 19520 26094 46117 45692 92506 57112 50711 24464 24786 3378 72981 74353 
57155 20297 49972 77720 63629 75202 92933 89699 56103 58430 13410 83998 73993 51873 64792 57380 50308 15692 6999 28111 
72583 68985 71256 32806 41197 32806 27114 27517 13407 35982 26786 4694 28133 7113 62738 38513 85764 7267 29362 71272 
88960 28884 7146 39256 10430 44649 64361 64018 42882 8626 78491 8710 97342 83658 72760 99103 26657 29134 51193 97917 
18625 53048 56293 9948 95355 2735 38732 15019 11557 95862 85073 81757 48595 6825 51582 19740 41907 83105 33970 49458 
83942 45498 82172 93574 25846 35555 37642 5810 2786 78366 13971 28001 39829 99016 60382 79944 39254 66031 37154 65334 
70819 57365 90013 85390 27269 56436 79686 53161 21883 68584 98148 71062 88822 5355 45319 49189 63850 10786 38561 30849 
26783 88779 25346 41782 88129 21967 59251 94005 77981 56771 6912 26813 68569 11353 95249 66843 40450 94828 67725 33886 
43832 4546 64661 89662 89912 94671 76243 45031 78060 28138 84813 66330 19679 40456 13757 42262 27853 16554 21505 79121 
35526 33764 52633 96069 88225 11499 73478 16132 87125 53683 6886 24504 10917 67291 39253 1190 98112 66285 53837 62972 
96716 17517 51211 30386 43117 22716 2531 17611 53288 86355 88424 89767 7554 20649 69664 36881 84527 68025 95569 9896 
27118 67200 36228 97853 1253 7722 3083 52891 54506 95906 76034 29728 41117 28537 24198 35678 12587 79481 72660 85530 
64335 89362 61709 13492 93857 16517 41346 20163 62082 46705 30317 60569 98240 63080 97627 66700 51531 42232 81387 77799 
30285 93329 63001 82115 8306 5531 63674 29171 51254 17996 91373 9933 4375 48977 37113 73803 95901 38984 64843 32282 
43654 45939 98503 75403 53037 31117 5973 29557 90138 74631 12662 92059 52089 62958 19252 14891 71214 30538 92915 72090 
66765 3762 29775 50610 32277 99436 52849 83165 18837 87755 30970 64118 10595 82972 23197 53811 21906 43535 11793 90654 
23874 15442 98210 94427 99962 85563 45276 42298 5626 57064 55520 34604 57769 94478 30173 3897 32245 10227 10839 44608 
71208 86700 32600 92831 11282 1239 34373 72834 20155 28570 41282 55600 74146 75306 87424 79924 19853 35861 26776 99127 
72429 90070 13938 71136 67781 92783 27255 98071 84783 31459 72310 843 23016 38184 59658 22637 1258 97727 72376 62221 
81420 95806 58343 55147 55895 39647 29940 44796 95246 37430 84300 95918 13194 51529 25871 96917 68751 81073 81138 28444 
97230 80391 50565 34581 99337 80254 27911 50888 89207 82315 5258 13720 24169 25622 98820 58101 3393 55279 30946 89530 
33340 34736 22214 2838 90192 46118 75748 31682 67622 10327 75130 76758 60196 24573 18553 54197 29670 39971 80894 33596 
90282 59766 58461 58259 93260 88657 42810 93634 79212 25233 5941 42757 23837 94239 43299 68970 50590 61171 19291 12023 
15646 44049 52320 27213 39227 30492 75784 63201 97625 19193 47335 51922 71793 89767 58352 12527 45436 2426 83534 67971 
78749 37264 89975 91469 60978 11746 19623 88983 72917 91114 12719 25210 67644 10131 41234 20728 14097 35785 3075 9406 
95036 840 12170 26799 8859 12656 88112 58259 77292 90998 7317 28306 90972 67971 11111 21243 13827 43626 58625 53919 
51198 98777 63303 81674 30539 43054 20315 43665 80295 22172 38829 77474 14237 44554 94368 21040 16323 23659 8784 26116 
54120 49219 34918 18485 57332 77538 64458 3229 59818 98173 36330 46746 34381 9449 78030 92872 50976 44884 9292 63023 
38574 11962 21396 45046 6950 48511 8755 54371 31074 26270 14409 39230 83830 4777 84832 44074 38203 58374 4339 96781 
28720 75188 12302 11151 43887 20062 98410 36518 51766 52677 72426 87859 27997 54409 50362 63154 70449 8886 88595 54632 
19326 74580 54934 47882 80893 903 62727 31821 47907 12187 20943 93209 85509 38758 63038 40765 57309 78951 92962 32411 
96556 86873 89066 88032 38781 59979 51752 59763 49041 5022 16491 97568 82997 13882 82336 34681 59265 1253 70256 71544 
99895 78342 51200 72572 48011 92159 83607 55098 67628 40301 49305 62566 68111 76517 22618 52666 82123 48828 75629 67590 
35865 90095 13439 93648 69310 91103 59295 40477 17949 88479 77806 41541 71807 68922 9351 36793 81288 56388 21220 4164 
75975 53967 75245 66746 69584 32867 5518 65489 48081 22836 70653 12897 81753 37467 65788 52606 39059 74364 45014 31194 
66390 11929 81423 89467 15910 52469 76104 47568 88951 15607 63569 62435 70776 54317 72504 82296 68989 86357 98253 60326 
47391 14029 93651 90721 26136 8638 42924 8497 65051 64112 81396 12342 69485 4705 58890 34559 40719 20070 96596 154 
32528 93179 86046 29733 24351 97924 32925 72847 15338 69322 40055 82615 81779 32204 31356 76732 99803 39054 68985 68550 
75 67311 78106 8820 81116 71566 85627 3598 11024 89255 12604 39779 7334 27207 13292 40595 5470 73334 20811 74370 
71035 16009 11474 74533 6466 13291 84125 63357 71441 7673 58323 89936 50720 11873 89751 5860 83807 62281 25395 7335 
73047 25466 38786 40894 86814 68418 28774 7522 47187 59676 61620 43574 56366 5734 37299 84856 85958 29104 48334 19061 
44294 62240 18472 64236 72005 24163 75833 30919 19531 51068 5179 18057 6229 14806 10980 50775 23399 39726 98675 50965 
49751 86921 59869 85838 21109 85495 39200 13291 15056 11291 58146 96225 96597 39167 68190 5490 27427 71093 90658 80628 
24022 90589 51391 36306 40608 54366 56806 60756 77399 39867 19468 84937 81855 88451 31647 98955 41734 49206 66541 90416 
35778 47543 20318 89144 80387 79569 79927 72896 23748 40936 72106 91286 79194 45069 75030 69614 73858 69479 8758 30947 
5010 11329 90683 38051 41297 57888 52846 20759 94406 47711 52562 81222 81670 70280 38364 89329 7144 50775 69579 32298 
95093 64387 6442 19215 17760 87130 4692 78647 29565 97251 80037 75182 36545 65834 86993 46286 62685 38679 40711 41272 
40093 4097 59605 10777 64100 1493 45851 66571 75717 74851 32385 27993 61792 9554 67640 72905 83790 49381 79407 5793 
42147 34844 31561 77715 290 9326 6812 81157 95414 39667 94584 83498 52894 32829 1015 26986 29012 79200 18180 85130 
14026 3049 36982 68968 81595 33292 73176 30663 21119 72326 91922 62923 4722 43170 39547 83632 50065 86695 55426 20058 
82601 32114 96912 35265 93057 66806 52084 71975 53036 77877 77419 43088 98283 21610 6045 25458 67780 90372 9129 12687 
17688 52701 40522 12428 32760 74894 81234 56220 587 66428 55928 5938 21170 64463 13899 11904 36694 63878 62006 79719 
58752 83557 64738 49431 12934 878 14638 88636 29209 25953 39138 49498 88610 69420 17815 93983 15031 60460 67249 83707 
53057 18051 70358 11293 68975 18098 89028 94301 77173 56514 17071 4023 82797 78988 5911 13425 63780 29693 29081 91914 
90766 25893 7008 4791 90819 85600 48480 47185 82955 42786 94739 52960 93330 78193 97333 29339 54378 80859 27951 62572 
18384 18745 56163 51015 65735 67360 82242 42159 53552 52650 23077 19739 43978 61224 93616 56835 54711 17327 85727 63824 
13318 56483 47132 86032 39875 49862 55526 29067 11561 64155 87142 91655 53184 27570 61835 17632 16504 57418 70197 39505 
51094 81768 20881 15824 56308 68731 10499 72100 4314 91995 8022 38648 14186 55754 63370 54535 4765 39062 30171 2241 
96558 83920 89111 77715 47196 65981 90224 29414 98625 51906 8215 53690 98681 21906 33822 16685 72791 33958 82978 13096 
10546 57273 25838 49748 6353 51603 80723 70338 15304 35471 32370 25611 69446 63432 70965 53433 18642 20455 79153 13851 
42293 92187 48316 48015 83336 97536 83424 33327 681 26408 94288 62794 57343 57925 48215 86150 12331 19455 57945 5407 
35219 70899 45763 74611 27702 73015 81272 36723 99198 44409 41146 48686 29547 11416 59211 58019 75880 79775 69191 47359 
48633 23679 70561 45410 16532 87602 13276 80662 30017 18704 34187 58389 24750 32690 83407 41408 32672 5079 85896 38761 
90865 29600 88555 91867 2696 79102 49448 60917 96150 1316 98644 3952 48882 47368 13346 39443 8619 68036 62464 65590 
62586 7008 57377 69041 46393 79238 85918 4451 62850 99533 35643 43265 66056 5668 92290 89053 7997 27260 82496 42348 
5503 49879 59397 32706 23097 30958 72963 24900 47967 32805 30025 31099 81760 15217 34883 49841 74320 99574 65048 26696 
71148 88431 78087 74659 77165 23267 7878 24954 16524 48837 47065 26715 52456 44312 4814 27536 17751 7727 34184 71457 
38675 11512 14061 98181 49910 68350 91471 54573 25097 61603 64177 80998 71587 7092 71629 45749 71522 62736 37745 27870 
26353 21195 46335 91344 7774 80986 22128 3157 56199 30645 51014 74302 14417 67243 62813 91658 51198 53722 36063 1914 
2970 4409 64233 42000 27358 48809 68106 32104 26714 80274 98635 15452 41947 66648 53286 44232 4016 38486 84565 51030 
723 90547 96407 79599 42455 72266 80336 833 38490 37739 24925 46868 28600 32677 55224 2584 92663 34695 19351 66386 
18235 1384 36128 58454 88773 78502 84937 99113 99735 47360 50732 31467 42148 25861 88026 73726 9435 77438 20465 69755 
8014 51577 20171 71990 84986 52580 93642 10727 9834 2802 68402 67645 45338 3137 6481 99186 64679 92403 7466 24959 
23779 85570 48000 54327 26379 68454 37220 46048 84847 3781 64942 72507 38489 63343 44703 12971 30747 1528 47209 41789 
95454 50195 40315 93175 10946 70658 70339 85332 99548 87969 57642 19766 71229 1178 89672 20226 54596 70139 38808 64148 
1471 16875 52013 42459 4076 46096 32461 28367 8860 3297 65932 2084 16960 32113 25875 90115 51512 37200 26806 58489 
5624 35733 32945 58784 1150 82469 65278 88155 74285 38353 46261 3481 51324 61260 62223 75686 5724 70170 75115 90204 
71444 79175 37895 81350 12181 11492 81018 50915 31804 28028 97229 98500 98297 47417 87141 50921 88602 6595 51182 79269 
30455 65982 1175 22084 63372 50695 19475 74855 14156 13086 15371 48297 35211 14067 9174 1287 23697 32959 19126 98114 
62682 63541 62809 95543 91457 49768 43242 23526 40637 27432 18653 4473 29416 46000 34661 27528 45431 58860 73630 42946 
28639 20738 34102 10228 33858 35586 42423 10394 22205 79793 65141 48633 72928 23132 62795 88893 79408 45642 87567 39691 
1764 47585 24428 44273 19274 66783 96057 91556 94375 52443 22708 41781 71752 37459 48889 35475 82402 39819 58693 99214 
12128 20145 83415 91294 93207 87019 97819 11696 42044 14747 67715 92616 1681 83513 52656 11973 64296 54405 45311 67808 
8336 46397 54476 384 42975 98238 17238 93884 27601 13996 34020 2309 61418 49708 75633 46462 29295 22705 31624 88947 
60927 36845 47281 70322 65496 3958 71937 33940 25106 71262 45736 43770 56353 68986 65449 39464 3061 51989 78187 38299 
64234 8455 41418 93700 89276 45374 14653 49788 71774 49411 46644 52332 47765 3292 40151 86579 66223 80604 32873 99730 
24509 61679 42147 84944 36537 46377 99277 94413 3745 46971 71613 44159 7888 81162 96333 44674 26748 31430 77987 58504 
73273 1062 60140 46111 32480 4975 50229 79537 53255 30738 69847 40131 86961 29507 58090 13215 2548 10520 86904 40952 
66939 12047 47243 33661 47096 13244 98812 85935 86554 5449 11972 90070 59559 10708 96801 28137 25854 68144 66385 27900 
85273 31718 16352 64231 68884 11381 62364 88346 43373 99604 81755 8434 4041 86606 57 20814 89803 24061 16955 96905 
67953 87574 60370 99487 94689 23077 57124 70153 30899 17939 14157 86116 74351 51778 62384 51341 62636 81979 89839 50598 
31418 70922 58876 60565 36043 92415 46700 89768 91787 32932 40130 37188 70848 56458 12795 75464 9591 4207 66596 42367 
53147 76341 8753 34466 64075 79599 1028 23679 61747 44068 12447 90836 96943 8948 46923 20733 53742 97183 28289 67053 
49850 31254 86941 26930 20593 70779 25816 96984 17307 38786 36751 48619 8360 49984 94367 75162 78404 56746 30586 11747 
5040 85774 34905 54809 22113 51453 10620 67382 16575 93096 27264 56678 41746 66091 72096 34121 12882 15229 17806 65263 
42966 203 77454 81028 42643 55012 57842 67676 53254 71038 67650 65239 79406 87420 40604 53162 61398 91706 30871 14414 
5056 15755 88913 39570 20004 93693 25420 24272 82836 67297 36478 28716 80860 35286 99332 14366 63450 91351 53007 34420 
54909 52787 80479 16216 1455 44273 91798 92165 57236 9587 70534 32080 47032 15913 54305 11513 60751 71452 21069 90078 
18514 28957 94932 45470 87986 56954 29599 44265 69517 29678 61513 70457 40716 83270 84645 28249 9141 1051 74744 45367 
17260 16617 86548 17676 48848 74228 97922 39361 71652 95443 21064 19108 39072 3507 50392 17162 42524 27209 53250 78627 
78212 12602 80444 7455 20087 54772 42882 46514 5295 29282 12622 10767 89406 27281 8613 68898 340 28372 65819 39644 
25278 22475 42502 3657 25581 34703 46257 71161 38767 99362 32425 8076 65284 52438 79036 84297 46921 67205 67650 6904 
75916 339 63833 84563 71621 98184 21156 69190 60393 5341 4998 37637 40728 18620 25614 64271 43461 44939 85947 87088 
25257 37094 13320 80931 66821 45806 84774 47578 96235 54564 90067 14 33413 55244 98947 79964 70757 42195 36200 2692 
51523 20027 68983 75772 31109 62670 49846 53264 93239 33141 32240 1359 49814 41470 35621 59823 64032 9179 14250 18331 
50484 80559 4598 53692 72444 5357 36084 65212 96069 56517 26057 27283 75480 11597 1103 51201 18399 40850 77741 96263 
1596 47345 38426 26446 74712 43908 91644 15434 57198 42121 6447 15589 43136 55831 82738 32647 39816 67676 81894 71006 
37108 57917 28213 17641 73089 24400 56171 91853 68089 31693 19884 62423 29891 92634 31884 75106 50062 44925 14970 42336 
38542 65379 27739 21821 1054 48694 21989 10542 65687 82311 82270 27993 5801 26652 99175 42062 56399 75377 26821 96839 
80328 84773 3312 37471 95998 24642 13397 88481 54738 81022 78347 74099 97730 94937 38874 40444 92847 25711 4293 67391 
33187 99783 38227 65424 95513 71054 53982 31042 71618 41646 94760 42313 95639 51763 50112 63240 51450 29716 35855 77410 
46801 48206 23690 58345 80216 17876 25425 97803 76006 42322 76271 21618 47146 39649 58482 58988 55602 38618 16855 20030 
85641 72425 35379 389 73222 8759 81209 26104 74524 79773 12162 35016 57127 67130 12223 17589 29527 79851 11956 72435 
25677 9402 87597 30478 68214 81110 63707 93731 74724 23414 19696 8314 52062 56339 60752 23496 21649 33530 70804 17150 
2519 82080 51233 70754 92538 31832 95847 32190 90635 47411 39658 44473 50 20730 40336 82077 56954 49287 51832 89636 
23075 95657 73877 2940 794 40019 18607 68752 75195 36203 50329 11661 6947 68507 71887 93996 17337 35310 43867 11712 
75542 84549 92477 74938 73886 37261 45102 93587 32019 22627 6775 74886 32963 73663 79025 19194 71937 15578 24461 85175 
73863 44885 60447 60776 45742 68840 60925 92136 9146 3029 42256 34467 27785 25836 11068 99937 95192 51438 77297 30634 
3086 46839 49513 27013 49188 9734 89006 63512 94998 32408 90174 92209 37745 42101 19968 40299 93591 10086 68660 96036 
93144 43721 99573 91572 33048 4216 14807 84334 77440 35266 51058 89829 80055 45609 86489 59124 66439 42764 82301 10778 
39323 77859 50433 96743 34199 47918 37585 57757 89726 83744 24286 91311 99292 5494 84985 47868 44796 37564 52053 39018 
82737 46690 31106 94204 5679 62194 24718 98350 90426 99979 11311 53190 20744 95716 80454 74481 77199 13438 32266 70529 
50367 44293 2185 76520 73625 62713 75558 18230 4705 53808 71951 8504 45763 63201 89251 11372 77971 11278 46413 49813 
94276 54547 56055 67847 71182 35739 3344 78945 41226 74467 7339 24390 47302 48692 43280 58924 12528 83847 8689 25525 
78121 80042 84059 62577 75195 16804 58376 73720 96014 37358 12450 74566 76934 7968 45938 28948 45760 16644 61726 77004 
23435 15547 54972 51838 51125 75788 5588 5420 26727 40955 70771 98298 59956 5418 52986 42174 68924 67076 68896 45653 
19898 67296 1036 66503 76389 1374 96770 16994 22448 6672 54673 12023 69049 80686 22165 1682 18885 38034 5047 33657 
39128 89272 1852 12289 93012 43243 32156 63231 85032 24278 60959 68554 29741 74634 13038 70225 36204 2912 67164 7793 
87908 41945 38910 55726 31546 59232 99325 95823 68119 97477 47709 20484 39341 99289 50031 96025 48484 45114 29978 34325 
10469 61874 38686 90601 74448 46319 85540 8733 53844 75351 92360 82829 2390 13717 81853 49841 47393 91499 72941 87724 
57472 1004 54809 99284 45090 85915 90519 45023 40617 14268 31233 70109 74619 79091 62329 96040 54795 12510 36862 87293 
79686 65850 86123 11170 53450 20377 92371 87776 21209 11694 54777 37202 31959 41596 87473 63781 71605 14460 45749 35285 
79215 92700 48253 96805 87529 28540 47250 73241 23211 67920 81979 12349 59997 67692 84848 34052 96960 7455 16893 96937 
85054 37566 18633 38220 96567 79280 7344 47244 21391 1096 21478 45406 45410 63582 27314 34791 44761 39980 98208 82194 
55698 91451 28090 70523 95390 63746 46258 64036 3040 15443 61916 50209 46394 70396 29705 98209 43612 23296 31624 83813 
28060 19712 14330 42755 40518 38329 22654 91952 32561 14335 77421 58189 51324 95197 27109 9178 67589 31020 25537 8574 
89286 2137 79243 64608 21070 55177 19347 83872 94964 87459 26640 93920 87923 625 2751 37837 9460 7654 14837 18016 
2259 398 83597 1454 66031 98697 75706 6643 92544 26951 59959 45999 69772 81046 34164 29081 79299 2462 38954 18520 
24992 95850 71487 65320 5222 46568 6800 43158 23775 31183 7599 20986 42375 50042 10819 83854 90100 67775 42697 38776 
30974 34165 66168 28507 15715 90857 93315 43838 41437 54294 72728 97202 9236 59094 44106 47340 25127 56612 69161 59842 
28343 99326 93405 82363 44308 47841 85795 36316 6012 16444 57466 13446 49628 54381 59443 83662 83209 89216 71116 91441 
22015 90070 26940 12907 26842 38806 20477 62474 69480 53892 56300 33529 9875 60652 86599 94032 19648 67927 44518 28979 
65634 370 63559 87891 77784 31203 96478 69845 17400 77574 11999 16808 74837 25187 42878 3199 93949 85219 4519 82499 
95541 18654 40419 38027 2148 59365 87458 23517 19317 43052 87303 21200 50396 70779 33312 67453 14469 73372 53618 19362 
18524 77298 39469 1150 72857 87452 37587 70080 96925 9072 8912 35428 35742 89894 55456 36504 88661 442 352 36109 
93478 98729 86711 42105 34701 60363 36787 60251 55275 33862 42099 32889 62640 9893 43545 85264 2616 24088 76550 17674 
94373 67119 55775 39150 6521 85786 55622 78265 58126 11397 58458 94051 28919 34790 73836 24915 72787 37895 55640 51041 
59012 62469 20916 61560 86835 93282 83757 21966 93453 35205 28081 17073 94647 44061 76954 14594 776 90106 99298 40889 
89991 58673 78231 63904 89379 74628 28805 63548 13139 10920 91745 9288 55702 76432 81904 5191 21294 53044 68329 40068 
47783 75697 36183 24198 39958 96810 98952 76901 701 84397 86765 86215 68441 58032 69130 90116 33353 72735 68752 71701 
95938 10642 7271 49027 86153 80189 35066 46844 55857 11905 62407 26614 19648 86210 48157 49181 65994 8643 49200 68282 
93383 94818 82858 99513 56005 4378 10933 74145 7873 54700 85668 61598 7616 57488 97337 63365 80265 30127 3939 52203 
64297 32007 83341 7179 43022 76444 1105 81374 54651 92207 60456 68886 63285 60399 44762 39898 28248 19914 75422 81960 
60217 12899 52155 68255 53669 87136 94116 24267 15600 70205 91632 7921 46990 24551 38483 6614 97511 51014 84937 87605 
100 5035 61329 73710 60550 91622 61692 90016 81542 83902 50880 48848 87753 96809 25756 99064 75104 32867 914 40883 
19918 12562 26908 35642 71767 23102 87875 34807 23821 14596 80348 82167 57106 84340 24483 98811 5753 61281 59267 76527 
28884 56419 10965 45196 3108 12933 99448 96297 72253 92734 753 61420 59620 56412 62254 93674 46617 35126 98140 12442 
74008 54850 46348 53950 37888 61710 52293 77913 28 50454 4910 79006 41833 18927 2483 53056 64444 3273 50707 49259 
96598 88267 65335 44429 39543 8855 27626 21753 25787 244 72576 10919 3229 55924 69282 54440 29057 94475 57982 37017 
42086 48488 40119 71813 31809 87101 47956 57613 47986 95574 34134 30245 1246 24085 14182 35809 50851 19635 27932 54751 
61229 70183 96795 70094 28889 76275 50527 7655 8417 1324 84228 62009 4524 86357 13749 40889 26185 26995 18408 82026 
80455 34715 72649 31449 56814 98608 38946 17837 52006 85225 66629 57725 73944 73710 36215 54525 85201 8365 31348 51370 
81824 41552 52464 92966 27893 72736 4349 22667 59412 92164 85735 64142 5505 48078 83982 74355 39439 42630 99618 23479 
13922 10302 15659 19060 35473 54577 59976 1022 69489 37885 53803 78540 68611 22896 41383 60153 60576 49958 5685 90944 
72411 64108 31800 27883 96564 75949 62698 84890 48988 95525 64171 60549 71249 5973 46719 48859 42323 78349 68003 2089 
81303 87473 61430 58717 69248 63873 42231 98037 43377 17481 66099 30648 62209 78477 83196 80412 41513 41117 27080 604 
58952 47124 41849 65937 6 42759 49305 48891 24880 66157 71454 58931 7176 97781 9015 97488 46345 49506 56773 27932 
75147 96972 12788 46102 18116 89807 45800 33553 22474 5257 56753 46230 10012 41582 38146 91423 41788 78170 58788 76940 
41011 43429 8925 19047 44287 25650 49979 65028 98769 55012 88145 64753 39207 80978 94710 91385 16389 73308 51497 48365 
91774 13200 6051 89963 48788 73876 14300 35643 62571 65989 6477 44873 71961 55983 94303 94272 34552 98325 73276 46601 
11260 44178 42194 43709 43408 96281 72577 40415 93188 13902 75133 52674 59100 29202 99860 92460 83279 45674 41521 5042 
60710 61887 95803 59802 97304 25426 76015 28162 26748 68682 50514 26949 86315 43546 53890 11537 12736 75171 38345 60429 
35582 59253 31031 97851 85719 80226 78238 77018 34803 51667 89299 45315 23011 13359 11357 85494 45228 82804 14464 81682 
19500 2171 10856 72284 62421 37362 70305 83763 68594 6182 46586 92581 26502 33088 88438 85923 35957 45151 58742 704 
57940 17016 30186 55750 89560 70327 29710 62956 30124 19815 19554 3434 34910 40405 88314 94865 38906 11367 58661 17803 
22797 90153 86205 84631 72524 74703 28704 60291 16619 13162 12305 49291 3041 33076 3007 44506 17926 4430 36123 99975 
59868 2184 6383 18190 75655 82983 45516 28653 78900 60416 35737 65582 23043 2689 53184 52489 31676 6134 70078 7221 
46712 96315 45954 8785 38498 62941 57327 69386 31780 24618 32163 41550 838 65385 64961 53896 94032 59454 96828 84948 
13666 39707 95384 4151 96997 48493 61063 36899 64531 79865 61208 45275 74675 43470 82992 33818 26442 67002 94168 33035 
44541 1441 62703 1044 74804 59031 69826 19562 63180 6025 43166 35183 52012 44624 33045 56704 88278 59901 92876 48534 
58349 10723 93559 71599 42000 89706 63494 6098 79936 11802 47552 71885 13512 98509 44689 7430 43106 73642 76728 24258 
6315 21546 95285 60230 55862 9843 79266 42890 15431 776 1696 43456 52772 37010 39480 87913 94358 71875 58365 89723 
5783 36732 51428 29095 12105 66555 15287 64558 17494 5192 88775 84807 41635 25621 46595 99902 4810 72275 84115 46487 
9304 36351 1335 54379 71182 63212 14419 83346 60850 68779 22829 76563 85779 52722 98724 32110 16458 90770 43978 50879 
23048 75075 7042 85450 36536 98617 94013 95920 91620 18039 7980 20627 49067 86675 59558 98375 45344 72367 2615 32177 
83381 29217 79574 90671 30089 1378 96650 51597 72317 38555 28814 79875 25566 50028 50644 39701 50541 59006 37911 97259 
55402 55465 98511 50818 90120 59505 3192 5176 32237 93075 1704 48440 89810 51615 54809 82768 49964 92200 76306 70226 
41085 63152 29662 41379 35397 44434 50387 66342 38858 63054 51833 69819 59218 45160 79130 79874 50194 37223 63591 8440 
8076 49627 22555 20210 14601 2836 27884 59399 97350 78509 74192 78917 74851 69878 23440 1001 27041 46930 47124 5423 
31149 77043 69141 8918 5362 83055 45449