41836 2201 81911 94620 13630 38047 12386 44460 81152 66961 18153 97107 9552 83713 52190 62266 75349 27862 51343 27943 
84228 18772 76126 17797 64746 54748 8706 63618 73342 98825 81111 5924 89901 73672 14837 34352 79448 43119 12962 76983 
12176 95324 92828 56161 29903 80363 2455 39850 17482 24456 73894 31247 11393 83465 53466 85781 24260 97127 45417 79196 
32963 37068 30131 16834 58428 4842 78168 19317 74533 61042 18413 99777 92144 57580 5083 84535 83579 18985 57171 4067 
50311 92816 17844 9068 37065 1274 99664 99297 91762 11785 75970 69704 73312 94886 77446 56508 79730 42231 22266 26269 
86167 28663 14793 89034 84255 19542 93428 51528 62467 81344 68481 68949 60024 88304 2773 54003 56440 16388 67796 23439 
17480 70910 55774 91904 8318 11838 20676 87731 44799 92086 59781 21043 39428 86968 2773 39435 24535 25666 89500 4776 
64184 31950 50236 82968 77459 64257 71845 11844 23751 23702 3143 94850 94202 87121 35178 79340 90134 56189 76982 74611 
15524 55350 90863 63299 46125 93377 92214 49557 99479 178 63408 66081 27303 92755 46307 98220 1489 86395 83982 70722 
33878 38429 43065 24047 95823 99563 17370 18724 99395 48933 58830 32248 71792 76038 37021 72365 74689 86662 60343 11733 
30698 50911 90248 69805 10961 30167 28977 30743 33707 77481 53248 90339 46977 51267 72984 59510 98911 28256 73017 61382 
45411 6159 31903 27858 59787 79741 36422 79629 74705 59910 31570 4845 65069 42141 95839 31455 19918 45089 66740 62177 
93329 52896 53059 56365 87648 41060 56067 50204 80942 57750 80968 92604 1707 60817 10565 18356 50833 49886 99123 28545 
46743 99578 20902 2429 74480 40547 10171 88399 76603 83530 432 56908 19042 86444 21517 26237 87113 32581 54231 83338 
9781 42945 82639 89983 29730 59751 48947 17663 87950 80668 99406 50325 29008 81288 9868 43267 71953 30170 73108 43805 
60356 79801 23989 87962 88914 18378 31560 10972 91674 27903 63288 23183 25938 17276 5517 10080 35312 18414 4805 22205 
42948 94668 38920 98115 4937 18247 53442 46871 26502 78776 39545 82733 82787 17684 73539 35322 51582 42365 73123 26670 
8963 80281 88101 44247 78246 33918 73381 28875 2435 2159 63785 20053 99073 23675 60401 70328 3272 44660 14247 88846 
29573 84069 96387 15777 19464 75488 21111 44304 2463 72484 97 79399 85256 79438 4926 22032 25349 76755 96514 10522 
21915 49106 9496 66512 6356 78554 94356 30300 16466 11328 79071 7653 25008 68701 65496 21828 23793 37767 65825 58968 
92986 40475 16270 68471 9709 92854 17682 26407 41923 99151 99936 92080 59565 22208 43125 8133 51648 6636 32000 12480 
52003 54079 5264 49528 90592 9060 58907 53601 75502 4407 2729 50800 11785 81280 85624 1373 71395 80634 85316 10398 
66355 97261 82937 20899 67971 2893 97561 11008 60920 67753 17677 92344 39883 63500 95542 4352 29207 99360 93044 93583 
97828 66387 89121 22437 74599 67530 22040 51431 8050 28533 70048 4187 1848 73330 27497 59275 16016 11286 76699 24001 
81035 54733 43171 37617 43440 76210 18756 55337 30270 84728 68689 99715 9317 3228 4608 82305 72628 16236 76430 37983 
7616 54580 70203 39761 96822 98304 62348 28284 97229 84103 2747 84089 18132 21664 85857 63667 18077 5250 18630 8795 
11209 56562 96474 58435 68677 22800 14297 32133 53947 55301 41071 73649 61060 71681 44346 5111 78726 34863 40716 81064 
42393 14337 86099 18818 79830 83597 37874 8022 86817 92022 95429 48588 91392 92533 39426 57032 54218 9321 20076 98426 
52515 16138 40517 88029 35381 48160 49566 7341 56285 38044 84569 80058 89264 48627 67981 42171 63171 97039 38707 44277 
96355 59511 51234 32836 51323 83192 11908 39004 38990 16325 98932 68545 61106 21342 61443 53698 19631 37771 84561 87069 
59073 40608 4718 25437 78263 59882 85685 44940 95084 25377 39216 4260 68215 24889 54248 4437 67765 38456 71262 87001 
22231 51737 67197 65529 27490 36284 22985 23856 53303 69808 28150 17382 99428 53838 90041 76626 32247 77592 45776 32427 
42933 47263 69077 90888 43879 89055 20618 54715 88036 96782 92805 67016 94330 59217 45301 30144 21491 15749 69925 74885 
16854 33040 87826 56707 44737 39611 42975 38474 48780 55579 84679 89254 91062 74274 6109 83197 60222 72065 1804 52182 
42410 87256 21445 37999 22892 42927 72804 30796 71381 14525 95492 11852 91128 57578 43723 94488 98589 22229 75895 27063 
65600 32639 12888 83238 52216 49356 43363 96845 81112 87694 75991 48783 44398 32204 47088 44463 45364 64208 61755 51096 
35930 68662 51809 14163 54554 4029 10883 66856 19251 25450 2444 73196 35989 35851 92638 20738 77552 68037 52865 50267 
24088 15172 47659 51246 42592 27063 29684 52749 96244 76460 11205 86181 59287 2861 46900 92833 11425 23637 64348 75995 
9191 19712 76267 59435 28636 85028 90948 49311 4148 18238 98441 45861 43211 72242 45969 7741 71267 87728 99397 81182 
89524 88468 486 87109 58884 43760 34557 28342 20137 14842 79911 3834 90615 8025 76009 5699 26539 39841 76983 30540 
28056 26760 47802 72930 53075 20594 60886 70524 44297 86033 44231 63005 24878 49833 54507 51826 36623 88910 63824 33620 
3785 26469 75550 18570 3346 62511 10755 47966 34305 64178 43501 81917 60934 16126 79789 47374 38550 2195 29410 27796 
42597 1402 83645 38410 73414 64849 12160 29013 20474 79034 70025 54527 20309 79083 44157 51175 75262 59153 50011 95101 
589 27946 37382 99759 14836 78951 17844 86632 16570 54089 40855 44148 9664 52372 29625 79366 98034 17619 18061 6314 
80656 85547 28020 62879 31076 49057 22161 72977 4188 87556 33657 89665 21962 69161 62950 5096 70584 87025 82983 72669 
32339 5383 21798 86328 91952 90375 36354 35270 20771 74316 66085 57534 14056 57882 44405 86975 39879 68199 79032 72810 
23223 50658 82127 82060 61919 39561 32199 5816 47330 93576 13436 36739 72357 14882 77904 44093 60383 49038 48219 92706 
68196 34501 55363 76828 38453 94334 52362 18561 79074 88702 13091 83929 1868 9871 28 62575 26979 10510 87814 43940 
7014 8069 60736 70022 22750 66567 50637 85098 52357 44885 71613 85588 42060 59585 22441 60990 46720 21405 42852 35579 
68732 98857 19524 21353 33193 47150 42158 66328 20092 78522 59612 72642 73493 50705 6395 4720 68761 43543 44329 93986 
57064 57892 99003 5935 32802 26018 58924 76136 54730 26240 36280 87862 95985 28461 80779 20289 5509 72468 35137 73932 
26782 52794 20745 56232 97424 92936 6340 34521 17801 95048 68135 7695 86070 49972 67661 62425 66551 66468 97025 10287 
22737 43639 41814 85125 80856 72367 96989 74112 8771 23896 34473 12019 89480 66722 1665 97259 24956 53337 50702 94645 
61058 98025 23983 59321 81997 38966 19351 55655 97587 38349 75389 86020 19146 85296 19343 37062 86638 85017 57488 95154 
76792 86121 80311 84712 65892 87514 76888 40503 96093 63401 18762 65164 31702 95654 95957 93833 55525 72732 21636 25545 
45178 64249 2386 59011 11672 99275 15611 20068 16748 20101 38864 26372 28962 90686 7714 56241 26861 9338 12137 90611 
38590 18256 22306 50010 82532 95246 10002 92358 9173 23530 90148 50655 65017 77968 72716 38824 60453 44742 16476 44751 
45268 70759 90193 51470 29094 59039 44777 26697 22178 20239 70807 1383 29366 94703 30645 90111 54990 67436 22031 17008 
73319 28588 69858 57469 2840 66810 30179 9068 25080 48246 35510 52704 31353 98364 12201 93714 62469 40781 19187 21101 
88490 3877 42980 24379 32743 43299 86655 63078 18922 4735 76352 29070 45083 40095 95581 97693 28734 54686 37682 80662 
38358 37426 43072 62748 56450 88830 58831 75390 89559 43392 58254 71601 49514 98950 33753 37431 24889 31674 39702 95306 
68492 81394 89873 76413 39459 48330 22347 70724 58861 59749 88178 82306 80500 69754 83037 81651 7558 75755 19252 87691 
93622 81529 40448 39953 9650 12145 74137 67677 32938 29294 7415 57998 97099 59129 57954 40790 29824 25091 97178 35872 
55247 90225 1108 35359 95716 49561 54334 56062 21136 74996 11405 26456 67136 33887 89091 17038 75112 7901 18203 61915 
65940 40838 81297 40384 95850 58958 26469 81329 11563 88953 52032 74984 99513 3900 11093 65929 44448 15760 80144 24139 
35217 61738 69475 49223 16454 27881 52775 51792 68460 89512 84556 48855 68330 29722 20742 55576 77109 65419 4623 86588 
95511 17783 49035 17851 71627 67992 63844 36571 27564 55681 28431 32737 26511 34639 88976 57686 59219 21033 92727 35434 
48919 13574 35346 24349 73484 6323 42215 58816 48566 69928 24871 98470 48856 45258 36003 4540 2601 17879 79988 66518 
78805 89586 71435 43416 69210 73789 57513 41896 69982 61473 94711 96414 47825 12310 50920 63731 79790 28091 23777 90106 
74555 73494 27497 20347 1080 91165 2942 61825 43082 21441 28727 84993 18319 81318 47801 14889 78766 69639 78371 87718 
50777 7331 60926 42389 85519 16596 90708 35400 5076 77833 26513 53590 60929 4215 54471 18780 62142 64826 24499 65223 
5867 74866 28964 73052 14898 68314 9761 63419 1730 48358 79770 81219 22929 33498 77754 88589 41192 49063 49741 17171 
20497 43025 6966 91735 18939 80657 97532 1197 43520 13181 54696 66440 64777 79716 98096 35902 4069 6874 89040 86165 
52732 43831 43918 41114 65556 29448 63493 65801 93310 53113 39241 8640 19311 8510 49074 77144 87874 38702 36845 98028 
40198 55482 53692 6431 49174 91895 17398 42010 68800 36819 83020 75967 37952 1274 29990 45528 91399 79221 40638 95620 
34722 83749 25006 233 84241 88039 22339 96558 34092 55593 49985 93842 2031 49146 7269 42552 8318 11444 82918 52248 
76074 47901 24425 20819 20528 78811 73418 51595 69341 32454 90764 67059 85317 15624 3351 27409 67983 71825 59493 87704 
49262 64408 11479 79035 93009 93536 43139 61324 60512 33372 32504 56271 59978 41265 68657 62172 2014 18489 84754 60687 
43819 87154 6983 80426 30657 18114 45711 89796 85789 21189 60392 97902 89774 87453 87040 72254 91207 64912 34736 45745 
71623 50168 71830 34146 38928 3535 15937 48786 18806 1780 54434 95600 3542 58294 77721 6034 4245 71971 45589 44615 
29444 81831 66723 30729 34481 35748 18341 52498 22718 86679 90970 87760 7548 80147 16998 38687 92889 67693 78076 19850 
54639 12353 5793 17725 47088 60750 84138 34529 74050 50380 55892 54172 47239 33323 87281 977 99709 3084 26847 13267 
11932 84730 87390 41796 67357 96175 33521 40876 82978 81351 74823 15841 95000 34613 89189 2259 70858 40250 1914 31186 
86114 68560 6890 80678 56205 65487 80572 28954 61722 90960 46000 10300 71001 51133 78074 77396 87755 28904 78403 69028 
71510 26608 17882 26888 68036 43449 80919 53408 43045 43008 3218 27890 7221 84285 25420 72961 33820 93606 1481 67432 
6890 60681 75070 58314 86964 28119 89371 94626 79541 73017 3381 27124 60086 12093 97571 6714 32613 34962 26282 42396 
48641 22497 14318 62163 43348 93911 34712 89638 15029 13996 80911 94914 29754 56791 93981 48287 23709 43469 18718 27724 
73212 41011 85628 52989 87668 62658 54506 99736 50255 94477 70912 20702 98741 20121 73395 48625 65411 38884 93297 11574 
57852 20156 42516 63259 10085 8967 53702 48971 64645 23151 88351 73709 20905 46956 6112 33890 24966 46054 7872 71561 
28570 67713 44502 83056 43470 72170 68337 62298 48642 48191 52354 42101 27796 99701 28082 38597 8289 26976 89799 77627 
51501 20142 33656 20078 83138 35177 20225 21534 64042 8125 79580 76999 13354 23164 19350 65215 89656 90655 63879 94792 
11004 26507 839 72175 48244 78402 428 10084 69362 76717 19792 95438 15143 85283 68154 75735 20582 65870 97797 31467 
17688 85419 37165 31460 11747 25880 39977 7599 73433 19141 6095 90127 84350 40458 56007 57647 69641 45022 25374 13673 
93889 84529 20225 58666 18621 86920 31825 22752 59777 32167 82323 41851 76198 85874 56950 33360 42318 80727 92771 26747 
8009 89406 67558 72164 25058 80158 52584 61466 58581 47584 96035 1997 77158 87378 9260 56649 472 88681 32141 11794 
88204 9783 95255 76655 73919 60416 70714 49459 51419 84446 68029 76976 53781 37002 45492 13835 70907 75799 15164 94518 
51769 46096 98339 15787 20540 73480 30716 67730 57224 76024 41501 104 9837 13765 8181 99087 88848 93924 19145 94264 
18654 47173 83755 71167 74454 98538 24944 92755 72622 65176 56211 48361 43366 88023 8011 50095 43588 41845 180 64187 
63981 13968 36049 35776 57017 47384 73553 27261 697 8845 86202 53671 31222 14520 99247 91761 99438 446 70616 7341 
85145 8009 89886 13108 50687 24112 26175 86837 8830 65736 36457 37717 7242 29255 44822 22408 73647 49881 20693 76218 
33317 28618 31989 80921 20406 53884 57826 98699 28779 53834 18895 76709 22725 48590 52359 25040 86323 889 46403 81704 
22951 39830 65958 71304 58428 37162 24196 13953 92557 82427 2092