64596 55177 52141 5397 82771 73246 58826 48757 85659 56551 51073 53557 86678 70309 10507 45551 10982 43451 17432 85858 
58217 7526 69430 19614 78794 22664 99873 4509 70593 62308 2674 16295 25668 10571 44353 3660 71790 54536 84499 76698 
29241 41720 69749 29516 28714 6363 37912 32730 50585 4876 24546 76295 50328 3898 31396 29432 87458 82239 93152 71713 
13415 99241 23814 88464 13469 85194 51741 68338 85496 25763 8346 4370 7809 5094 15003 14508 89808 22039 12094 84651 
66420 61167 51296 7751 83136 21960 3119 8039 23554 99553 92520 30207 22614 69180 15964 74090 49046 22769 12012 20551 
75431 19559 80046 9731 68373 22756 86034 43526 13089 96574 58485 68538 46581 51513 63515 47212 15514 80482 21281 60664 
11214 94880 91453 25277 85571 30196 26440 71985 14028 87030 24577 54039 69752 47242 52432 7226 52492 26836 73605 86129 
10990 87907 45017 89873 94735 86082 4635 33941 69292 10440 99539 94528 49939 12547 52197 46775 84563 722 78909 61997 
40802 84430 50154 73110 42839 70893 22108 35548 50602 23317 65944 77283 54318 36184 46688 8435 27396 61878 95254 85206 
36821 77904 92444 89310 84921 29577 46367 88672 57033 43718 82518 42967 34671 76358 47195 28466 62505 23299 64443 3131 
87404 2548 44434 11446 56720 85707 52264 90510 93085 6707 91993 51922 58640 12063 87117 28703 22664 6075 15674 50891 
68093 37442 13525 78039 89070 55017 70968 87632 88941 25533 13169 27684 96353 35320 32797 22741 34301 23813 71197 69202 
30956 3639 31114 79694 56263 29046 50718 29392 76898 19315 76030 3627 45471 28703 87011 43195 86693 33154 9455 3264 
26926 65873 96545 87376 49558 2084 82152 66191 71494 5621 71824 27443 70438 30091 82730 52374 8102 76966 19158 58086 
21965 85661 98734 56109 67114 70109 98466 37061 55851 43527 98015 56502 43253 89836 34205 12140 11994 29471 63489 20264 
40351 90474 30640 53889 26872 63924 76288 16671 67027 63289 1164 8132 852 4005 24162 14821 49071 80232 47220 56112 
37077 6149 68230 44277 34797 62423 74490 13600 67209 86914 69056 6584 85646 91196 12864 81068 73380 6782 25787 67547 
37165 38638 53160 64209 54174 40971 68637 19210 32114 63421 75824 90705 18454 67442 99879 68625 50939 17133 30281 82063 
51263 14911 69850 14839 14707 75502 28853 12517 19590 58353 72347 22908 76232 65528 15586 37448 14664 59353 20743 18141 
98199 22965 80403 13476 40747 42379 34045 45609 80113 66316 9243 54731 85122 75582 22469 71823 28714 85857 94851 78248 
31387 34819 42601 99536 19285 40926 95679 53421 25235 37022 71266 34723 20895 39127 12617 26393 822 55498 223 64947 
12440 20030 99518 80576 53098 61803 5101 15677 31763 43670 56115 95286 44037 27370 98 2649 57581 57670 89958 34914 
33412 20824 21705 61008 83470 62258 87810 86685 46621 71421 93693 44888 58232 55376 14598 67275 28448 1685 40708 87307 
84012 18020 92638 78285 78505 40125 82953 89754 9268 3610 23603 99738 33679 30484 59020 41060 17464 46437 25199 4908 
83884 75556 53400 99975 88660 45634 34119 60031 96325 32507 24991 94390 92150 78720 8973 20002 88986 41149 26250 64206 
58689 37432 94332 64181 24031 59690 89822 32596 49368 62984 80781 84076 36607 79513 76649 41890 34911 26402 36408 45515 
34744 37376 65903 98205 8738 54347 95805 59656 64920 73758 8530 2638 52279 42660 22281 53254 75220 78489 35568 46120 
27336 62747 85310 41772 57092 41492 99069 79693 71683 94584 29567 44626 82055 21775 27949 2629 31049 69392 51261 18552 
85968 51349 77795 49916 22648 42230 12658 492 11597 84165 3313 60031 18189 20870 26305 13779 51873 73563 60084 55760 
32195 84803 49980 19514 48926 31110 12362 41600 19634 29419 9187 50548 23207 12521 20303 50564 82745 18212 40491 16701 
66820 37335 66137 53648 38372 57307 99920 51561 32910 99117 20196 2853 47998 65197 32381 34212 5981 5529 82525 39180 
81190 20563 54136 35425 39376 37983 92799 31647 75139 29927 34653 88720 53769 73493 67830 78390 39094 10234 66383 12109 
84662 13319 28540 26026 42018 97159 23008 26907 99858 13556 84821 73311 19835 67909 67643 60159 24466 73828 73175 73416 
75322 48082 8349 57979 82374 64553 77696 6439 49786 50000 99673 33414 42923 1978 15293 19124 62489 65760 77790 35827 
60996 1279 25590 9554 1383 97326 12537 80913 57328 94871 25875 58366 28379 775 2349 91267 5118 37137 80484 95814 
29656 72929 43361 24015 89569 68642 85677 90043 91871 98467 41447 77206 50736 90772 65 73741 64301 69684 94625 75538 
62178 47392 20959 81107 12714 86830 23372 93452 21335 48696 89467 19446 74942 43918 36341 86875 72528 14886 25319 87980 
61429 78890 71194 22941 51436 72334 58688 37650 92339 29381 54137 60722 53299 31939 57021 47513 37155 84902 84363 1538 
22653 39507 48573 83722 20789 72815 52993 62563 79486 69275 7213 36824 65147 37960 6135 32950 68945 19018 38891 27517 
31243 63072 58907 88757 77253 54661 99951 26422 67724 46011 50771 45050 62014 93800 92887 2758 1438 12615 78005 39356 
85527 20807 37003 81413 14518 2303 19089 49381 78098 8436 12534 32082 21068 72726 24704 84616 18936 53934 76864 50183 
96036 30545 40046 98590 47759 41547 60358 46054 15903 91449 60428 71786 30140 95820 21587 80358 35722 93093 76278 80747 
96656 42517 96188 11732 7771 34526 39897 87008 62105 73770 56292 67748 15635 90849 89295 3350 99112 66778 13205 4058 
14129 4212 37593 17410 54696 6776 16496 36093 13318 46878 65970 1831 59220 71933 77068 66757 94755 96444 90325 54069 
18954 45119 2245 97925 26479 36117 24847 53846 80640 70027 97038 29711 53434 75816 86965 79418 34077 82329 69633 58011 
19383 97758 97162 3072 462 34561 39644 33636 51965 37319 28926 48694 52006 67880 22801 21691 47355 42880 40440 4891 
92893 75143 47496 97914 34988 46252 74806 7894 17457 39707 19428 24989 86544 70676 69817 69200 95282 71663 59215 26985 
62321 75473 67327 50682 97648 52109 68208 88145 80794 72135 36853 92501 82468 52391 34620 24875 24051 27273 94957 28658 
98464 78805 2850 7966 52979 60391 88197 69529 24374 44614 31361 22996 12223 3611 87823 13303 49375 79056 88301 32560 
37226 45539 32343 12861 21716 72450 68207 21482 52870 80896 17911 9023 86228 32086 28687 40609 43065 32444 70086 77508 
72377 80659 81849 85928 59824 46312 42109 92760 40083 26618 61178 86348 60329 66097 64101 55665 67442 79311 62637 93059 
39926 93858 40866 24171 16682 47051 49824 50021 39106 74586 50419 53214 8367 94868 63718 14359 20422 32923 43459 35546 
59701 49855 45963 69548 25085 46586 30939 14635 78382 15798 67908 59677 7941 76517 96760 60448 62142 62347 98177 73368 
18285 32377 94285 90338 44616 51989 83510 54835 43109 17398 7806 92634 85360 15033 93354 42618 74871 20301 26997 81986 
36020 8442 54922 49819 18236 65959 18212 32756 35042 2956 59056 7592 42869 43940 88231 77411 21155 93636 39036 70499 
91045 24414 15245 24143 19955 23952 18078 75983 66468 21731 94942 82244 26793 78009 7410 74140 76876 31806 9144 25390 
25180 71652 8198 50263 23887 34529 57047 36995 95554 91887 75411 4060 50815 82856 42164 19979 94536 5285 53492 76255 
56710 52145 43232 25226 73715 9378 68113 37376 70658 10588 55198 60440 82420 70390 96473 30469 81129 48097 83196 38695 
85478 79089 63491 33591 96730 82973 92066 87 54741 23158 8522 11091 7925 74679 45050 63165 80695 74046 40295 68183 
50543 42810 71420 51815 5934 4486 2476 19974 36160 38664 49100 44033 76018 95819 47895 33517 19419 37001 34849 28057 
46283 74475 63689 47688 86328 80857 63464 15669 77591 85010 32646 35802 31438 49447 99607 35537 54577 16741 68036 61380 
1660 36512 60352 9063 31100 74608 17422 79748 36318 58231 77375 93484 73615 30438 99056 68157 79186 54006 23052 36673 
15770 66452 19079 22496 39426 13762 5088 74781 42041 33912 25929 36111 41618 33752 40471 7982 45320 90524 93747 59996 
39499 83968 47718 21152 71113 91174 23428 22895 26689 12364 18623 87048 99624 96254 20172 69330 51007 37751 85344 41177 
61412 62257 61821 27666 90008 87755 68753 65778 24218 87948 69467 39105 65833 81738 97229 32893 44839 60192 95049 9538 
2166 11251 19084 97889 55115 60681 61696 80318 55434 30868 29368 57392 70164 22385 17123 46440 42939 14391 89672 57964 
67133 49863 23997 70013 1874 7639 38007 14517 91601 31961 21792 16846 80022 92330 73203 4247 90807 68429 89986 48636 
82101 84261 37555 53798 31497 84489 53017 76757 41895 61313 41026 24577 40682 38119 91432 81445 73265 74894 14289 97606 
99455 10181 63731 67230 76398 73234 48335 18248 63734 55104 2228 38570 88850 90749 67998 86412 2648 29400 90620 9829 
97840 76254 53641 21680 81781 43599 57540 13864 47115 36714 71413 95069 39002 52646 77385 13344 77533 369 92786 96981 
26898 20106 49695 81277 4465 12498 18945 82410 66063 47851 25786 98929 52486 36682 80667 14095 64319 45196 90039 43019 
40641 92860 56077 51555 11762 87251 37974 57655 29990 79916 47221 25436 49004 53946 1957 50635 56441 18782 35068 33429 
34495 14258 9202 89605 83061 52729 76717 19116 95385 49115 68018 89568 31914 59202 41156 98942 24562 73710 16847 88257 
18583 82864 14938 32050 21448 73612 84054 23325 52924 74040 3810 27314 47667 87848 85006 56042 82047 82778 52678 26674 
39930 15249 90710 67611 25554 74447 95276 26674 72313 28162 9960 75488 76585 90424 94659 57110 15829 48380 4218 62063 
60799 66466 72916 43739 67199 50461 10793 52887 50851 54933 45141 35263 21063 53020 20623 54518 9678 18571 49981 92403 
98095 31311 34995 36100 78015 2615 10001 2463 55668 44537 60193 56100 51437 16464 44578 36971 52230 71720 47035 11043 
638 68546 50642 99524 78355 36890 24740 64442 16481 81895 36027 12246 10341 21192 41712 79971 70444 62865 88016 71918 
9066 25333 79154 95736 7367 23015 69033 4245 57672 59557 38728 8511 24035 50311 82772 20564 23508 20912 96152 53997 
1025 34994 33343 91360 1670 96431 42247 89138 27715 91879 10028 6429 49504 18539 84923 44547 31822 65564 87796 8673 
13130 27236 82552 87789 11830 49985 58893 34448 91865 70332 46791 7279 7578 81855 87505 20652 62632 17610 89852 92868 
32315 29262 22432 34314 48447 14887 58347 67359 43558 43819 38532 36465 48821 7925 59313 10498 70110 58077 61023 81248 
42584 5721 10188 77398 32426 19094 50758 38147 48425 5649 4547 10265 75036 95281 11526 91912 98250 58466 92365 34194 
88028 10906 85228 30415 77808 10082 38402 7277 14999 22710 61537 72264 54658 64154 26184 96474 36398 51464 5635 7805 
27041 11326 71557 78039 62571 71241 8727 94486 80363 5821 86316 77361 47308 68772 34322 98138 25220 58241 74501 16188 
43487 74993 50006 24335 82466 35084 70875 28682 13438 75587 75296 813 4724 35735 48835 18849 1955 78275 48968 18015 
99048 14845 34948 13647 77245 94772 78768 10047 89467 50258 87174 2916 22300 18328 60061 19270 7165 51100 33310 2626 
76283 68679 62545 56512 97655 81455 9541 97437 95547 85611 72941 79912 3439 51056 10580 81824 56838 43988 60651 69485 
99108 72993 21838 82971 25893 74941 24349 41236 1540 64249 50902 65006 92958 10287 91667 81000 64837 30290 82751 28185 
10242 90289 79922 92802 42941 12798 23865 31775 64834 80119 91312 86056 26073 12722 42312 87842 41187 23298 53875 52750 
47636 6802 88967 11024 94304 60312 54586 79295 89842 65217 15623 8297 8550 42453 54011 92896 40534 11675 77720 42426 
55089 84709 38716 58945 72809 21376 4745 95338 86216 90133 69769 59496 8286 94540 41155 11738 5360 64835 5932 9091 
12882 91941 82501 64587 5190 90789 87035 65762 23767 7096 64634 53462 72614 57125 83193 76933 37495 1845 76604 28224 
33336 57706 86401 16356 16220 41445 3591 69440 85609 85618 16345 8495 68678 7255 42437 25869 45117 8741 61374 22341 
46704 96068 68012 77152 92737 28093 53910 74448 42337 27384 23555 6175 68086 93076 6492 95305 60523 81695 78147 80866 
20021 30446 47724 80578 79898 2251 5816 35935 71859 19155 59042 34541 85638 86672 31248 45702 52258 4410 47188 9569 
77749 77479 30550 52548 55215 63035 8002 18868 33733 38275 11604 90602 51583 93680 48894 3221 91595 87963 35921 13860 
3797 72729 28070 21070 9678 21554 95614 16977 90236 13740 87732 57613 31340 83443 50356 67947 16024 46696 16055 9368 
76289 98894 28739 79277 7671 242 173 33597 36874 82825 35256 81854 14244 14019 23832 92853 52058 74247 54569 2272 
53810 15802 96037 75363 195 52672 88903 56002 72436 60718 4470 36325 89870 76349 14767 41952 65285 46346 37921 97501 
43551 68664 4638 78264 30322 36488 10294 24335 67182 46792 25592 63318 81055 43216 47422 48288 61006 16101 66772 94202 
56281 55215 20158 44430 39830 51841 37799 23034 21003 41048 19730 54202 45083 35435 11390 62479 62609 52046 84892 95243 
91012 13243 16689 71777 81470 16989 77667 89695 7392 16485 93160 67805 55759 35787 26253 41864 99571 27090 85441 6168 
91552 22794 64374 13964 48594 10603 68129 78023 88791 73992 87688 9530 98055 53618 56504 48842 44804 42968 42444 52447 
39439 6410 29453 35326 81032 94058 76369 71785 84002 97224 54878 25443 65158 1155 48492 60650 80197 82910 69351 74938 
32872 63141 61110 22614 61688 58052 59547 91672 77100 47720 55971 3473 15198 611 24842 97548 15672 13028 37156 76766 
62766 81166 54506 2003 48314 60065 53684 78301 73940 40345 30362 98628 47090 89958 67010 94487 35441 21410 79375 42097 
81563 79289 66938 48683 16575 24530 92860 82006 60302 18772 63725 35537 62561 13229 12950 42408 12024 61901 2939 1929 
89355 2519 65287 75810 51548 8581 29960 2422 88915 32463 45586 58265 23197 36505 81473 82834 82411 57627 386 9263 
53820 71720 50320 97905 24868 27431 32235 86758 95621 75243 41838 90990 10453 26796 34832 93878 3519 46843 13521 66091 
64656 66978 91368 74626 62610 14485 74688 76329 88548 81187 30189 85541 81598 12544 33871 70650 1478 13873 50965 80722 
50514 79130 66035 35309 22025 24911 81824 39563 84043 43398 47092 70076 76193 75382 48769 16172 19656 76072 3184 13934 
46395 72182 34194 87988 28669 77216 32350 6836 81079 73073 78604 72999 1070 39687 20474 48491 94334 75092 33879 41867 
92430 6076 23564 60981 64850 36523 74980 76675 49316 66416 52221 46068 10652 17721 22459 30228 55089 26207 65573 10883 
15800 37130 10195 85374 69770 52380 20534 93777 42508 47277 23429 49935 66336 63420 9727 93255 73386 30341 46322 62021 
4347 77852 97319 75920 70326 45988 15924 55778 51511 5044 32552 28337 67973 29290 3936 72985 11233 5336 69259 94763 
7813 48181 96606 42178 90624 23970 13996 36115 40568 14455 80629 62359 26273 20088 520 10455 8452 15589 13132 84758 
59982 45972 22592 67507 16392 14689 74395 30234 5310 59604 9995 70328 54052 14675 52965 54233 88718 96131 7337 15707 
61277 22296 16483 62376 98795 92000 96758 76811 96429 75311 66801 55887 45384 25308 69460 81445 61063 38179 72927 73426 
99477 23511 21198 24841 56275 67449 74073 78612 67566 72734 98896 45337 56678 59912 47800 7329 37789 31765 52687 32575 
32698 41844 90463 5679 7745 75394 14943 54840 9191 80306 86364 60797 99414 33097 65347 16494 93752 12987 69442 45364 
34201 43583 2651 26136 85569 78235 61342 91142 35490 82098 50848 71024 13436 20962 47991 91612 34332 84829 91155 40386 
86605 62538 33752 35350 17165 2301 63931 53964 42 3221 38299 85291 36350 43123 10082 14078 63191 19695 32196 54150 
52105 71646 35429 33725 14993 76243 73205 19893 16959 9841 36549 10923 19563 57167 81371 5083 94436 38784 86122 57715 
63407 32627 48700 12010 55522 4348 64723 92638 48171 86359 22188 89448 48145 87134 48132 64177 65267 76442 48001 38940 
71248 84808 41571 12366 74594 8628 80141 86466 10406 94285 71340 65722 406 30817 78550 89173 70210 47848 94041 36139 
99102 98505 71461 7572 28977 21236 20431 9256 67289 76947 48395 48329 21108 14333 57580 56757 60464 48633 10456 58337 
86453 31924 8976 36435 90716 68239 3554 13919 33771 23167 5372 16595 23596 9953 84748 9785 65300 27288 34188 86048 
87393 69012 73444 65183 47345 31882 54521 91753 88177 9239 73748 79069 2325 98476 89847 50091 95985 41274 33591 34195 
49355 66177 63532 79479 86120 65129 67752 8832 90632 84943 52140 7343 68632 63067 15107 54742 39305 88661 95813 34577 
39187 43212 91462 76316 84887 5316 82187 69430 56012 86535 69047 49688 35176 17022 32475 46903 5681 88529 25617 58289 
72103 86135 51966 88632 22254 12850 16220 26621 61958 46879 61953 68945 21215 39708 99479 75676 30040 14351 74158 82671 
66353 25870 56892 54882 46397 67559 49947 38430 1428 64625 22381 51137 33917 94178 5873 11125 44436 580 2010 51783 
36897 89786 50923 22530 5312 49867 76899 53257 75495 40875 5688 35466 46716 97515 42367 27918 38649 45016 90527 159 
79419 23209 62067 80826 45871 47509 39413 77154 48897 25118 88852 91272 38754 46948 81229 15657 85746 7724 70264 24536 
68888 15324 4641 18153 15143 58384 69103 66785 77314 87322 23830 84054 26847 82567 11649 20266 56691 50046 97998 75519 
73461 51174 42217 70015 29894 79356 31281 55339 64189 96248 49543 46254 97604 86309 47533 90679 90810 50784 12673 52613 
61473 16832 71982 35541 74415 95485 40427 87667 86788 19669 16985 87903 91640 48021 98397 91965 64443 74543 19261 521 
75844 49129 62160 3302 51788 44716 54158 51952 40421 10697 51727 25092 7095 5724 16154 9617 66153 26132 66053 30282 
87576 82882 37301 16104 84679 40559 11057 5936 38840 77195 46282 21375 93797 32916 56610 35606 62532 13436 77185 84702 
53245 2643 32101 87597 93595 91089 13252 79135 70422 70207 92632 70670 35853 54555 13749 88157 94280 36409 23743 69326 
73908 70202 15230 81104 61820 64904 39341 12159 48910 33807 25662 6931 59732 25701 95475 57035 83101 92565 45571 49861 
63162 68131 15029 70862 70397 77327 66255 25717 22303 65358 42879 22082 73013 26419 26405 11793 2798 490 39042 66808 
75393 66390 88717 96267 89637 30010 76666 10816 54403 79672 61476 78586 27965 10209 69173 59034 61012 29993 99456 36412 
73325 46136 85398 31601 57825 10874 24487 99299 22999 94130 6812 48577 55945 28890 50117 88297 14176 17910 25020 62440 
44830 30807 32957 95387 74482 34835 83774 22792 49370 49476 29994 7897 22438 14240 64700 39619 17996 15844 33158 1 
51525 27126 58948 79817 84600 34929 78676 56070 25064 4253 48364 23331 82448 14999 4218 85475 51917 83439 2386 29739 
68375 46127 79560 62086 34158 52747 40378 39587 27573 24661 43675 17910 86484 22508 42138 7177 31821 40403 14743 14886 
11070 63971 2787 55486 64023 54444 84095 18668 56507 70226 82550 25525 84626 92173 75626 62399 33540 8510 54957 7354 
61840 40974 75001 11015 30251 40232 33016 82122 34756 22861 362 86504 60586 11852 18467 72528 36785 58489 2540 78885 
80176 35615 43526 45700 57246 30450 20553 32489 17526 11359 45270 73198 56558 11534 14849 22779 91021 10755 54895 23406 
39793 76732 83768 80808 83449 83058 22625 45048 36820 27553 62260 54740 44911 27947 72416 34622 81964 7591 27946 49723 
2417 92153 70421 49769 65020 17050 21416 67223 24745 19382 31478 60405 60735 41573 45825 20393 23563 70186 47227 3063 
17785 63689 65267 3207 75710 90623 8445 59462 89398 38369 65201 39266 62881 3831 9163 36611 49245 89162 41242 76975 
5542 82895 60356 80136 18862 35294 6448 28680 15119 47601 58155 69710 27994 2388 12863 12211 10552 17950 9976 85183 
39461 32312 79402 32062 47515 76551 76472 18414 4202 98096 87756 15789 36496 76946 42611 95570 95993 44756 33839 71811 
5267 6237 58260 38131 37392 2351 26620 36279 97632 2955 97072 44615 10402 51490 62008 96457 7693 29725 98662 66796 
64875 17754 49435 5319 51083 77489 10465 17637 31603 83515 93263 80181 69082 32598 74056 22666 72461 53869 94082 20257 
56579 29536 82017 42551 94840 79252 99504 20227 65134 26404 15963 95385 11125 21045 20826 67683 92835 55566 174 32440 
22083 55635 60817 34603 28807 27815 64990 23654 57539 72137 38094 6962 62155 53977 18859 68406 1293 74060 62839 44537 
33186 49349 59733 83220 79762 17418 87513 41835 99098 99623 71656 73886 64055 40565 92843 18646 30184 6117 81148 55660 
47984 44400 19105 95064 18897 9077 70475 32041 40983 4701 31524 45674 22931 84229 19285 37971 98751 93701 98737 18341 
60417 26393 19442 50231 72852 67994 30736 73417 31302 9003 89601 2816 56274 15941 15005 7855 82579 59801 19006 29886 
30984 35381 21304 44363 70388 67982 42936 27464 42095 48436 53538 45354 115 81484 86907 1268 82906 65075 50553 96783 
2460 36657 54423 97140 21251 13807 80028 34001 7841 65461 4684 99002 69176 67854 6046 62870 94621 834 6923 88872 
55576 56478 50185 31256 75567 93311 17890 87676 63724 17972 74964 15483 87246 30287 7085 91349 8134 22863 97278 95264 
85684 22984 59342 63618 76847 6465 83644 85334 76952 20865 42884 81848 78798 59700 76095 15884 2286 65434 49431 35364 
77335 57089 40867 52967 9831 63436 19212 87280 65151 75240 72492 72717 88428 14110 68297 93970 50926 31545 33528 65884 
73687 66574 68433 78897 65055 90569 9730 14078 37540 97903 93192 71543 26983 80961 2405 34914 35241 5964 19629 72270 
94844 92099 16210 19511 58453 84973 89110 8905 46042 57887 31671 99551 98642 15481 16725 77949 43592 24434 11682 41300 
21982 44369 31041 94052 47284 39044 81373 50045 97566 10483 86820 27232 22450 63147 75009 86044 53106 40473 60882 50345 
1419 1567 84153 46184 39174 97250 31304 89996 82297 10781 92521 46774 69951 3458 77600 45894 23461 96223 12591 75570 
70281 20144 34364 88784 78937 64989 21569 42531 33379 84534 70425 6757 51529 7522 53440 1075 52895 9796 81656 70670 
54950 33192 94168 82627 55605 2838 51704 79980 65521 13156 98850 95757 77553 1498 23092 96536 5463 33315 18169 27491 
22236 50783 60281 51938 16779 96317 51921 67280 76143 20792 60153 53837 8920 77834 83263 13151 34256 57994 57895 96469 
71070 59660 25603 31219 88090 85238 79702 70107 83374 57837 17264 1866 4104 65642 4481 13692 77967 22974 68586 79866 
10526 9978 99701 29146 37411 11967 87614 51814 46058 37182 49861 70325 45686 97833 71750 90891 98675 91553 90783 33454 
1693 68888 95054 47759 10100 77502 1811 3899 6428 92846 76452 26642 34713 21222 70153 59402 38670 62713 77250 73594 
33142 9336 87820 73207 11926 55173 28860 34720 97626 44261 27652 68933 9732 49385 97794 45865 3983 66991 74627 67609 
88808 388 67902 61252 69935 6688 71096 28422 17581 5844 42473 79416 12167 3390 58725 50352 48929 94407 54318 29489 
47513 26506 60078 56511 69359 35836 48050 92274 42981 50298 9539 7011 99269 51947 339 37087 43785 80756 6006 42208 
1177 76576 13898 14189 19874 72275 12147 43106 9796 13731 73348 44914 45195 52165 27770 29216 21949 20367 36743 39645 
77159 74446 54957 94853 23283 22316 94113 6613 34685 14743 12336 47101 69579 68633 55153 96491 70583 43988 21162 12522 
7386 89858 74511 40259 38937 92326 9013 40706 36307 30929 99478 86004 21053 56928 95701 8398 7126 8778 38131 33263 
76823 17027 62115 39088 843 66197 24516 1854 81464 39519 85861 11227 13097 2776 78446 56023 71530 93124 11863 32981 
73868 9907 5620 60945 90820 65994 97956 69348 34590 43278 50368 90465 56626 91807 67161 3579 31254 77606 17473 84671 
85415 29145 34909 56352 51034 54630 27026 93522 34424 94720 51601 7958 75318 84391 56016 13386 40587 83125 33923 33866 
13322 53370 97369 21944 72315 7591 68294 57191 42991 50614 45616 40209 65631 42106 69742 26377 18638 29860 21423 88678 
80465 44258 34675 72238 97098 23980 31273 83249 10410 70934 60702 26400 17958 54352 25581 56560 44558 95659 42643 71310 
42894 65084 93837 40462 21233 14649 9404 18611 86605 65567 15792 11533 63730 88229 69330 20932 9752 25472 83901 47715 
62576 55868 41048 45344 40253 3644 56924 68304 92816 6920 41027 84190 90351 34175 388 53170 35490 53625 51071 71024 
3533 36175 35523 95184 138 26627 44899 75576 84002 22898 83633 78386 42973 83737 85766 28574 69058 62009 20526 53028 
87134 23104 86484 46126 94529 91227 66556 29436 10298 89762 55569 93402 4216 97001 26772 6524 63426 13914 35173 80220 
22563 51408 44428 73016 55165 25238 57092 63881 82518 79191 32605 52944 38666 91132 86787 1859 33785 25579 53967 50180 
51953 95187 24220 62853 9172 82583 6197 92505 34071 83946 35215 2905 9260 85203 39870 33352 46051 16501 9810 34926 
54022 21610 79922 95223 43914 60505 94625 6065 95723 55393 6290 57272 12309 66272 691 17783 27818 36938 15025 22106 
78360 8229 73560 11423 14760 2346 242 33652 42056 38760 93360 60783 94723 54056 59620 54040 89430 68243 35685 65191 
90726 57664 88158 27409 32540 32906 28955 24465 28553 74236 24626 12091 4753 15969 17423 62701 92631 39722 38446 94861 
99516 43898 13397 73619 36763 9500 63091 29322 75015 2465 6144 23258 67446 13495 59324 44163 64024 95266 44504 22949 
63772 9235 8596 40219 93444 33964 28944 69086 34641 85735 44107 25121 51677 94789 8285 87347 66562 26399 64917 57196 
97395 2676 51532 60531 71770 10574 52583 88415 67477 76139 48641 16015 21350 53344 4169 1784 22333 15252 41398 13481 
27251 11853 90443 17254 34680 75845 9375 17900 44875 25423 18000 15402 25420 36067 28486 52233 42957 33937 76048 51300 
43132 73792 80810 88759 20207 96533 40140 91460 93163 98471 21657 30504 18647 31031 87576 61261 58847 45331 118 70130 
17363 64540 80743 33458 87054 97048 20920 13180 85859 27426 43535 65562 71770 43871 82245 98175 32330 41400 27151 68899 
70155 55971 28273 25622 73491 46268 99914 13793 61563 68752 12901 668 87592 47004 9967 11260 85713 63678 90395 75503 
63797 94739 29322 35054 75928 44020 35947 1646 62351 6991 30596 68765 62278 23950 69294 55100 24727 72137 83025 96134 
40682 93993 86878 85247 77911 94219 75027 18086 28388 96444 18717 17058 73172 30726 37513 82645 81088 21004 8833 22812 
13156 76518 41089 51041 96284 96986 80036 62619 4860 49067 81958 35657 80395 31894 23087 10671 79738 74121 51128 59607 
69653 7410 9098 60776 3505 8384 36226 7156 70092 82299 45858 40255 87311 77004 65377 17516 73810 75028 606 84970 
93409 57542 92111 11454 49354 5539 92308 36034 40415 2693 6887 30516 5261 12167 79541 73378 54876 55647 76818 9998 
99704 53221 41975 51395 47551 220 63522 3761 89690 80010 22065 14415 59910 68530 3285 67793 2143 80617 48460 89461 
66424 3606 22410 54291 57298 87364 76949 35026 78611 25700 7501 6494 88666 26791 63462 13120 75275 6851 84783 18148 
85616 60131 97120 21862 98770 63841 17151 31731 50384 34931 35183 58430 22735 30124 88114 86837 33265 11023 83475 73141 
48410 73193 7211 93421 76157 61310 25329 38923 52876 61081 9331 51148 78510 25934 30336 7147 19219 76616 90945 25531 
77627 87265 8824 18245 88957 66877 47565 82921 28017 94991 32724 51052 30388 43090 38212 76894 16530 48924 66806 2341 
54950 45804 77798 34285 10758 1013 59839 85778 29727 12620 35881 67132 61704 30150 81563 64945 98135 31720 83229 61702 
21379 29708 4710 72123 72669 81513 21565 91683 20110 67126 93776 21249 49863 97384 75348 55878 88630 12777 53739 5389 
12733 83410 20063 43692 76083 16788 16157 72888 67577 60072 46228 62003 10350 78086 79362 79151 66942 72705 77419 96963 
3299 1243 59710 8017 74976 83210 79242 12962 29083 16530 22393 47373 96449 90720 1751 59708 49993 54486 40838 45911 
4059 62381 77714 7549 58728 84314 44439 1838 56544 95368 4256 12187 60407 87692 62271 30099 8757 9673 87888 25237 
83896 54403 37152 17762 27845 38840 2353 6896 69718 92669 69732 17498 22799 26247 39033 99785 8279 69583 51131 53464 
38221 94257 85129 26787 96096 92991 75781 96040 27410 26858 8137 63856 80425 36727 11005 4174 4895 84718 61076 22132 
38658 23065 377 58018 16465 18626 95680 47600 31673 53632 72758 62139 26507 82016 54592 66085 3881 32681 42416 606 
98835 47552 42798 50092 82745 71733 61372 16789 23462 13431 91467 80632 67707 55346 19400 90519 51422 30079 69594 35515 
95660 41457 35493 73001 22665 83230 8712 79727 78313 20352 45359 49265 71966 38635 82467 90582 42471 4218 61756 8852 
7798 56628 70935 88056 21774 53616 50051 91867 38376 32586 99178 1811 30792 68445 3512 65874 8408 95239 62298 48502 
75803 64828 89352 52640 41279 78096 35389 68955 91677 78197 10751 86459 7005 6757 29539 96994 20966 45758 53985 40266 
92420 82016 40700 46861 60095 40259 60496 52111 19833 66819 35728 13680 33485 10945 68448 73362 55364 57453 88622 38840 
92896 81545 65567 38695 10299 49918 60893 57580 40974 47556 88396 56375 80952 80237 63920 48798 47747 52867 69905 86920 
8314 28840 88991 86916 85431 4143 11585 56381 65443 90256 80250 97596 15140 68558 68560 13606 79563 34935 45810 43798 
87238 81381 82165 69070 71872 95371 29556 33730 66280 9936 34235 76943 19437 58886 74467 9619 63831 71681 15360 89932 
42317 1201 16386 72283 31783 10588 76110 28007 14171 44976 57640 16529 81793 98811 40407 26113 20958 68647 58363 93735 
89008 31244 79116 35934 21058 33062 61265 28118 46243 95068 84194 20391 30638 7848 85752 51160 44446 235 53541 66568 
43976 70166 20773 81411 39988 84324 92389 13378 48642 3736 44208 18948 95754 82797 38996 13958 49407 60461 13513 93939 
12158 91291 28124 86924 1180 85559 45991 76096 12672 61892 61526 95636 92386 82745 13009 13011 43804 65544 81308 8102 
88577 77912 74866 39626 92939 38411 81169 25987 42152 72211 31951 79861 86052 41774 5825 23492 99999 49386 42785 80522 
63520 61913 84182 15026 43257 10617 42838 11639 80675 50634 62243 16366 17344 24815 80722 11860 63058 46897 77452 73138 
13837 50134 71207 48080 73676 92317 65688 5013 44284 43544 14181 63945 82595 76463 8213 59757 77894 16056 62320 34730 
54579 37024 36732 6757 80306 28185 4651 83692 47646 95504 5952 6363 7428 12599 20384 42376 73971 57710 29507 60875 
69018 72154 16857 74178 93252 10285 46358 42369 64539 86274 27921 76953 76115 60786 87274 28268 47283 46750 99837 42712 
13539 78962 60061 82792 85616 53466 61942 86315 35510 16036 25549 19109 17717 88893 83666 26128 19852 46179 63191 31705 
31452 50875 21303 547 60046 25576 86277 97423 40032 77043 62218 33197 14810 89132 994 34933 87352 35605 15611 29804 
85968 5034 75087 44898 83975 90088 57054 76995 14852 58893 39998 96628 5970 49028 31537 36119 53149 90940 99708 23547 
65205 71732 77409 68202 59728 21120 6706 10808 61982 64473 63232 61240 33071 56841 30921 44947 72744 66705 26792 54129 
56453 73203 95932 75327 85844 53066 10752 47146 93875 48436 21727 49362 67803 82388 2254 46402 54270 78270 48261 40425 
68605 29744 20788 21936 25092 13068 66775 6629 50249 84149 81403 47538 96602 45960 13024 58259 63068 60932 88608 5375 
29269 19301 87923 94491 27935 60379 98664 50426 45435 17958 16483 8386 26066 97426 88757 45688 96317 75637 83439 62551 
75807 72246 63907 33335 82184 8427 23121 21023 20437 9853 49318 51674 36752 29062 43875 14295 5027 79596 2100 3835 
16764 42353 97810 90677 55142 37425 65741 3247 82903 13603 76673 3380 70972 78253 41260 59212 48288 92134 66069 97829 
77989 74937 43164 92110 51845 17163 70599 48159 47081 30778 4512 31350 13225 10859 13900 73231 84840 50289 75641 44965 
37207 67919 46199 67396 35378 46159 53772 49988 62925 66331 23309 91415 87806 81163 9244 46888 92508 34420 521 83080 
49988 75504 9750 80321 99611 19250 50885 10335 83481 40281 20275 34863 1640 39137 6886 89167 86426 5075 89070 75192 
79040 10278 68806 99226 30021 94661 32720 91469 97671 24178 39027 58025 68413 33947 65591 29357 2211 97886 84974 89161 
72611 1089 85977 23322 89225 70439 38424 24951 56527 86536 63012 36714 75807 56679 8851 35593 30234 13894 88948 90974 
2822 93903 79164 56639 63258 32300 81743 60820 32702 70964 75967 31505 63087 61363 35210 73364 28921 51439 50657 64192 
54645 50892 36013 80657 58516 59089 79658 99740 5074 86222 73409 88951 40661 8308 21904 92015 65478 21795 35312 33939 
33129 67466 81476 69082 47020 53743 89977 9456 25914 71229 49588 90764 71901 26518 87621 26658 82958 6120 44684 99361 
26564 64795 64620 295 92271 32482 24786 93300 49518 6077 37906 81373 40927 55308 87739 29050 38853 57207 13735 73844 
75788 97833 19042 54663 86695 52475 88680 40112 54504 46147 47140 82192 17251 42137 51095 50275 74235 10019 58726 81750 
74413 91492 79336 19852 85919 54147 88108 76994 10140 38556 22925 91901 69321 12138 16474 33905 54337 26142 66966 54454 
59922 58800 2661 63605 26305 21466 66941 36826 65414 31592 77110 37758 83192 72673 68162 49069 85601 71387 40299 26680 
49091 26769 21358 80244 13346 6062 95309 4228 82705 10843 62147 98533 14337 36964 9343 32609 9431 89022 13249 30710 
45305 46792 22633 95154 45609 60172 86674 86377 80669 79018 44360 64218 73390 78267 37251 42123 53095 5608 92730 50323 
16759 56690 9428 14475 27450 91219 73591 59105 41046 15890 52899 23285 31627 31189 81640 12989 34829 48620 18357 16689 
47099 24529 2010 3778 19088 96755 74872 67747 37562 36446 68348 9222 60401 94902 99050 42817 9237 2606 12886 63453 
5926 69095 15500 47343 69929 47964 49236 74612 33955 89088 78936 64728 72806 85250 69738 9012 47546 19637 66216 5793 
24186 27847 32665 55202 80219 23614 2284 71163 59704 57411 77000 87302 9650 16961 51413 23834 71113 10850 58007 53342 
38692 23726 65978 20276 21732 29819 31099 67784 63674 48153 10338 18118 48289 32180 42509 92503 73538 48449 75917 98802 
57677 21997 46098 91508 6324 54621 82418 16877 995 82076 90547 2834 54630 2871 14693 88405 2952 60907 27562 73022 
76565 54930 17936 43489 61389 69301 67557 27392 42709 57630 68424 83576 22782 59235 6873 90532 45107 37267 39286 28126 
79937 9449 93411 78832 88058 99632 23593 98348 73287 5500 92456 67765 60556 35275 14017 41882 18194 26922 53405 83258 
58042 24902 53329 23802 14289 60630 86441 78714 58366 60504 47322 85947 47998 33661 37064 9931 44872 96086 94604 7346 
61026 67744 70422 9800 96513 35885 72780 63916 21598 96753 31387 84172 78292 82210 80361 35939 51837 46992 7723 28238 
19942 56715 58351 910 40171 23856 52904 72810 60845 29125 34786 47074 85333 10207 39980 49191 10930 54239 34920 9094 
16352 90968 71005 70623 95000 87571 88992 69925 62151 93086 5224 54630 31564 65469 33294 51312 75819 34727 78445 70362 
88683 94442 7722 27186 5015 32938 59413 76702 11344 12809 94989 49623 27267 83571 81723 43281 12648 8798 64133 55459 
82866 61236 27066 67421 92847 46915 33374 72829 47329 140 55236 73864 94701 47967 46509 70582 81681 67458 2292 47288 
54774 93089 84643 67390 59563 80791 95218 14579 87893 2421 43331 61620 32773 23706 94808 12695 34654 80083 86241 56471 
58191 64374 7984 92399 44901 30259 43370 78843 56165 71146 40669 36659 61177 93122 85510 56515 43755 54193 83499 15290 
91125 48878 41787 49600 74389 75343 73878 38627 76491 77201 33774 7622 25070 12051 27709 46743 68060 34420 22625 94169 
12385 82660 96166 48549 51673 96160 67529 76888 29205 16304 68344 19786 43198 80307 74959 942 5122 40196 28741 63776 
58123 61202 97859 80770 4960 8744 63066 19212 29950 86081 68532 2345 73181 45139 46996 90292 40030 87178 51667 70663 
60040 7644 58367 74988 71886 53744 4193 3686 19024 17110 88684 70970 57399 7925 22608 24016 32413 56349 61790 94481 
46754 83027 85176 32217 64855 12176 81149 90831 51546 18325 76382 72802 2337 50622 36956 26261 43489 14300 63870 87059 
18878 30164 9195 52652 71436 13692 72397 45365 60115 29565 85077 38547 39173 76869 84286 71853 91987 70265 16359 33124 
19530 8771 1941 65859 10635 55278 26533 20046 76355 19836 49396 578 61039 82852 70932 30509 94863 27570 35898 45320 
47360 91941 61232 84753 69205 70887 59008 94679 56591 11416 4084 18121 82219 20441 64573 7083 50940 64924 95434 3431 
69989 90835 51485 93036 28883 52339 96015 91342 99273 9006 5060 55158 49267 82138 7031 28377 22839 84270 20816 24050 
82321 30512 13736 18777 49042 41179 22385 88899 11737 64509 87188 86981 13455 59600 97386 62831 12045 14419 93642 83745 
47549 1471 89665 90222 18672 1513 55738 93084 86289 89473 71086 23885 66516 48467 98305 25205 13403 43817 48499 42124 
55414 7133 43726 20596 20243 44645 81442 16436 38618 70714 33920 44502 22876 17981 66375 49318 57461 12353 90664 57231 
65525 10333 38405 38598 29445 62748 80688 47270 48290 93095 29449 50841 76397 14168 2296 78723 47653 37898 97369 38671 
50953 30916 86211 69703 27846 53496 14682 77828 80580 10457 80163 73778 28921 77209 37078 21265 83152 7613 7923 16563 
75358 36748 48606 47828 70122 93521 35002 47715 37412 65781 97694 84576 85745 45982 88312 45147 25204 11814 62984 1269 
69917 70560 9917 77019 66248 42869 53533 48924 21831 44316 50475 34959 14227 47063 74872 81201 84372 69321 48560 98192 
81251 87450 35792 53517 84229 12455 80156 56681 73044 83688 94608 73888 97822 82189 30128 58554 30321 58032 53924 63932 
4857 34065 93772 22555 43090 46592 22924 39883 32756 78467 53644 70437 69892 20846 40731 76646 31010 62944 92690 59825 
88151 25954 90929 59860 32231 15311 8256 40969 24589 64596 95300 78105 15257 81397 90890 23053 42133 70856 18722 85506 
39250 81186 18807 33912 40033 667 39488 24420 74318 14261 36483 18463 30760 5368 45295 53878 11438 92508 61452 96392 
59891 18530 44469 307 81266 44212 40088 276 59141 53041 39185 32263 71840 87156 18324 46328 20832 42410 63285 60065 
74878 53024 50749 86735 3993 54323 65355 96523 97858 55715 59329 76242 41050 87409 51752 5088 51587 3346 1760 374 
79656 59161 78858 57542 18083 93038 53740 49016 24472 76180 63479 56158 47091 68043 22513 76077 23386 69526 70534 42491 
28381 69495 14672 21079 52221 15423 43292 97807 82438 63608 40230 80828 182 4765 90751 33551 36310 2947 91086 50981 
76670 70464 84599 92371 66652 4077 17507 14161 41537 44305 15751 12751 68093 51051 9278 22075 45117 16968 81735 96456 
53951 71278 2354 7746 27697 89522 70267 5820 13515 95568 1370 60126 2122 55245 73903 51545 86563 27176 56864 64646 
78075 33006 72452 69977 36217 9814 32081 59972 74672 45957 21117 20848 84868 43972 85760 66046 6541 45943 10680 3564 
9760 71588 24989 3156 49905 70302 85909 26492 38711 49205 5529 74023 91256 35532 73701 56174 84121 97683 17190 9142 
2369 82837 54474 14590 14435 76524 81706 29670 74233 32946 12574 83430 36234 39519 42023 57439 38593 99357 83002 60347 
11247 12647 6491 19721 8796 65288 65295 4892 96862 87531 2474 94801 47021 72992 66520 33974 58237 7909 94108 4249 
42054 32688 94403 18592 30672 92714 66451 55460 63066 56379 47112 70687 8900 10255 24094 96184 59906 85956 61375 23896 
84606 57156 52837 77479 87108 45021 6005 94011 6876 18131 57534 91975 42375 27449 51781 59070 77323 73444 92345 3833 
47996 19910 60512 47640 26930 89318 87105 26529 28720 82982 65614 92838 32816 66280 82308 77171 53618 91272 90116 35295 
58163 7866 31356 69354 79029 93278 71828 61722 16005 55154 96152 37092 87365 30406 35502 97936 34980 42080 65202 28298 
98071 28244 72552 69228 93611 38979 70820 405 44890 93024 85486 18448 56938 59379 95493 22397 14842 8883 58406 53642 
55278 60465 72255 10381 92837 86906 13223 49460 20631 5131 66952 23898 1179 90300 37131 20287 678 25695 36321 20461 
83248 70115 75177 17651 81873 66725 95343 56846 64837 24357 96317 16545 74697 72995 13762 51267 55131 33683 73530 88279 
34622 69292 11654 10346 1506 16072 56981 900 71447 59811 36794 33547 58428 10428 15752 14792 99474 60695 85700 41501 
26585 39910 69452 91068 20316 98423 53526 90895 62927 78829 65289 58775 30974 36293 98318 22428 56184 93337 1148 8766 
46290 91187 51956 8573 96716 88603 64221 44019 92027 16534 42565 91370 27097 20087 74846 39886 86681 65448 72122 62520 
32165 18894 34274 44948 8777 99434 56765 1216 18469 98126 16390 58699 68898 68189 84002 45486 68165 40257 59861 74733 
52732 53783 30887 67823 71654 58444 6773 17267 8128 43384 57816 19826 46805 71131 44515 63524 62376 95385 38917 63852 
75087 9453 99017 23246 84992 4927 73237 32406 46498 47179 51576 4540 41311 70199 42810 56397 82217 12911 36753 86585 
9644 72696 17390 98263 47788 95698 26812 78658 81893 66478 89603 70844 9109 46783 84735 92466 73940 37424 21884 84393 
17953 18466 39683 93267 58109 56939 54025 64220 13428 15972 60983 6416 64406 85215 25473 17905 41736 79378 80280 50194 
99987 7634 17094 35073 62522 63948 20150 35229 36548 38034 8449 91862 78023 82622 28017 96055 27354 93906 99325 19426 
71667 82483 70641 51144 40448 29027 5618 94134 98272 44480 49737