86891 73360 95753 55226 99759 737 26829 58402 7683 24412 81714 3981 42665 18115 89742 77878 18520 67538 68322 84270 
74255 35071 83823 53192 43223 30078 60359 54816 66647 82180 93923 6971 43851 84410 95328 47425 41722 81435 9916 8670 
6022 7957 63301 62306 58751 78654 49617 94238 46828 68727 74997 51362 32254 53528 12408 18142 81927 82495 26539 1612 
34788 40724 83542 44554 91464 26552 60562 17698 36049 95059 30126 9520 61212 17138 10248 27813 32910 84585 93428 95948 
66655 63002 96522 24448 17774 66480 42042 98555 69220 58140 1773 77032 97981 23668 57817 66640 63000 64751 62993 73088 
883 96448 19964 12533 81338 57250 43132 29634 36727 53947 60763 68494 87378 90202 41383 74653 94587 540 25665 91192 
2845 42010 65302 66905 31527 62117 73955 37276 80985 12257 82747 24260 96507 54017 94456 15844 40553 13956 42374 66826 
82786 40996 61658 17400 88568 2461 42262 15521 66586 76562 25764 88492 96532 53240 16762 74512 77136 89398 17282 90914 
83870 35134 97514 25303 36357 41680 89050 12980 36731 11063 36995 40113 87698 74066 49366 43829 75788 4417 18124 56642 
23682 45435 72336 61070 44565 96905 6505 39494 62104 18972 46439 82390 23511 69160 46395 41767 69494 48695 31487 57876 
99873 86512 2514 39443 29991 98047 53125 72157 21437 6571 65845 56727 5977 7372 39472 70625 46149 88714 67560 5088 
54543 41202 53237 92274 51060 71999 59255 5035 3817 3310 43500 69322 63650 87682 4314 26282 88281 44730 18104 8902 
48669 30744 53332 20287 41643 94423 33426 79572 63640 37610 18162 45640 53565 67441 95237 80397 49298 12101 55725 38429 
8985 63031 25174 27243 58125 36226 47554 23027 12109 7765 67514 18416 22091 69134 77393 66813 76115 52559 91048 12823 
40567 66053 52472 4611 2036 66018 29521 94740 37295 92862 87981 96579 38356 91721 47413 21887 30393 85269 61671 83680 
30 85930 34067 27303 11120 3720 41804 43545 28913 97885 14035 2804 26583 85581 28813 38943 45154 45558 92223 39376 
88922 64827 90991 92629 79319 43767 75749 65267 13361 35243 4908 22944 7760 39259 16224 34740 8797 95361 43598 89013 
74376 34561 62265 40542 64800 37025 56952 54797 38546 43666 68379 86903 45404 59666 98275 20009 36128 59431 75299 12050 
71141 17762 36041 99632 39218 53931 49861 13705 20652 6272 71289 34947 66118 98178 7273 69550 96921 72530 93783 84865 
64379 49464 58850 60791 66085 60897 19057 5091 89829 2463 87520 50963 89972 59870 76132 96307 18940 20009 58640 66797 
87298 30037 35670 26351 9742 23010 9606 23610 92943 2202 18921 16615 32193 55844 72779 27016 13673 98982 40493 38311 
41980 87187 36780 43451 86188 94570 80955 31508 9559 15332 92859 62086 74458 30644 9937 26028 14493 69933 42847 34311 
25606 33901 4 53854 79492 23844 30594 15170 64212 7522 80405 87486 46340 20875 70920 59827 97554 38268 81723 14300 
32391 18354 6546 99223 74989 13398 18472 77709 22738 56493 65844 79871 80280 12852 27031 40090 16626 9338 68203 27111 
24573 25570 65107 78737 51318 59945 93800 46584 51193 1018 36469 55735 51787 24505 93051 15135 24418 80526 7997 40154 
13159 9806 92938 92851 71774 57016 76841 1738 20119 17930 24773 96832 25989 41903 30784 5680 79064 46232 58783 58582 
68809 14980 71478 3531 19547 91525 2351 9112 6742 29507 91731 28556 60046 5522 47595 33496 10062 27510 79245 4426 
99863 73488 34317 2654 27714 80194 28216 22322 90997 5777 40754 44149 8063 20017 14242 77131 47891 90911 54685 72263 
8951 38724 78532 29517 66290 83529 16655 84147 10765 32590 94169 29148 60831 96162 36076 92823 53667 53114 34959 75081 
76478 27699 66429 81567 3414 5356 49074 4231 4646 23563 41116 82444 17129 68872 72432 7241 87701 36253 50161 98405 
3224 93661 47395 10204 38670 12754 64364 49925 6616 8618 49149 56343 65755 67732 90617 22385 83557 32722 2070 19878 
74829 90236 77375 54876 36921 76032 94981 12879 95815 60217 21352 44411 96832 69184 17761 44305 21549 11788 8510 6553 
74897 18224 63802 34979 93010 69701 14682 70048 85700 91177 89163 67034 95759 42271 33776 47348 1669 80953 80595 93333 
7663 55842 24002 92015 82768 62353 7295 61457 65009 55269 76619 51102 81453 70942 84900 19256 18887 25128 13119 54460 
59942 33453 42226 8386 91155 35843 7527 69816 99268 85199 2968 68003 62296 14855 38164 67089 4861 64934 642 15703 
46988 86455 64632 71312 74117 44406 56943 37146 65308 85994 94087 4045 70472 43982 19999 28784 21816 1694 19822 10755 
92322 19168 52761 4992 80364 45082 658 76705 17173 49655 83079 64609 78025 5184 69652 47520 44727 49072 80978 22072 
23237 18237 24993 13757 24691 99282 77947 62384 46160 20992 17490 30080 73138 61324 46341 13956 46101 69354 76579 63617 
86344 66576 69549 41640 62502 28359 32921 15843 16442 9171 64437 64751 37528 94940 8142 48387 10042 480 6835 5195 
70381 78851 99436 9269 49821 51455 83197 89708 45405 34847 38139 66826 78054 6712 84043 30772 28541 80135 89220 24534 
8585 76280 14762 24384 10791 78936 59248 4012 85708 22549 78950 84528 97597 10504 74589 76296 64605 15609 74841 96808 
50669 12630 82378 3200 28699 31821 85199 71809 84607 29451 32453 73743 58827 47053 27014 52034 22177 20760 82091 91265 
44186 19577 79117 46434 4449 62957 66383 90384 21554 20263 19773 4927 13018 94160 91411 63426 25514 28377 80083 54462 
79960 43804 1133 40206 20275 75757 15265 75955 19102 10814 13453 41510 76446 673 16400 75714 3204 596 27012 1570 
6055 86844 76890 65190 52602 37544 9807 93798 31468 22075 84190 94438 32264 3812 44836 4463 80694 23546 146 34321 
69963 68590 85924 45728 33903 99736 20615 23036 82621 10198 33419 94441 2816 24641 60609 26405 29330 89029 61910 54519 
48195 76085 69621 46984 21226 23172 67501 30394 5325 7780 51054 34707 3273 37438 74451 16302 15712 37584 95163 51155 
31698 55111 55248 68840 67823 75368 42696 38384 98189 40759 99743 1672 83247 85041 35136 40273 95450 64625 5621 82495 
77491 98949 89729 23126 59108 67684 74259 57157 58116 4922 27716 63889 44811 99260 20613 66932 98814 11323 18858 49049 
85434 63775 1737 32204 93206 68882 75255 59714 74913 9994 34593 44176 62792 4146 29791 15043 37821 40506 59900 43327 
43871 75483 73335 89402 85378 82952 62091 39848 73183 20860 28120 75152 98064 15107 31633 14769 68957 86772 22526 38633 
39693 93646 31678 14241 57619 36003 69401 38555 12385 55821 91750 73664 2870 2181 30632 48881 63508 92838 87487 95897 
81790 98764 88269 39831 40690 93135 42948 86196 48117 75213 2339 86399 52139 98263 67131 53067 63868 19452 55073 88235 
73222 12234 49726 54709 24593 54319 63415 41671 28726 94544 30818 12711 81509 45662 73221 72899 41334 7500 70588 31190 
4836 41458 96117 63350 78777 14048 68033 44805 94040 70480 74284 28981 90561 88819 68380 60307 78249 53885 44951 26671 
84921 13385 65911 82264 8464 1925 14710 91460 35933 8147 57174 27677 66767 72863 68337 4043 29564 14165 56368 6662 
5173 23582 46189 10520 55383 89391 20929 57614 14768 36815 7265 84993 82545 34693 35419 19813 69574 36680 99818 29771 
10465 4558 1710 64509 49832 36741 88486 84688 88630 1849 11118 81610 76632 85120 73730 31919 2677 7324 31625 87102 
11698 89007 13071 14076 86970 8754 96375 57032 70421 60439 17162 22473 12648 17171 94275 62619 93210 71827 68129 81950 
11050 62899 7203 86420 76285 94946 36910 54578 51100 61111 23594 6340 35164 85551 70545 78727 56678 32310 40724 45149 
59269 81980 9814 64035 37356 21600 70441 65955 22982 43273 30735 46374 21980 27663 73223 32265 46194 76091 44839 89575 
71033 15242 70657 49969 85166 12978 59879 20575 27183 85985 94573 20526 69585 83616 52509 10685 92470 49383 32604 73675 
56436 29692 7500 42827 84435 580 17788 51953 17146 95352 77648 57846 12099 20537 8965 18211 6638 46030 37889 21833 
13058 40009 95025 80264 67819 72904 62549 93784 618 43707 72331 33859 21552 98086 52433 21650 28984 37041 98999 59281 
2236 33665 27605 2978 32115 1963 66107 78973 21681 96571 54399 3137 56117 45862 80939 17620 34920 71863 94569 86541 
92233 82529 62225 48930 52362 70377 13020 13782 16888 74321 97725 41992 43648 69989 3150 85086 69406 30687 74367 1100 
65367 41375 87121 2643 29525 52745 36943 45729 28761 71753 44637 11748 50568 59284 62294 18223 4713 31753 66228 10514 
2967 61142 36647 86843 54585 37153 56474 54273 46133 65356 74498 49912 29239 19448 10040 10942 47641 20837 51363 29819 
93778 41475 78668 62433 96737 30992 55399 57065 4853 65813 72261 42862 91476 90007 51800 454 98299 2081 52272 18651 
77163 93695 8881 412 32750 86481 18135 14184 20911 29810 16533 80778 24552 82819 2757 74360 61933 45687 88950 74733 
21036 82846 47574 78172 94320 41634 23343 86614 89226 31459 6141 78459 31664 27252 75611 1908 80640 1006 12549 44336 
29972 54141 2594 22005 30539 55411 49589 16710 53575 91154 91757 20664 5767 99253 50419 21573 20115 94333 31883 32843 
69058 57431 4581 41268 27225 61243 71976 9003 21295 2922 79928 59380 44812 41936 87148 6734 49505 62014 55451 29378 
79070 82563 72787 35631 9774 45317 53042 32054 76449 45494 25333 53421 88820 90917 43330 92417 28000 87532 63656 53132 
88452 50662 78296 19770 84871 33585 71873 3431 40372 14376 50708 18868 79594 36193 97694 84643 93572 29341 48144 43376 
51667 35841 444 90362 84584 45818 58174 33052 86237 59246 18960 80463 11258 75073 57526 21806 15943 51342 92839 23391 
62612 83785 46120 25172 34970 68567 58111 21777 8134 38387 79829 77879 39456 10134 54448 22149 16151 13461 3670 11222 
50013 46348 39208 776 67255 5434 75493 35500 61066 74802 66458 78600 94600 94343 3028 58113 35508 30369 91764 34121 
131 33210 11419 32945 26847 42824 89188 6093 26321 20974 70414 96240 65656 5016 21559 34899 90227 47398 19237 53292 
21249 27751 91319 17002 68087 68344 75055 45096 54520 92748 97954 44603 48439 95886 39499 68194 62836 27107 87979 87991 
90083 91203 88050 94777 57245 89291 66675 5700 12725 35669 75740 78474 77582 48301 36962 52817 12067 20024 74101 59206 
63445 30559 41689 80456 11728 52935 71780 73577 41745 39802 93655 23680 30486 73072 18135 10244 41228 63035 78384 41142 
58236 11657 94227 37929 49265 83871 12884 60787 26240 79668 5248 58713 18078 6694 50583 87090 20826 7659 37713 76041 
15886 18320 94544 3115 2697 73507 94923 33029 2031 78532 99933 72183 21926 51528 33289 72424 33031 20762 62311 65468 
17780 30872 39446 6906 92643 4660 65174 48033 19965 56241 38589 78400 74271 5202 38603 88941 17767 73262 93817 74005 
91922 31032 1802 2308 49743 83991 77814 48588 63267 35974 60541 56630 75971 10781 28125 65532 31033 37884 6363 85502 
63674 64352 16886 23286 23667 13006 82439 41495 37207 6487 96442 75005 29680 93422 33060 77131 79129 53285 2890 15850 
64381 99697 27203 51005 72307 39559 33874 82028 97220 66842 44971 67036 89526 27529 29905 64968 38315 45886 65868 23110 
15525 97248 72526 67777 37011 89015 35152 82568 32005 25808 53616 79843 99546 32642 78285 28837 76728 23705 38265 74706 
69775 95522 4496 68412 95213 54240 77867 25806 60677 17191 70067 2309 29667 75866 55775 31635 95503 4026 19228 70053 
42409 55420 1447 36844 73850 43647 29906 41131 85851 64265 79205 25221 19477 13538 22952 42629 29304 84008 98460 79289 
43895 10259 55172 59029 42931 63090 52658 26564 6098 54266 70696 61623 71620 14136 2969 59916 33822 70780 6657 32137 
2530 28001 3264 17673 33645 14969 53127 69518 86340 76929 42817 50294 61373 48716 54514 30200 17965 17987 56053 98047 
58259 67158 14693 6394 49687 81482 32604 48678 21370 13597 12538 43402 40917 93909 31455 33694 96583 27622 70606 38378 
77770 24769 17946 66286 31099 7364 83516 5028 26420 85859 64837 33005 72066 88416 97920 79083 1819 28817 71644 28172 
61911 82399 6463 92621 61095 40940 96505 85910 32861 5552 28484 46453 96366 22583 45801 79660 44933 86486 34795 11943 
21146 66811 62259 14429 79580 6651 80085 16430 25538 57096 79490 49198 93447 14259 51249 63626 13125 13694 64002 66948 
52785 45489 52025 16957 67353 51051 2272 573 36969 37603 60978 90469 67231 97839 8520 73191 63056 5258 41712 46990 
68783 56551 37306 40329 32437 6074 58891 57693 35034 72784 35921 23349 22863 15204 99120 38167 79524 3230 75452 76585 
94696 50050 3265 30403 84274 58181 70392 30289 10671 40479 79830 34465 53543 8951 22565 45329 26698 906 68900 53375 
24962 52734 94544 85451 43702 67961 38969 79003 30034 59876 49889 71909 36186 5084 61637 85065 12287 96437 27209 33680 
64335 73702 90439 87450 5679 9174 4710 52682 23369 29159 33792 92445 80767 91086 10044 70874 85496 71524 69606 52647 
494 25248 61428 28697 76176 28639 35162 89671 37531 72696 11308 23359 84999 54294 90178 96202 52003 42820 49972 45728 
96940 3061 91550 74350 73331 2853 77618 17028 44416 20634 67114 21428 54989 46706 29338 52281 49907 57699 90456 99854 
66306 81996 65269 53193 99187 32322 65209 49290 61370 83147 55556 96230 5829 79456 56111 1135 62978 88362 58708 89823 
94439 39691 87171 44523 34181 54363 59032 94521 47594 56618 48935 75763 72177 81931 82284 67975 73900 10931 5370 25988 
4338 33187 46905 16367 84678 24590 19174 79578 911 59476 97861 34882 11361 58044 20021 72148 36130 27558 43811 72007 
57973 14465 80500 13258 80286 25923 25527 61574 61863 47742 54692 55041 67708 46737 26065 78511 38228 47216 32206 14209 
73744 53133 8452 13220 78788 59394 89524 55607 1449 16622 66763 41910 60287 97952 64699 53289 57687 49349 44114 74212 
10361 28082 74137 89623 52413 45835 85743 79938 84408 84994 13239 44083 43932 22822 44922 82031 1509 82063 40830 90351 
25622 88838 23430 80086 11878 63648 69182 40974 70351 1760 92408 13884 5214 84630 28952 97373 23679 30594 98803 2293 
74643 21378 23016 67822 8947 30853 33011 86896 92610 31214 83017 26198 86512 7956 44625 737 11184 1441 9126 27661 
46185 42832 83757 824 64851 72801 28696 63994 58018 72046 8682 40341 1203 53202 74165 66311 83311 80744 62157 7366 
3170 88011 98615 21440 50344 75751 93937 91818 15890 34670 75256 68768 88642 8750 71910 36104 18213 84287 29693 41512 
69441 59507 49162 74149 27866 80480 12342 97601 83277 88217 81971 40925 12221 60300 94601 4535 17233 53190 60157 18941 
1273 43238 67172 64594 85460 55806 80352 47202 73215 16341 87555 69657 78593 68788 24607 37524 1963 6474 95195 67702 
74816 30148 90449 67267 48435 27624 93336 77088 45179 11053 64841 91113 60234 76014 68322 64319 46275 98777 83659 39000 
79881 90084 1701 79726 1547 98404 95230 78579 8869 97808 38056 84470 10768 80823 23655 48360 9874 14274 43237 57 
75774 44082 26960 35423 43506 50990 66730 69922 92304 2165 36776 51317 94911 48893 53418 47225 95002 75313 60636 16543 
21351 43970 73559 73899 31297 53090 74957 8831 64198 48426 53288 59089 76215 65863 29203 33543 6344 96042 90389 5893 
66636 66233 31973 8400 57027 94962 78965 13516 29380 90850 86231 42021 7458 12088 40160 44284 40028 62048 91391 3416 
9076 57557 25560 13070 9985 56390 43990 53712 27999 26134 1896 51050 69661 65876 52403 99290 47642 30281 84907 21027 
58785 70950 90077 37829 79348 3699 33262 48021 8280 82760 61753 64754 64381 63435 46788 21807 18609 47311 31562 68870 
15923 47642 56461 73961 52904 95179 66830 50146 64925 11435 9377 14846 32333 73966 59128 40673 89785 90692 36567 42567 
28026 92670 95304 49107 38061 78182 29247 56928 75138 43334 27346 21596 9728 74787 21751 30477 75840 91766 34436 3108 
45368 57530 1206 57891 75376 36265 15060 90815 93928 69353 40370 350 30760 21533 13922 2861 7697 97278 72883 64946 
59562 49138 50104 13012 15967 136 20674 24440 83292 80301 23842 49279 58306 85398 20636 52899 98632 96707 33810 82113 
34436 55749 2248 63926 68583 69954 50975 48692 54021 55824 87585 5302 3360 97231 83255 49356 56122 12431 36008 87023 
97095 66221 28717 30421 77510 73606 47040 24064 93292 4122 39067 73119 5352 31815 8187 3991 9887 89352 87982 68158 
96612 97844 66299 37944 58575 8263 57858 50353 96743 30660 5353 49228 36622 91672 65006 8255 85295 13293 2993 97256 
51429 92817 25124 17241 98858 2788 76092 9178 48563 30540 8852 82231 92447 92742 37408 58929 11673 74044 92685 17869 
17139 74583 59237 76086 72268 63409 10836 13342 53700 3894 28410 85951 58888 27579 29335 59605 19935 75781 94944 62605 
846 24164 81068 74326 90537 40453 8372 39486 19338 37770 73775 88098 59208 89336 76497 29221 29525 91586 14551 50696 
47319 84403 92760 64883 29585 92376 82627 31255 10875 22733 8967 82382 56129 72791 27466 86938 82013 12889 15623 86142 
15992 96974 4555 81847 39172 3869 85424 77623 61246 81403 85859 9327 76243 58206 22134 727 9673 86378 71782 36998 
65416 96698 50921 54543 50626 96606 89751 1199 35882 32768 87428 79950 67601 52386 68490 27498 54935 8256 66101 15070 
24401 79098 17292 90692 97608 80414 61793 30042 85286 50189 58055 11031 79686 311 15158 70349 57166 42064 20446 98307 
51960 50908 50846 34181 21553 90363 2734 44244 55343 2656 1107 71832 49383 97764 99652 41069 15954 73987 29195 34693 
11453 99414 40153 44471 3644 72389 85055 7324 62642 92838 12648 6484 37301 74391 2967 85039 67618 5600 33009 97991 
91583 361 13941 11287 11185 116 67745 91985 94366 86611 94269 75405 44600 39723 51816 91530 94122 29317 24545 36414 
34617 32850 74310 18941 40242 93188 39705 25166 54526 25229 16861 28406 30490 53820 66677 18213 33565 96309 42734 64112 
15715 73765 42323 84969 82738 75790 17241 74558 92695 8471 7934 99818 13417 35962 40331 92149 91861 44173 8446 78449 
6763 48843 15555 24290 52602 10373 61425 12427 81613 74343 26517 81838 16875 84709 82904 84359 60537 12583 49368 16430 
26897 93410 92085 66257 6860 94262 40045 6851 69822 87084 69562 60657 21347 32960 58255 34875 58208 53156 60599 13658 
98158 42914 19662 62178 73039 77271 65643 42412 87314 17934 97741 20485 41497 27585 26874 54313 96988 99952 26854 71573 
4856 90900 95244 40939 53933 86204 72653 2485 47270 20408 10977 69600 6856 36441 53558 65655 52374 70783 50295 98862 
18164 10057 98802 42593 12657 36813 56735 33188 87269 63251 79366 24069 25727 23926 39384 13505 33601 22374 10515 55483 
9957 23416 2665 51286 80850 81198 70472 83701 12546 3451 64655 30928 41048 82003 40547 35130 30005 24161 9140 94151 
61800 86495 86395 53546 68552 38201 55652 48428 40024 51224 23576 11695 99310 32007 26632 19901 67229 31899 69113 23239 
54103 65711 87094 80658 70064 67156 78304 31777 48095 89680 41584 85931 47149 74239 65652 42553 62441 6288 37904 98717 
87569 24494 36963 39519 3634 80409 69751 98744 66211 12444 46809 81715 99620 38021 68273 52772 22068 74262 89220 31172 
32738 33432 8104 56008 61855 83491 82393 80948 82115 57636 22286 89112 33952 70967 21658 59082 52357 54136 11031 32709 
98725 75802 69362 16676 83626 91151 42262 48917 83401 93075 4827 83571 38910 69876 97779 82815 92913 63850 85644 50848 
74213 62083 46878 23342 68885 75912 64497 84988 70285 99860 74487 12487 71751 14127 2292 43645 30479 80047 98582 21124 
97781 53442 31025 11573 18727 3813 19728 65131 97740 10815 57889 56693 64062 66860 62160 70474 78561 71282 88514 71286 
3151 89341 12750 72815 91640 55431 4989 42021 78227 35408 57119 23842 82119