19790 60672 60969 36294 28415 20939 19622 8462 31396 64901 85553 37221 13232 66618 61277 37664 83631 13767 79799 93724 
98948 62374 47135 11539 8356 19079 39846 14904 52836 10199 50553 37746 44224 66643 10987 32965 36734 47913 57902 3486 
98380 90950 72925 6864 18081 12979 17396 38754 17469 14961 37653 24324 19574 17343 96226 67041 14219 29774 99957 92837 
86479 35483 40652 27042 54845 23758 1578 9274 95097 94610 55124 17920 35685 44877 86038 59281 45394 88901 41155 77644 
38575 35204 99686 90796 32564 79528 37418 81077 18015 17335 3337 73545 16620 55257 44368 55686 33422 96081 97612 85065 
14748 39674 42357 87545 84130 51301 74904 82029 78027 18979 57765 66182 58930 4604 99053 48130 44109 57792 87916 59738 
93673 70339 48523 11364 60835 33201 36536 47202 24984 9155 48544 78052 54355 66063 54904 4674 30324 21538 3904 84116 
42234 11872 23257 48203 98621 38310 96980 10279 40541 4989 2379 17083 82695 2178 244 7799 69927 64278 87910 65673 
81270 34103 35595 35209 2931 80179 71567 48202 50934 13613 90311 79835 93742 48039 79331 727 14593 42039 72716 78531 
59705 75002 26277 11124 63707 39570 14823 14372 93742 23501 26882 25783 79084 44769 60077 26125 33105 88284 8103 69157 
44421 8973 56078 35150 40622 62749 37104 34316 48150 88839 84977 5650 27794 43036 93301 25216 26341 33726 36147 22714 
46716 51169 95660 29737 36435 35981 14851 86360 7109 58231 31159 695 37880 50478 18363 4700 93640 52828 58699 15419 
46608 14226 82055 2536 36192 11996 46635 15076 69659 4003 17637 62546 33813 29987 50673 94330 76629 14872 72607 20158 
66595 89772 66830 50583 54398 16207 95943 28735 77734 67802 86428 77014 49783 47327 18645 56282 43321 82104 47357 66006 
83187 6843 66099 73400 35776 33870 41354 53578 14474 93735 8566 42297 21252 16266 5353 4614 6821 35429 65215 20668 
95319 429 2412 10798 12818 60401 86114 79881 43471 93129 1465 26605 1176 48034 22432 62506 65634 6460 95334 62382 
17417 15517 99569 17110 37342 20196 70860 50350 3345 62117 18625 17183 75078 23808 62775 88114 96441 65238 71215 84217 
98455 56818 987 39203 25998 20274 2063 31196 49294 24803 60254 64870 26606 67364 98023 47520 38519 53120 92480 22676 
76902 28453 13114 65031 64310 65697 37898 62424 28775 17072 6531 68210 47106 59327 99812 76366 24765 62330 47876 17039 
1752 44048 49394 25947 50279 67237 44419 12551 39169 53336 75715 96622 77674 7191 56193 48649 88071 2444 86832 8772 
61558 14053 35866 22998 53271 67324 20115 6711 22039 62608 94168 77546 65216 86866 30440 41017 30557 25102 14263 79201 
19601 97565 86046 39830 13755 27042 44232 89685 67952 92761 42989 12198 22242 66413 68752 86868 7282 55407 14831 42454 
52302 13891 64856 76103 53695 13887 34153 30630 47345 1543 81829 51918 82450 50335 73234 85335 19727 75185 65329 89951 
21147 17605 90936 41829 95722 1633 92969 16837 52452 10234 31130 70190 81536 99018 71833 87766 99956 30615 41391 29406 
3899 16601 18346 56001 99638 93473 94382 77463 70764 9750 65250 5848 40880 70783 81434 46961 42387 47560 8770 48826 
16355 45099 92124 95995 91189 89894 23217 53354 68513 7949 904 22052 54722 4718 28740 23400 16185 69384 88560 75873 
48999 40311 53613 79708 84077 33931 15834 3612 7969 67607 58955 71842 53648 39911 57847 14210 93423 26141 93939 93836 
84451 52663 92882 33213 61203 84711 25407 36769 71552 77482 14967 70546 33694 91376 10968 80848 53891 37419 63511 31758 
56242 22607 96731 44690 55854 67274 37062 52720 19607 85350 30560 21718 17413 83244 18039 91383 38284 11051 16204 38107 
13030 35717 67017 52293 30184 93460 60465 84859 333 67823 75593 76507 55680 95612 8988 72782 34858 19629 21397 77119 
67068 16863 94088 50555 16648 50462 35083 35779 47585 4965 40343 46955 88848 95245 36470 23801 44354 48905 2593 78703 
2270 36958 10008 8662 88978 59439 26065 92238 13806 57706 92031 952 5583 56312 23541 87973 14697 1124 61529 32493 
38480 64233 80665 78388 35940 31070 66972 74435 49825 98310 65813 68802 32323 24443 47607 78362 94791 15418 54309 51928 
26926 38298 59588 49622 15195 17154 88811 53774 82134 53956 47249 82292 24782 79752 75134 97533 31331 37137 44160 9064 
25002 72576 68956 98873 78782 79223 60020 98958 64937 15323 3394 13676 24143 60739 68326 84272 13328 98179 2109 5915 
75300 13446 60075 67271 85036 30815 80356 60391 29932 97383 39963 18919 55888 99496 88646 57258 96500 56780 68605 97458 
38606 5815 49912 63869 27665 6189 68742 90222 72781 84110 16094 13286 62045 60598 8901 35248 9267 84539 18229 4675 
12033 23423 53030 39057 84399 31158 98054 47926 55251 42277 66006 95215 3338 50836 95715 67582 15105 33439 54475 74064 
15563 19116 83198 30728 37860 43830 3199 60820 34150 41391 66370 37817 6343 68205 16826 26137 25060 36766 64591 61842 
68366 33729 93570 41692 52571 68268 13845 23254 78912 40567 67624 17057 195 78660 50322 26491 84791 22424 60902 22433 
48960 17482 42520 64111 11851 68443 6477 9318 48956 56713 40666 98507 27087 24585 30070 43258 66048 6713 51384 95073 
90602 37037 54885 69789 57911 87277 66046 90198 55959 20993 79652 64377 812 62093 81445 95566 79154 90007 8050 47989 
98202 84242 89040 63542 93467 92426 60651 80282 55042 60886 3798 97226 49566 3379 8196 67908 97968 21221 58414 44552 
54181 49984 18597 1741 70703 38910 94936 15362 68861 99468 16161 27407 97266 5753 41678 78611 85512 16632 94892 81423 
84374 165 89259 31520 63624 23484 40109 64795 37516 84005 90021 45813 63144 88492 67897 23779 64907 15552 86470 98059 
18162 62942 18364 85517 65239 95656 87982 94335 34343 13058 5528 13178 32276 76205 29665 12073 54601 44927 57148 9641 
24925 77664 83678 79754 80931 30509 53116 88931 74580 41146 11160 47191 57521 76324 67421 37232 38425 83340 26083 75116 
6644 59824 48910 88816 13574 57169 66862 21639 90423 33626 5717 66810 49832 22577 9287 43770 84382 20443 92127 42597 
48097 83493 28182 76141 2915 41933 80799 70345 69538 61220 16560 436 88263 26640 8711 79063 56808 84511 12522 14573 
82671 34812 40354 80611 84486 97355 46516 13617 93181 62928 97762 77880 74650 67777 22841 30748 6466 79168 14571 28030 
88520 37941 99224 27191 43955 97884 72698 17839 52916 2036 60173 27076 10663 87884 91478 94835 11808 92061 68243 44982 
94351 62353 95139 70379 88842 10073 34589 6491 82620 57218 40191 71226 75192 35260 50134 92843 78742 72218 78818 82805 
22662 77926 52627 23216 35336 98877 52877 93360 60402 41080 10671 97514 23431 20593 98229 2038 75659 28044 16866 18282 
22275 34840 93060 41091 17862 92272 88228 77002 34952 55978 37402 497 31266 85581 697 21271 77477 80309 57829 17243 
88454 58442 55964 44993 46495 53582 87613 86009 47758 97749 89404 67442 88122 86961 53540 17435 37690 37648 62607 30793 
28710 22239 41823 96727 19161 44813 81656 69325 96629 70368 61470 94631 9792 14960 98924 43176 12330 3913 12261 20991 
69208 98507 11486 20855 40961 60082 8021 85477 96390 55755 11164 67248 86900 23198 33510 60695 58235 16642 26793 39008 
26089 49043 87459 93245 22769 4356 1857 48562 27192 85777 52073 41382 67640 79526 58549 62951 20291 6268 31557 25533 
80562 85561 37711 89917 20949 84338 44566 43494 83747 85389 64398 55021 16841 93170 32189 63942 92150 15982 6519 92226 
77996 85470 66602 50817 79375 28070 71029 24653 80216 81145 77520 11042 71985 62106 25217 47298 90244 49289 13858 16422 
16514 83511 24863 18451 37569 90587 17210 79896 69048 45220 36854 82833 88935 69902 85426 62371 82949 32423 68729 58200 
6569 55682 21420 16025 32343 15133 40599 63309 26684 57786 99428 93245 9481 14606 65995 52390 37528 68851 77462 91199 
93452 96999 34475 62114 88717 42423 1215 46523 52148 73356 75275 13275 73292 59401 41328 95686 84793 75053 51272 4435 
48892 47355 13045 58353 33235 5673 60459 92651 87239 10041 84228 91173 29548 40474 6665 27348 24712 1414 47488 88373 
48746 7781 81108 10314 9571 21275 38969 46861 9963 82139 8901 87719 99724 66364 45878 37135 39832 84502 62982 52095 
57684 53152 28264 44189 75397 56824 58436 71087 49885 59686 54718 12191 21264 96995 5705 15127 90161 17695 46118 60321 
14453 32655 4485 74114 49081 46020 86312 20941 25129 86320 66659 62666 39507 17778 13292 63023 29748 27332 64057 9620 
56635 7074 48089 66533 94748 154 11831 48521 63411 45097 9501 23352 13755 1238 20198 13541 95700 45901 37121 55993 
69427 82957 28135 20588 52009 20638 9665 1625 17119 60674 57857 17824 45606 93411 42298 14495 77424 9726 5523 94625 
89003 45731 36637 76351 63327 59773 74309 53594 82911 85395 11347 81241 27928 43876 17121 33634 16505 72933 94056 67874 
99583 63108 2330 28400 79225 92512 99732 8902 71869 95226 61147 22477 51223 87670 20195 49284 39316 15576 38508 48612 
62083 83884 57065 87121 48191 71034 34775 93289 68174 19238 46701 3035 19854 99171 51160 86185 45855 64810 85708 86107 
40868 48479 10461 92846 19759 95341 9810 22585 45687 29986 86140 5466 99606 89455 93474 36738 37405 98206 69898 29854 
34869 59853 12943 59471 55441 79182 27379 80335 68255 20124 24909 93406 88665 34572 29793 26996 48225 20819 51549 32702 
68393 18429 12842 83630 26333 38085 78494 34906 59274 28921 24003 35925 51820 14673 71009 88539 55399 77695 45135 18104 
52211 46475 44011 35085 61680 87380 66861 87650 44533 68261 47868 50769 80295 9153 25913 78024 46658 79617 49845 70478 
78111 68445 98533 64550 94595 16607 74957 21077 12490 65284 60080 52152 14695 25556 64200 3382 75488 19015 90072 57112 
30323 32130 12193 5939 60524 53879 16960 83131 52215 7255 21994 57844 56880 48701 88788 57932 23611 51737 44307 90698 
4473 57787 25531 62910 25235 73809 52925 52414 36929 49535 28768 16720 34400 91187 30499 22277 45894 13200 81536 39870 
41305 16027 7882 11286 29418 65944 15652 10385 33429 2072 1874 90095 35583 5850 90742 16227 29421 75381 28154 32685 
3322 90993 46808 36938 48266 62342 66211 59873 88488 56077 68140 25913 23822 5191 7389 10233 50941 84418 37074 29222 
103 81119 71767 18858 58004 50622 64501 43474 61288 35467 73172 65953 28580 84346 58413 41811 7418 61588 36890 80380 
18348 93638 38997 42249 91458 80053 34052 19113 36219 25799 24292 24668 60290 17707 74274 13003 69192 81919 99106 29514 
21725 41621 74299 83272 41195 20297 39511 32772 5160 3059 96418 22002 74511 80999 22366 78396 46457 89470 70708 35936 
11245 78552 80000 75982 88404 24807 94410 19911 75704 27329 77497 87927 37519 18488 85258 16887 49553 10364 92222 16361 
21315 2549 75482 7162 57229 26432 14458 828 73914 22313 1207 73736 3877 90448 83436 88774 40747 8336 60821 1071 
8534 89873 53361 71061 8154 28345 38806 39212 30446 55366 34413 50873 86060 78724 76250 35270 5498 41583 35058 68742 
96961 90947 33225 65514 85807 5344 1739 15046 300 85309 33562 69378 56266 8336 37453 75588 84556 54178 95874 6948 
77499 50663 10201 7780 4752 1845 79274 48609 49687 66440 94927 62161 62026 24946 59319 55968 53493 85758 41730 2261 
99353 77186 29201 16383 47113 50079 47749 61158 73413 25972 20238 30580 62366 2283 95547 30346 93527 75405 39787 53748 
75985 81441 41258 37391 69154 97932 73868 3241 22605 52707 67941 18610 4967 42142 27822 87601 51384 53472 65380 13242 
35615 18662 12445 57247 55856 93298 19563 31365 91969 474 31451 94353 90304 56497 66216 78726 21526 32034 36521 29627 
34462 87023 9773 42522 84901 90794 82156 34280 92411 91935 46147 43428 10286 68950 7086 78992 7891 44976 45704 98961 
94825 2549 9068 90371 58793 3249 44838 44881 44390 43729 31954 82293 43387 10107 61872 30993 71568 29963 95121 61918 
56161 20218 73023 36513 43770 36822 94107 21794 3500 19937 30846 17156 49918 35871 16123 93410 56049 61629 19924 33433 
34063 94267 51793 53831 24309 50487 35779 63016 68635 27742 10360 47001 82344 96199 64240 32443 73808 85935 27820 54752 
26331 17477 68589 7991 12920 17654 59994 5878 43860 13995 67601 29114 16776 94940 45896 93708 99107 5919 64384 75308 
93490 17454 25116 83074 78560 47080 98021 30697 75616 24800 57341 55696 98197 86542 23934 50588 68343 37173 85905 16321 
68522 47062 88132 94453 97155 27834 9266 33872 72331 48244 35910 59665 64943 1181 86511 22001 80732 35474 17233 67341 
3574 37251 9511 50869 39630 6520 38699 70436 93892 43442 40284 38951 88679 44011 34355 92967 56982 21396 62681 48314 
47848 39873 56357 52617 48550 13926 12791 71520 85257 18574 77654 76708 8320 38504 44550 94965 28197 45254 41790 94785 
42351 99517 46349 53282 35215 56995 57117 8625 16638 17144 44602 51129 92689 55202 25378 75830 84989 817 73635 9712 
13974 71981 22236 14876 71170 20501 23753 63035 58701 3576 16734 64761 53360 23622 93431 50580 50377 74612 74844 68292 
57686 91202 34625 25922 79189 13660 43230 79686 40838 6252 30622 58389 39992 93163 28564 13860 30038 22850 87749 44940 
82437 42691 87550 51426 20531 23879 3317 66928 58932 96735 8802 63035 51189 66971 36911 71984 14795 66376 55515 75438 
77633 73480 88088 46429 59787 56074 90551 27162 57916 3902 87244 67762 64432 14192 10563 66381 88472 95503 45564 23112 
94214 1696 18167 34612 66296 58277 70803 41365 74510 70132 15494 57057 56797 96554 41956 7675 83130 10200 13770 54734 
19344 40048 8223 91186 19738 86395 87179 24999 5138 46807 54149 37641 7521 20826 14243 85160 11513 49737 34908 95337 
83150 52764 62479 65573 62850 31416 76784 6636 77126 3798 96350 67559 9035 11674 52267 57803 78577 43730 28683 6840 
41933 28139 9191 11369 67608 80997 12320 27699 96693 64136 64886 438 86789 17158 26039 37886 86844 8051 82532 12199 
98486 75912 29123 92521 63257 76892 22174 67689 68356 87690 6783 90405 31296 86989 41765 96126 67868 19313 33119 84220 
98125 75274 89050 6096 63147 58421 11072 38513 17204 28729 73448 47852 52976 26500 89185 21231 55972 50634 538 53985 
200 8210 45310 87687 58559 1689 3760 97122 77545 74068 36223 75864 33481 32171 91145 23989 7660 60089 84352 51452 
63842 29491 64509 87311 61793 87947 12271 98277 67760 28473 60594 87979 85835 70091 19391 1769 36092 6078 63454 48486 
60189 12607 49183 71556 42488 7011 84433 15951 34179 76554 39314 14541 51840 758 58238 45348 74236 52943 7236 27777 
25987 29288 78254 31273 69835 67238 22753 84216 80396 63175 1346 9115 84831 73315 15126 90927 99167 38347 76852 70148 
89155 45833 64945 54384 26681 87292 16032 60119 27753 90270 87174 94579 44739 23087 68174 44409 78769 8034 29007 91148 
82353 10701 69537 18159 96153 6662 38658 81753 16328 76311 14883 72294 77845 64203 17250 50284 64261 6818 18129 43725 
92103 3483 31771 63316 57734 12898 7535 39963 50482 3758 72376 63473 34352 74739 40488 59952 36932 92557 12429 22125 
62528 71783 40233 2988 20111 75095 56993 85261 78966 85846 54172 67321 33935 4453 41968 59511 29246 26160 43401 8195 
93751 77241 95437 94936 20995 33492 41067 75117 40356 43275 77221 37581 90378 16257 11729 81384 77780 25074 63059 39564 
50013 41103 64581 47073 41138 78495 58440 88107 31077 87141 66056 11521 98513 85456 5447 70394 20589 497 92081 70232 
79831 23134 89649 29475 90807 14799 31791 97157 52046 4507 41669 9093 59334 99892 66446 91612 56740 40007 15440 58369 
35344 71897 65935 21954 92558 62351 48991 59314 18927 66193 6104 8887 96913 51138 23386 91351 99117 34041 59843 86189 
11995 44446 57291 90660 9899 68690 38482 1636 83440 90585 93685 86681 62454 71218 67394 21732 24450 78209 89975 14713 
82540 99370 28651 63482 48914 44696 15839 55275 62204 58933 30298 48479 6654 25165 48526 16497 66449 91973 55283 39288 
22042 70233 32940 27426 66632 84812 32582 93002 38981 3167 49007 62533 44237 82642 99803 40151 64196 24606 21366 18317 
19744 48874 70976 82804 35108 38298 52232 6933 41447 91874 56299 54881 7482 21929 70610 46556 79248 47816 20434 19372 
70611 76403 56988 50373 26386 80837 96998 59215 74092 9779 47790 66391 35676 64768 63901 74466 59721 84975 26091 47952 
38667 76340 85848 56447 3101 11464 86111 98900 65351 28989 40105 30455 64657 92944 67471 73180 98216 67746 11776 87019 
92951 32803 77716 40427 54522 46768 30895 53726 53067 19302 92890 46482 93299 79433 97415 20553 16854 74105 52126 42927 
21899 20789 43431 17826 16455 58337 74980 31339 8684 39724 18541 71985 88291 36990 57047 59458 59307 35992 37201 29047 
52751 73932 4983 75363 20988 67504 75070 88978 13600 16537 99894 67106 29652 1137 90107 7452 89590 20488 51661 54855 
80330 95900 77274 7717 20814 67301 57446 64300 16488 11710 79456 4500 85161 93138 95264 33858 47323 53179 32660 79703 
49324 69983 77905 72815 60231 51853 65356 79203 25134 23280 89888 59925 38240 70014 55228 316 14964 29280 16849 42502 
33358 21185 96924 9816 59274 64077 61779 33067 154 37385 8378 18977 63608 60763 92031 20168 7266 97456 16410 53683 
81255 23891 27990 58136 16113 15396 55626 35781 48040 30998 18724 22576 80714 87179 88819 52420 32011 52950 74075 75149 
79754 48316 80575 90309 83179 58997 22961 95191 77947 87179 95397 39641 52973 67096 17144 11522 19162 55054 78799 43369 
45502 6473 35895 49500 11908 83748 27915 92983 3211 1512 51028 79173 67470 32790 97652 28877 18910 17792 87254 85960 
30378 86469 94070 62169 68369 63716 71394 78080 15406 47064 52512 91650 5714 6026 75284 56462 25446 51888 85483 94260 
33451 93276 25163 89919 87863 17593 2241 95044 49554 77085 89173 9694 71357 11700 33655 86694 54067 36904 23612 76181 
59478 88114 81254 96607 82173 95067 87226 90911 96987 59118 98591 82573 67140 15271 38041 71132 71513 50164 29033 44593 
50236 49719 67439 94887 78211 9591 24794 12894 93263 34772 13294 66403 69156 86281 42972 48946 97783 22412 13516 88166 
3591 85430 62204 15197 40641 89508 49086 43896 57835 60575 2101 24153 69855 56082 57121 41327 13653 82446 69126 64414 
34326 37795 53330 52258 20930 93680 37381 13023 22270 67492 37870 10189 46951 28835 39321 89949 6527 2595 61997 33815 
12038 24590 51967 68566 26287 40985 68177 83881 80810 58097 52701 72838 8040 67781 6864 95725 63085 46182 73454 1506 
13828 84022 61624 58882 1461 50759 68932 60677 94173 40290 26781 87653 33403 85846 94328 34311 26137 90401 8699 36767 
9070 65236 97129 57470 46719 80748 16192 81256 83024 65614 95007 40775 69974 36051 33161 41061 1711 62760 32453 27572 
37778 82368 99807 52700 99432 95197 20279 43132 80573 43923 73505 76796 26200 93892 53863 12858 33690 85714 3905 65007 
81244 90761 80695 87710 66979 54832 75621 45788 41342 93535 91036 52070 51615 53726 74250 20381 66111 44403 94281 4763 
53960 4475 36998 55808 15202 47798 13161 78632 92498 9568 66515 61688 23909 22156 9045 53313 38100 12395 95290 84250 
97844 97260 56995 92656 59210 73652 98137 10853 79697 52197 63602 12039 59875 19399 78773 43824 43948 81925 72286 3611 
84723 1330 24233 19232 88583 33507 73555 75109 35155 53790 12617 6767 46983 53076 60461 78751 34533 34343 11476 84007 
66341 98605 53794 72049 16889 85740 97390 98767 28256 7548 45329 32669 20569 17716 38890 1528 91171 10379 11529 82889 
18011 70369 87406 44537 11423 95043 12330 81142 45834 66737 44018 40163 87168 9039 59543 28379 11294 75613 94726 77774 
19053 17699 78367 36559 37630 39821 52783 37234 65592 15076 45156 78023 30059 72172 12693 77193 77248 68449 2866 31370 
87122 11248 86031 22833 19880 37953 48509 30272 46541 72288 75457 91173 22973 82757 19717 24051 97638 17202 6537 63163 
13792 5754 63272 92644 61144 85275 8043 76404 55533 19214 80519 78097 50120 35369 52300 24631 89723 15744 22716 25461 
86156 2004 90156 33261 57911 90770 22478 64444 73135 80905 2251 58115 84136 95190 74931 62389 96482 99530 41091 34861 
74003 71813 79869 675 67785 20967 24377 19615 83512 65648 17282 59086 21198 3464 69168 31399 82449 82280 99568 14106 
27785 24323 72594 22576 55345 99006 19763 41196 17830 16935 48483 89998 78525 62020 81096 13640 16991 49752 80822 71817 
45618 26931 83654 64084 82490 28272 13587 34076 19807 67686 75822 91223 62250 50391 92593 11036 62314 12690 34031 43131 
25845 61263 74222 14391 99892 49936 5091 52730 1037 66690 35258 86288 46150 83289 31916 33317 74778 65570 12233 79480 
69141 63463 41295 32849 64574 24435 62155 21046 92251 51105 38271 37130 14702 4392 4782 65694 68273 98691 40105 11390 
53501 57692 35479 9386 68921 46240 60224 61452 6978 13714 18325 81289 76142 75708 1613 43623 66581 55537 31272 24023 
82247 57229 80629 95755 8336 24352 99903 78895 6440 6466 41845 99260 86689 5234 43397 20256 31170 8510 67649 79425 
20010 97884 853 38439 23600 24273 5187 83322 50852 61816 17698 4107 25010 59909 36996 21186 46335 93535 17529 4626 
19348 33784 75992 75476 23613 79993 67788 49827 17434 25445 54154 83020 72873 99506 66528 43003 86491 41189 91818 29988 
4163 96825 10366 84841 89504 36063 20759 98282 80149 66018 72273 3286 27272 54525 25913 28312 47612 26510 48311 88391 
37325 79905 66151 54032 50664 80320 48159 85067 90919 23150 42515 95376 34973 86827 97871 17816 25394 11026 71082 3140 
72867 62880 39312 9550 92701 77867 37551 43109 24615 33557 97553 82867 13560 26485 15709 26838 93025 4776 71868 80078 
64565 80027 66803 29445 7808 69624 58344 18717 55456 52475 12976 98282 44528 48363 91818 77045 90775 47887 69974 78724 
18716 85054 89108 63090 96508 78787 37098 96262 95818 35330 42041 44499 39674 15706 86006 61092 82133 76868 3983 30106 
27436 75538 36343 61608 69691 55337 19035 69069 89579 84501 83075 5300 2119 9165 68482 30826 90273 65139 36090 84314 
71066 23462 7729 4788 47540 15827 94466 70967 95072 96187 92599 80302 18655 28006 57671 85885 60973 82908 42673 18604 
82228 4672 17473 4483 63625 59268 85687 64328 48365 16506 79216 34747 53166 60122 30690 92525 68158 43492 5869 33136 
70367 1143 23379 31176 70503 64997 62879 63311 53550 75510 474 56108 17948 58015 87215 52686 68430 39153 12812 36923 
16106 93282 40577 79984 1182 62333 10529 75464 55270 28399 10112 53624 8992 71877 37528 86826 67412 63274 32813 67562 
24317 95879 3737 47035 36254 45264 26830 42456 32560 51869 83315 26803 91324 49476 85979 98007 50036 57035 24979 96472 
30065 1779 20494 15612 57324 61839 87010 12898 94420 672 25542 80492 76791 52547 24204 56708 97502 86364 26870 76029 
48628 79313 51482 51706 85695 33201 38979 90329 79506 95885 78562 48404 90706 27358 77534 56739 94797 76946 86426 68103 
74429 39978 16964 94568 47196 12963 79237 3172 43509 9249 59001 32182 23591 7181 51879 83935 74811 48876 73393 14715 
83428 48154 63789 10764 60938 72900 45727 31328 72139 52141 68231 48983 51446 48328 82116 92570 49337 17223 84196 86101 
68028 15197 81315 70086 94815 96789 27673 1135 89331 31386 25524 63325 32364 21983 6401 92743 19324 69529 77797 77746 
20419 91672 99336 17300 48295 26290 15670 56937 94567 55684 54403 76727 25529 24436 79295 65994 95948 2222 34585 68716 
19194 33285 5917 30821 98643 88076 98789 89341 94504 35977 85355 57217 48496 66335 47129 81128 97277 56382 1394 21166 
23588 95882 85179 86424 65946 38769 24818 89550 49803 83071 24594 44551 21107 10449 33426 6166 61380 10012 55282 46488 
87162 1464 39238 24728 73434 14880 96029 34198 23554 61255 93832 43021 48559 32896 81471 58506 83374 6183 86899 88592 
86706 97700 5258 15318 76910 69479 28374 65252 36061 33960 4320 23161 22818 44830 62776 9209 50209 51081 40398 57225 
82797 83944 56792 672 98784 7730 16847 87356 50288 5088 20036 21824 65489 97321 57066 95569 17390 16168 54997 11564 
75840 52390 78143 51606 31324 94457 32993 23200 36996 23649 74083 20523 56760 26470 44042 99782 36260 6073 4269 74261 
79210 68367 63864 91733 6492 60182 10302 53199 34802 25276 74264 20291 78686 51551 90656 8062 81517 82278 31699 84397 
84070 84426 72407 8164 518 83542 25945 9147 88298 52043 7091 34919 59008 62267 66067 74055 51546 37408 69084 13748 
47357 51808 40781 14377 20185 54671 10223 78976 42584 45097 71903 39731 93520 58125 5986 92129 23290 75063 36568 88196 
87825 9277 13139 19302 67353 5109 84412 96198 25087 17227 43603 53275 55030 74463 28757 70980 54352 78494 47582 40314 
51909 93471 98468 90465 80848 58166 36159 6256 34385 98074 26285 53880 3786 60899 75988 83204 68666 56928 87708 39164 
97924 87371 32145 18749 31245 42769 23796 73346 88784 31627 63031 43248 69163 27901 23650 81983 18231 14932 77431 5409 
68834 37068 97042 88124 33174 99454 51909 96475 17802 8484 92399 74950 98208 26730 46540 39639 46317 7689 43754 41795 
41315 1877 88745 2070 90804 46938 52972 5469 41851 39249 81975 24428 10325 61137 7888 11637 67042 6589 95769 78604 
6170 76427 38953 65272 16803 8665 49552 75263 75460 28954 63236 96636 57536 77136 70363 85856 10399 2602 29884 91250 
3058 49596 77679 87092 37288 63397 98394 33490 42499 94005 39112 95335 5328 54369 46932 44461 8550 22696 494 31605 
25082 30651 18481 64971 74591 50029 99358 39328 39336 23353 11197 38356 24048 31925 12144 36602 79763 38553 33624 31839 
11749 71973 75897 33932 26067 64868 72028 52824 23145 43063 47994 13902 84083 57891 88922 68140 43222 56129 89016 7469 
51627 22214 61315 73584 43446 1036 68946 80864 53338 27089 56152 10412 16218 867 95191 12524 12789 67333 90480 91994 
61489 29158 57944 35204 90815 30421 59120 77390 71762 38968 27729 89330 59533 83317 74611 95471 31192 83705 35912 21454 
49955 73257 78743 45716 91218 13317 29780 43746 29026 82928 23277 41614 94249 72815 37291 71573 716 72971 11311 90626 
4018 5565 89376 44276 78066 22719 19226 36897 93335 14212 21332 46084 32744 74022 16249 36949 67435 76308 32621 35074 
26954 97136 87751 35840 8503 63993 17369 65011 69598 56022 66141 9990 70407 22244 85793 40917 47273 693 44229 23477 
43515 40778 8698 56059 98583 93126 66453 87088 59913 64349 53103 51721 59347 6271 26769 14654 5731 68108 22193 94754 
51082 75487 86177 94435 43410 17038 98077 58477 89472 86557 72967 15352 7408 93087 99812 46364 58179 90459 5753 43618 
7769 10425 52029 80996 48566 90356 89676 72827 36144 56970 71953 20642 58395 78021 11539 26615 33683 55005 36500 68668 
51237 72348 46314 17821 50802 85057 31644 39864 48655 89571 60776 97401 36623 41048 45974 34886 27570 29939 17787 5417 
49139 64846 93207 35297 15954 79169 6995 11713 14836 60566 70990 32173 69464 63404 52109 37548 54117 56974 43730 30665 
58433 63117 27416 57278 23072 91696 12100 89322 19248 24935 89892 80503 69239 60305 91226 37064 99666 184 95086 57985 
21456 37088 25446 48686 43921 33870 28830 72387 88827 85466 70621 92460 712 18618 84513 39763 44039 90270 49306 39918 
66036 8713 39698 43658 61184 18840 56006 60460 42666 57233 98105 27065 7992 71333 66966 51126 9531 91712 31116 81998 
75536 86765 84879 42108 26205 88668 90181 26208 90350 37038 83740 2658 86999 61586 81988 84869 93556 35622 14333 16519 
18907 50163 28294 74248 75664 21658 10212 61658 31234 38231 69530 56873 30472 25633 51644 59952 3597 83633 81013 70280 
65179 87797 22393 60632 6924 81731 81142 55916 21131 76853 66825 4125 86958 87562 51665 23312 73701 4572 27561 43204 
44658 47956 49982 52055 69298 50182 95912 89713 93176 51409 10475 10733 84559 22655 37586 39616 39841 9425 84900 55824 
38791 71249 97981 1664 68184 35716 59595 96114 9053 27213 63517 26237 81551 40418 25237 73189 26290 37573 46181 19469 
77309 83582 49744 61449 38400 4563 72557 18842 93246 6105 73543 45043 13740 26655 92952 59235 55573 6489 78853 74097 
76509 4693 68393 93237 32759 26221 81287 302 79539 52139 26021 53081 54539 79948 38592 77212 26618 9980 29262 8444 
78056 21946 96030 54672 56668 260 5574 46845 8237 66476 89385 63281 24244 63824 44514 49291 66399 31523 62763 26095 
2367 49599 11137 65313 93128 24225 39155 15441 20566 14069 77286 72943 77106 61323 86354 32652 30782 20899 54865 60098 
3535 12035 2263 82906 39782 15597 3427 26023 24012 56365 71054 21091 47747 31518 69574 47398 10384 15516 88451 6272 
34776 83252 82765 86209 78919 31568 69462 25446 99793 73215 61907 49274 83105 27782 12805 65796 95726 65362 70854 74275 
82780 78815 87969 48510 83275 24130 94381 71518 590 48777 78115 69894 88800 87072 7139 29849 86126 54390 31301 7558 
2886 23046 42160 92422 34796 21812 49058 9367 91559 43065 67425 25316 95725 1208 34286 95141 10445 66963 32881 59202 
48263 51050 8548 31368 28049 3936 90699 87856 62193 87556 2778 73499 79535 82934 84249 64875 6348 47013 92845 65292 
55219 33352 58900 13868 582 93521 80810 27580 31884 88002 54504 57776 52188 55833 97245 42275 96910 81390 41155 71192 
28449 4005 61758 12799 96934 75800 86772 44541 41464 96481 63579 12409 2907 23127 33483 99220 52747 43613 16039 37518 
29822 91265 44777 18121 2184 6244 31942 40269 46506 44174 44853 38650 23777 48623 8541 98781 89454 68321 43777 94895 
7205 74161 34195 22223 83027 75933 26872 94231 53828 88513 20269 12386 92545 77005 35269 20912 37078 71988 94065 1981 
70397 67690 72139 85476 14595 38972 35036 11680 89860 75516 36947 75496 49013 53087 20721 45465 54000 88570 93535 19396 
17781 3890 55868 97670 25113 79544 70575 25907 55401 46415 89153 82535 23616 47946 54048 76942 32290 65416 43058 70304 
56439 59370 3406 57176 72253 79251 22662 99500 73180 20621 79634 2624 43513 1520 26146 33271 24154 45984 78631 21028 
85563 41292 34102 99707 69632 50377 15334 1009 7029 89113 42843 43705 83653 49984 96767 21690 83 81785 4851 6368 
27899 19698 4361 52766 703 44492 42165 41099 7356 94730 37642 59263 92661 15592 89229 91224 75453 6468 30131 55071 
69456 63760 62867 77026 19562 85105 10303 92997 9159 50517 8373 80367 55869 8714 5088 41026 59938 97380 39420 40631 
98771 82289 57217 54933 23021 88508 9298 81491 5074 62285 44802 60026 73108 90414 66836 10846 88508 61313 20341 69099 
41648 55041 54261 39307 32070 17586 63961 83101 22571 42845 45518 53527 79693 44651 45224 5607 82778 35171 90705 56667 
4123 26103 50398 86709 71251 85195 6329 19923 1443 63156 2631 31598 8573 36392 24962 67917 69334 52613 76582 29184 
19256 84511 19469 6639 92731 36084 29313 49028 29822 4443 72818 73526 66750 54487 33170 96173 65732 31376 77996 51081 
17608 79585 20243 93626 29025 86312 73786 77973 98906 34620 50831 87299 37769 54089 79789 53653 16683 7294 58933 96995 
51102 57222 267 92746 18061 61798 12506 67979 34597 28265 94679 34399 56020 76611 33149 14629 63307 88255 66045 71875 
13381 99141 45168 178 76446 37384 31182 5987 2863 64901 40262 77298 1992 78125 25924 92074 8387 84248 32586 53201 
69554 2731 85436 80090 74406 41170 54965 2223 6306 32510 96869 65122 27456 67968 80107 36753 16058 25871 53077 31019 
95699 59426 38179 14790 31004 42917 74802 93053 42197 51293 90149 66749 78725 41877 96005 24312 44032 94683 69221 94381 
36964 44364 273 50066 90185 17956 59615 12838 44253 54954 62391 24353 55224 5891 35480 71807 4394 48431 73017 18923 
72766 73744 94246 42234 88372 37048 18168 85022 56754 77823 92783 15205 65805 72898 40127 91600 25912 45551 52201 4709 
71468 19122 49017 73764 82976 5972 75229 79027 91775 84762 88971 14783 55852 55308 56881 50498 58605 24634 81738 15466 
76667 56296 23151 24523 62903 92830 38457 28908 51067 44646 76284 51425 12900 14209 15110 83707 92828 2769 3822 85258 
38133 7783 39588 96313 55634 80410 69560 42854 35897 13878 91527 21620 75276 70864 57260 89757 10876 42646 99123 33508 
22242 88432 75242 25690 48468 78291 57527 53665 82611 64079 78070 35474 96855 67409 81824 65982 85310 49792 10713 82344 
19574 87109 21717 47693 22134 46191 21107 2912 84395 24464 44493 48998 19691 27187 75003 69134 123 86652 29713 19688 
88509 9163 83856 32572 86990 71395 58348 68686 99966 84134 60778 15799 40764 95245 57837 52551 23795 8746 70894 57686 
84284 67153 34011 22313 51247 90049 44801 58283 22385 69726 25014 9324 15882 26189 91854 13899 62818 7499 4164 9646 
10619 45887 15543 42171 41851 6608 9593 18984 91263 47423 2371 6893 95537 99873 9228 30171 42968 127 62209 83656 
64134 47285 9864 86701 1574 22292 27439 84537 91575 12049 56096 33050 90973 4778 77584 10793 68380 72735 30892 99971 
55756 99298 7358 69150 24269 26697 7263 50932 96283 23163 48727 62164 27535 85605 81000 73171 3940 37360 12858 43622 
73037 96867 47548 68593 75772 75445 97269 91573 26251 71842 26805 11272 2117 99856 5866 29360 99016 36011 27684 61657 
72297 24307 4427 49149 60398 22177 23869 55503 73053 55225 50571 2643 89018 98254 95276 27909 81444 31337 56632 23809 
46150 34077 65100 77112 61390 9662 17546 85838 10531 48803 51715 37096 31744 50185 15778 81116 13066 86448 54624 37033 
51254 75955 65360 34601 32537 22161 84906 47159 40074 55552 13700 63892 7615 93125 99072 41308 96690 32447 76151 31675 
42899 28706 30968 46919 59038 29952 38155 72022 23513 15054 1131 35911 37780 12519 87612 52957 93862 97940 56722 74272 
6974 81405 62713 9021 65117 43936 24513 61065 10433 7026 72451 80136 16175 14839 15021 963 71536 36857 75895 51134 
42621 11786 70181 61535 10698 24213 8851 59289 23614 90448 68462 94112 19409 42962 57413 84594 47262 78123 4931 14910 
47465 52824 45812 99945 47310 56822 45898 62726 26398 74003 85730 27471 3764 88567 26758 43302 50737 58351 75832 82905 
55360 47699 9690 9149 15438 53162 25891 94124 36267 63303 82205 79806 76482 67478 98570 72871 71288 21303 83144 5654 
31769 66711 15577 25395 54307 67243 83850 97107 22434 6990 35141 26983 91781 79912 77095 6753 68699 29708 45878 81529 
15333 10974 98542 11545 83463 75445 94290 4674 7514 62825 55375 24203 98608 79081 7168 55042 44878 70660 93458 17192 
68046 9755 40719 55369 72067 87571 52653 8955 40260 13331 87244 9879 12387 26172 20389 91713 70349 63901 51870 1393 
8150 30988 55891 55079 7708 88453 31406 91723 67094 52805 34659 35329 47905 31245 82308 61551 83772 20896 94035 46648 
92076 66444 66264 60743 87372 34778 27566 94011 63111 39648 88310 23353 16475 12382 2584 99344 3891 84075 98433 6258 
38182 29102 78533 40559 80052 73677 22485 18735 53267 37019 52231 27135 85321 80240 4907 25666 99812 65665 20432 52372 
22465 3314 81664 64063 7208 89697 14968 68175 56690 85843 16518 63850 71878 32299 12303 39301 15461 91075 73753 93389 
64578 91173 74445 1765 56430 75669 23622 34341 60366 23967 73578 86270 31367 33683 33969 95977 99024 6019 33759 29492 
59074 49413 12179 60400 31445 22423 26867 16466 85578 84773 70722 20761 88997 60806 88129 13434 53665 45470 17422 96634 
49185 94837 10163 52148 47330 94546 76104 30275 35546 97630 30612 91725 81803 4872 72168 67803 44614 92754 14851 99109 
85442 3077 25413 54749 86543 65889 16376 46783 83982 19633 65465 29998 80416 35718 11911 65536 64123 81676 99566 78717 
14192 69801 71290 50599 3641 54826 73630 65390 89782 81177 45527 31953 56089 84418 61555 25810 58650 402 1414 6964 
14796 9755 7831 54672 22647 53022 47140 38417 67863 8406 19315 67348 48286 92400 22895 8299 70248 32992 60501 91206 
68469 55821 71994 68933 89058 66823 56346 91928 86172 6102 59442 22834 32123 33781 61033 22950 62901 51234 23578 33364 
40317 96134 60936 41403 85263 11551 36274 20436 66745 84396 45888 33357 35573 14318 55655 76610 16694 78725 12522 19363 
91653 22255 43579 35247 2303 500 8972 89278 29163 93376 45739 22053 64854 11660 16675 57289 22938 16294 99446 4506 
45929 54759 98516 49448 78040 70843 9489 29258 62389 6949 37890 67326 86928 39816 24680 4546 44035 23133 46104 27900 
53851 58241 72734 25338 57864 98610 90595 54887 81874 29151 14884 84422 56685 66278 52550 15221 40462 21553 20778 88865 
41393 48641 68638 94168 58458 80282 93736 78813 50064 52234 36493 80476 98442 9001 42819 92919 78489 44807 72159 16938 
64927 30372 23497 47843 76723 75637 55399 28249 12591 19538 16984 79414 5484 26900 35336 51415 13651 19420 44314 97403 
35275 15947 95509 99925 29892 47706 36202 64562 99033 41121 50244 43961 81161 11318 52444 93489 96834 42754 36285 381 
34187 68624 51521 43471 2991 39053 10533 50622 62308 57401 14413 50020 31826 90441 52190 10768 33879 27235 42415 70921 
91504 65407 6884 32345 73027 85859 33999 86037 33814 84382 26269 94389 91365 13187 92235 82180 44837 19932 63834 93719 
12964 47297 70534 62822 86344 66838 85554 30496 66354 78723 1156 53735 26151 82247 35351 54502 94429 28298 23918 3600 
46211 602 61222 73696 3312 44229 29781 53225 23779 37792 9434 62702 74797 96941 37674 50916 17633 70056 76800 80453 
93216 55991 1622 14760 48304 29985 5371 12608 16412 9765 42140 54982 40917 7925 98423 58495 62686 93194 53493 73929 
88354 29588 23317 72819 39208 50875 74165 46606 49494 28052 11102 95582 6134 19801 1385 57120 67205 26153 23093 88780 
97205 23294 34737 13843 42139 23539 5230 46253 79850 52916 44536 49717 70019 82356 28559 47264 69582 99598 51988 96624 
44489 90382 8777 75002 48218 68691 68548 4075 20524 6277 65169 28382 66401 56064 47331 98302 29484 42680 83127 76421 
56446 97187 14819 78147 43264 78319 74634 95814 41152 77139 84539 45979 96728 34975 92562 17959 83238 80051 19101 50665 
42631 32388 34533 92826 11341 36853 84542 43108 51906 29335 79916 5618 98031 78740 33622 43093 9357 96952 36146 61055 
40346 50724 81616 28630 3870 13367 8611 49297 20770 97792 99286 92757 81576 61869 74204 72453 66758 22397 64814 3756 
81188 51371 48165 32252 18207 77184 29550 60146 77833 34690 54250 44197 54679 12251 81422 82596 71177 95014 10573 46401 
74033 70691 79254 10706 44174 34693 91923 20212 3989 67215 50401 1883 95205 2034 53983 91169 62706 22722 1934 33894 
47271 78997 35324 38926 54726 97065 80222 20575 56961 74396 46072 1745 73641 23842 89125 70868 3289 69701 4978 18469 
61311 45816 97083 80855 25079 65869 69851 59903 17121 34612 72355 96012 70351 86575 43637 66573 96221 93677 41622 89803 
14877 42015 44086 76043 76225 67317 6772 6051 6248 6226 22836 77469 14263 60994 68167 75681 5147 49287 79977 99768 
50691 46289 94295 76945 42524 80738 10836 21935 25091 67303 41340 22622 26292 80341 66926 76125 66797 93 96267 38188 
37211 41278 71691 72165 57521 50579 30402 41824 13776 1630 58832 30252 8514 45211 51614 96236 26283 39445 42029 79974 
62189 50013 75491 65428 40367 45374 87441 82996 66851 40331 89791 69071 64574 49900 97248 81121 94164 7231 60254 76599 
79176 90011 73077 30021 85902 77647 6905 13408 61216 40313 38696 40124 58351 69020 23080 84850 69015 27098 71267 55917 
90124 37434 17599 97212 4499 25431 6829 39437 58219 61492 12967 59007 76053 78134 81015 79476 64630 25132 9084 19225 
9655 7168 91239 82792 40024 92903 53306 52298 27381 44232 43871 62322 12343 86118 43628 94519 34275 54255 41017 96363 
68954 96986 23736 9146 22473 94109 82401 94690 82650 37610 53486 3595 36813 54013 39651 71708 9127 26843 65329 70543 
13116 4385 86972 21584 39955 33124 78712 82128 59616 34790 49387 70836 96705 71934 20340 14743 72802 91371 90115 40751 
41342 24762 63365 74719 53461 41393 3845 98048 38704 63606 10684 49080 98570 49836 35857 20697 81957 75078 67276 90411 
2222 79668 52750 14323 95677 83690 48776 77247 67785 36429 38719 71682 54484 14890 10422 90103 17453 16704 57745 67803 
95855 10498 83370 37628 59162 93044 41292 62516 7232 24642 19026 45083 22173 89110 52530 33766 48264 50452 26865 27676 
45506 14059 28357 90202 64337 12430 18910 81861 22131 18212 8238 6550 57840 31642 57365 70575 87720 37791 56667 31990 
78047 65204 38468 97061 20121 69660 10545 32689 65490 62960 91727 94618 74266 70193 43361 20596 85961 20401 49200 37357 
57061 25173 7046 69669 60698 55348 2693 31741 36729 27889 3219 43652 85119 817 23764 18853 60851 72827 40731 77198 
34179 39876 26541 33727 3283 50528 17072 98814 53869 50621 24494 41527 66511 85156 94407 83420 97971 34631 222 65301 
19602 68027 60491 61012 80591 81198 1250 31219 17074 92539 19942 15359 9367 53170 86818 71558 16209 12035 98324 53932 
99523 47550 74821 36716 45050 60501 32610 40172 43700 21526 97181 23104 88548 74799 48343 45907 1720 48933 40162 7237 
56326 33825 72878 48431 39986 95001 24657 32617 37658 68019 12834 20334 42026 99903 26790 1147 3934 65465 90069 62328 
98569 45847 96621 44697 22762 83787 7245 39316 81590 59132 43446 47064 50714 48577 40881 4161 28901 65912 23386 21202 
39949 81728 26264 36027 9667 92845 5410 28401 1563 35978 36973 85156 22478 32092 55003 95460 6710 38123 45777 63876 
83143 96946 91836 78818 40623 85560 95270 37592 74924 26261 65401 48625 81134 31348 15659 25589 39446 10133 24708 6805 
42118 63128 2338 78773 79419 45144 46334 18319 91759 49202 48577 68726 25462 56656 64005 27519 10417 53609 53261 71764 
22222 58093 64303 63916 81057 96582 80388 82742 42653 22925 63458 88987 27396 48391 47866 42950 79631 1072 85717 38377 
85729 44513 16281 55616 30772 91677 99120 77571 91134 12552 71028 76790 59098 17205 14146 56884 39567 30085 58846 34938 
72798 20265 64926 36976 3799 46936 60151 89751 85370 55425 11208 94567 52768 30675 76795 66052 88015 53087 70686 87196 
64309 52955 52820 40131 8068 44351 5597 13330 41460 53119 35970 94093 62184 1908 99990 95298 81629 94851 75793 99000 
62655 29662 92905 15978 89826 92289 50271 30997 1940 72115 78440 9888 65834 90131 2011 26559 65324 88380 70067 91326 
44008 68646 21300 81072 96062 69765 27312 50496 6063 85 24846 23760 34448 44654 92086 44348 10836 41194 79789 35529 
45304 31148 2845 43492 93559 36096 23424 64525 82789 55893 39449 90084 13392 52562 66542 71549 44551 76031 6024 56456 
97847 55161 39785 68639 68957 76223 61050 41634 12737 55480 48336 8224 69602 67833 39816 10622 1437 58837 91924 8729 
23902 83720 14719 50754 41116 11074 99767 88649 56490 2549 2853 48780 43030 48797 52812 69400 80219 31235 90413 32902 
70922 39318 23663 33757 35008 5530 84551 91068 94825 95168 50557 20868 13321 35298 80114 11988 74103 2727 4326 81750 
97581 34689 16535 8867 6346 39742 91289 18456 12515 21391 72743 4726 27397 64290 43375 84582 96252 14240 82114 36846 
41871 88731 10177 10465 33372 25086 93577 86567 49124 91364 14417 65558 77411 71667 96686 81835 17996 53877 99330 80800 
90986 92771 27131 92813 51433 4585 73952 84086 45505 49193 5410 14888 83461 95071 89482 45186 944 99491 33654 52343 
16556 98947 50124 18367 93822 61383 90814 17181 94920 78735 46653 80155 77802 44825 2295 73831 12033 40218 99159 61864 
24697 95565 97283 78462 7949 9232 10442 96913 96371 34959 22654 66881 55001 27146 12168 64955 79622 1273 12756 3731 
59830 46074 12298 62090 32369 89042 51457 46475 38983 81063 33684 21341 81367 90849 53475 71442 2699 63050 7205 79013 
67511 30412 19737 9872 75228 43568 62221 83433 80139 63673 60994 365 48661 87527 31240 78660 41873 59221 26210 92387 
82253 45433 63555 21255 20886 15542 31905 69575 67811 17993 52554 86776 37131 68147 49824 95338 28458 71966 16832 83265 
81802 22407 63600 47543 99674 37857 53696 1312 77597 77509 1724 61508 70838 59489 11782 66870 72665 10169 40630 32871 
95774 41196 8691 88610 74629 79946 69844 62914 77018 47094 48668 7240 82428 6512 5685 63755 68806 430 53864 1411 
48523 55970 47882 77750 23874 73340 22523 6799 95765 36270 38626 68012 62022 28342 38663 6913 44080 16874 54702 92836 
47587 24847 25699 15475 66468 52569 72606 36242 53641 25078 51345 99453 94207 43033 69601 17781 31619 24958 27430 63907 
95894 4182 66584 12757 94880 93636 23380 65813 67950 5160 82761 70446 57700 92256 49452 71635 70641 11121 78273 31858 
54488 80773 71124 95383 72316 81137 52629 96650 42621 42510 84428 7023 30498 90852 66164 35605 56408 84901 41892 12476 
91463 536 92351 36555 8738 62344 52948 46402 612