57694 22622 5653 17895 803 42806 49809 94979 48844 31664 66071 85610 35070 61262 70810 93478 92442 68614 24226 76942 
75468 77161 71488 10245 28329 9322 70343 89950 98656 71861 4522 16084 20929 95218 18311 29851 57487 63796 67871 22084 
25358 59766 33135 61533 78024 92484 20638 33710 80164 29676 77864 18767 9906 83856 68750 30786 13009 15840 82531 43304 
2299 32681 49132 92886 83923 26563 43334 3502 51049 69246 22974 36451 11647 97213 60219 23881 50474 92240 77358 63497 
86307 50906 95903 89629 93302 550 8050 18582 12629 61503 98810 78441 52870 27890 84575 34418 26784 91377 17232 43940 
87635 38265 61243 23369 98899 69058 42322 35490 7533 43972 84846 16707 24902 96838 47977 58144 45683 59172 68739 23532 
56713 98694 21611 81911 65960 49521 83978 22470 9725 22464 77176 5907 33347 54381 50216 65035 43481 22122 99871 46307 
43335 97996 46462 44732 37177 98919 98486 23042 19704 89348 30826 67078 23534 48523 14971 31481 958 15787 95691 50962 
73595 20161 75183 78765 65813 67385 44665 88168 94874 21511 67467 77637 54514 55979 63626 71055 78459 27081 69662 34125 
22243 49812 79344 7038 60673 16308 76909 52971 30416 54994 44283 36957 30917 32286 37840 19246 83581 29687 66397 19283 
61834 1727 92020 46518 33237 89683 49608 83220 96327 51297 77893 42633 78088 62052 88222 59126 33717 89357 40647 34062 
28847 27080 50569 85908 92418 5705 18727 98314 47522 70893 45198 40441 31838 84338 47001 39560 37361 68494 22268 23251 
15017 75488 25666 93439 23760 99013 55209 41450 20724 15545 68380 90952 55510 6021 82638 69608 35329 86685 45054 33618 
55720 22536 11594 3958 66599 88065 23487 29532 38840 7737 98960 28953 5854 26213 55900 3606 29948 89509 5456 56984 
21354 31612 98218 5462 67502 72896 47636 44898 55895 38930 57017 63026 25997 56688 26408 44987 15631 5434 69927 52289 
3182 87964 40803 49318 93495 97626 26690 63641 67552 64226 35264 4251 87418 80491 34990 12387 2484 72431 52385 90295 
77134 64328 41364 52443 87607 88200 37783 69149 14160 47492 97826 39911 14958 19352 77407 19060 96897 75546 18868 60323 
15828 3946 59706 88149 43745 80969 67277 84237 29541 53256 7368 64682 2958 25289 30715 82530 64457 26038 72395 8460 
52985 3780 936 62885 28733 17539 18770 88146 68290 71725 66591 46585 98043 31974 86948 5061 54818 97270 41756 41891 
45328 98586 21281 62182 65405 10232 26667 18410 21415 26087 32385 68411 19207 21680 48634 17633 1256 19328 58507 83482 
42505 10260 34207 8625 50973 95304 99047 57705 30414 60942 52927 11339 49219 2788 14603 26919 18201 11533 59077 23056 
64334 57813 61711 29848 68491 25368 8880 23082 22111 77224 12939 47339 70825 35084 89215 4401 32792 25206 59444 41627 
3974 57463 63190 6320 1572 35781 50701 99176 20837 8786 71752 88880 524 69795 93863 42015 35562 29794 94067 59961 
66073 42547 67615 86201 3035 34372 59318 64154 62175 64829 99989 99270 74336 86892 62646 32717 12298 55901 58986 61879 
49852 15844 6482 39959 42096 20426 20301 94749 35817 29473 85144 46101 79128 76069 46206 34167 53990 86032 36865 84049 
63199 87065 58991 34835 95835 54013 48385 81009 36892 86276 89082 15871 19742 19689 48697 52477 45404 69649 62005 57477 
53863