57791 30396 45344 93615 72193 51648 75989 6722 87501 94919 94700 2827 64052 96586 92815 14639 13442 30952 24277 35357 
73090 15430 43417 18812 20216 90529 45670 82287 5930 22992 73454 61196 28606 56435 76821 62461 68419 31039 76015 23472 
33405 45704 33332 18909 51687 27996 71133 98638 2624 30055 46660 56444 47021 97633 74415 58346 96181 13574 17943 24234 
59481 84103 1245 69949 47442 47212 6252 79190 92672 41521 89359 89214 46159 34550 1170 2230 31412 80788 7513 67191 
59936 16942 75784 45254 56981 18514 50520 52431 49019 18801 92583 29529 8643 26088 28512 58957 27241 92172 85411 54787 
21216 28127 84833 68044 7723 69384 13158 97932 20761 13203 29016 56971 8074 15240 68126 98140 38649 33504 31782 3100 
40283 1540 79879 56254 75936 63685 42050 59553 79539 95065 17049 49212 38919 89024 26477 38056 40427 21884 65334 13751 
27866 43078 60001 43069 90901 35655 49945 62732 55332 87032 62075 6443 38528 21483 40099 94601 4961 5166 24825 59294 
12698 12125 10610 64055 44218 27202 30450 75697 94777 45444 95526 50230 98410 59149 62436 46539 7715 61115 32339 15575 
74875 21056 11127 40403 46063 56285 26644 42243 17425 3946 55860 84005 8027 34556 67666 49872 76824 63617 54551 70422 
47922 17397 57833 14674 91128 19849 92920 36109 12692 41763 86345 14325 94423 24071 79516 32325 23642 20613 35506 2040 
42525 95383 5844 20832 40094 97705 87713 24064 12747 37216 13623 8995 73862 20490 25915 90814 53413 40685 56180 41649 
88839 30878 3955 69511 38476 65148 35526 88650 19833 36073 59930 17086 22827 82481 83913 45559 85791 56292 6312 38637 
57727 1641 78900 17047 29537 19036 58758 13951 41557 28645 88762 21365 35804 65867 16580 61290 56113 84539 58436 6971 
63113 77456 24417 63293 30351 77239 88403 7009 50630 51113 53593 34166 7964 95333 3224 54184 10039 49980 35681 44865 
41086 56501 63547 51629 70051 44102 91148 91862 26717 42362 29764 25889 9941 85952 40027 28024 96973 77401 97905 50939 
97283 55265 93783 81467 33623 73089 81521 55483 81890 97775 51228 22232 77837 35455 21846 35300 76697 30356 32351 20702 
16171 10374 30939 16787 15126 31725 36400 62358 68501 28423 41952 76666 69598 57938 60756 33815 16147 84079 48012 42638 
77177 95032 6235 59895 58679 11578 42411 84005 73711 94288 11241 70662 68530 62254 10669 64721 44689 29976 28569 43728 
21780 80422 36347 44051 89304 57298 74617 29053 24430 49128 57376 60178 57925 96117 31834 3524 62544 14514 11064 16293 
52143 71272 37779 30373 45533 4359 15263 18181 16241 33323 98316 20470 81118 65534 46821 15835 99496 63977 54297 15713 
53073 11420 5261 40466 73505 11739 98774 5166 12414 89542 89424 29746 90870 23714 11037 41002 1598 56317 80815 63179 
65778 77670 34653 9790 97725 88969 82116 61195 45586 62343 24663 80344 2094 97344 8395 39862 99146 43440 97484 78920 
73260 46681 86851 2443 12155 77010 37717 52342 82324 96418 69215 4044 52840 1783 64517 37191 28495 73082 39748 8123 
24778 71521 17032 7103 56559 85957 7964 38876 89225 79075 859 41893 52677 4032 91064 95345 33483 47734 77009 28040 
71928 94671 1244 44193 83842 36457 91276 15851 64319 90781 29888 43565 75616 64184 91153 78998 91566 56007 35194 80889 
76437 85584 38227 58036 94876 85978 77620 54462 76275 52123 18545 93215 88558 86331 82187 22296 95506 89097 99100 34862 
9029 65441 78880 48887 84752 85096 39727 62689 68897 38954 62374 34420 88362 67982 25061 18542 85613 15622 67198 67849 
92619 60704 73227 31195 39403 6110 78438 51038 7762 24869 5582 55222 83543 97974 8262 74850 82479 38299 84831 70166 
83382 73886 2602 56138 66858 6930 55196 11658 77447 13402 96965 71089 24546 97991 70175 87444 39765 65481 32721 8660 
50246 56759 99357 95572 40196 22587 71699 84523 47233 1006 48614 66153 84820 44104 84118 53067 96598 40797 10965 18196 
63753 795 53220 18465 97404 56159 58305 71291 86712 1532 19428 70926 17806 78243 79873 74391 67062 558 64798 24820 
7112 54830 75463 3693 3544 15594 84205 34670 60774 53252 46694 20790 21760 72381 45087 18722 64896 10314 22283 75719 
77560 55435 38570 36299 26577 20991 71298 50176 78112 7483 81972 68607 63844 70682 68883 29815 13716 84126 51173 61530 
3341 13610 30562 87557 17830 99949 23387 96066 17795 9908 67888 46273 29031 62903 49851 24151 50379 17349 57717 50265 
4222 82895 94879 55844 65072 21873 15054 46329 59815 70318 85912 35187 96691 74018 95040 20811 68273 29319 29693 91403 
79542 28699 21749 57147 79056 9467 69697 44458 92875 98708 97665 68083 18730 22038 53556 59226 99102 48270 83286 62449 
61305 50299 60206 46770 40206 21990 59166 66699 27189 82243 41874 51011 78974 33909 87026 9436 54040 97765 35368 29640 
15724 36490 22134 97720 55573 56990 9144 21903 73171 43014 40095 53842 53538 36944 21593 42427 37296 87190 21573 54665 
51592 40144 60685 95876 23454 38282 51278 85261 16167 68753 91594 19193 64668 32505 20185 4324 97186 66441 59298 44031 
41142 47241 64541 64816 71619 29294 97150 71897 78957 41379 49710 70894 96165 59910 68502 35397 33015 17409 25929 15799 
65297 21468 71239 63004 2900 65390 37580 40095 52380 61348 90829 81855 28198 5190 63694 3451 43542 15182 81210 16060 
21909 28268 4587 85927 96155 79771 77796 67006 90989 63875 37928 89108 93937 97585 98501 50487 91086 94682 49554 9557 
33551 1866 93751 55176 26690 5586 89368 28567 1947 6828 280 73274 16728 35222 21284 29721 93403 97669 40880 31007 
42196 20158 12560 85324 50730 80594 34829 42313 88127 12721 6171 83054 83417 49703 72543 43010 29439 29483 95427 94415 
29496 10916 86231 38173 73604 97487 89769 34381 88316 26240 62886 10893 31952 29642 89342 13822 3102 95007 74336 8843 
85105 54183 67903 43434 14577 78720 80124 1108 69390 62646 66769 49383 60692 50364 99717 36640 64614 79486 77994 48668 
83680 33766 97740 69772 68284 22909 85995 91250 46242 55396 92795 65929 35628 61697 62491 32252 36429 58777 11217 92005 
37167 63105 91520 51987 19932 55789 88850 42380 85357 50806 4001 31050 92243 72592 36497 75717 49320 57367 60313 97156 
89513 71983 70477 9155 43691 837 69859 4827 43584 19562 29298 74770 40199 41915 18363 32618 86433 43863 98096 49650 
17893 79697 66401 79326 11785 44835 67819 6295 51710 27366 57926 54407 73104 87360 46846 67191 37076 79899 25691 84807 
5141 41581 69021 69461 26252 1720 30132 69962 22343 94954 85451 3262 17821 5157 45584 49639 77444 79909 28191 25933 
59875 57221 6635 78955 51251 96726 46472 4893 33484 43388 20460 38459 28929 75826 4823 67785 64641 85911 26885 88832 
92527 50252 92468 71255 24403 15686 1134 63388 65429 87151 75588 18092 80635 72984 99286 13935 43514 88382 23327 58989 
5689 21607 63210 88916 61815 14954 73298 83256 27048 12524 3495 59194 93600 75577 95604 10048 43519 33565 29124 3519 
90093 82448 77228 30734 85179 84073 82749 22262 1319 65131 92390 96550 66371 89165 78603 34038 40643 93139 37366 96261 
36898 43111 71956 19213 52911 90754 23888 90980 58890 76233 2108 58277 76730 65615 9911 47028 1211 19313 59799 63550 
31699 50720 1370 19534 22411 82196 46997 6856 57509 75261 1622 38615 34430 60680 2539 59058 9823 79149 20093 38440 
37873 28430 6842 83913 76427 33951 9652 9772 43300 45866 2326 2572 71502 88058 27571 67776 54084 48853 10385 63977 
19122 26082 20790 59544 83362 71736 60972 80028 53446 51914 92567 80701 76386 86200 89041 12229 80994 95236 60866 81945 
31223 69539 10034 42487 97072 35953 93127 68024 47624 31550 50936 16558 39208 90491 97167 58117 17600 90448 26644 65749 
47898 27594 75355 52774 16666 65574 33685 63618 58205 57339 83534 63563 46527 66669 4838 49155 68302 19806 89288 65352 
3993 9428 19303 13612 60230 31989 71179 59286 32160 22556 20313 12603 95322 69059 38551 33703 90691 83129 14550 21010 
60163 39019 84272 79889 39252 21737 89436 2849 10769 5154 43443 19321 87542 86068 62501 43513 81171 6606 49626 5056 
98037 44890 48052 1787 75559 33191 20411 11543 22940 47298 6235 41932 668 22109 59308 50303 24177 12655 85053 89742 
32247 76490 24748 15109 53486 96972 15023 63495 30735 5924 78344 89279 48234 8976 43834 38869 77489 29199 12308 71894 
58831 51124 62801 23214 70502 49236 80464 55473 38097 10022 84679 31644 36858 63282 52049 90706 37012 123 73438 82569 
81832 48998 90371 72350 14728 40252 41830 37582 63986 51862 73705 24993 17274 10992 58913 28156 32566 62940 459 23014 
75750 37550 1552 85111 51870 95600 51284 43849 96849 40245 88144 75040 49288 43393 71584 36918 20473 10063 31255 8946 
82456 23397 26932 56377 4113 31140 75859 74593 44091 1183 14259 46667 21996 24714 92705 49215 38651 20435 17800 63298 
50038 17850 98164 96138 91031 46431 4453 74819 60178 68061 19198 54190 82029 23741 57637 29557 36216 3287 47452 17606 
69550 74702 64083 99620 51779 15351 2104 93995 40619 9802 28138 18100 15513 5042 47884 66073 81631 30756 2292 14996 
14395 9542 13820 41253 51985 15974 57202 36626 18188 69862 23858 74439 20646 748 89598 21776 77643 98056 5813 86707 
90999 67344 5427 82066 91928 33515 57703 56211 24518 25768 83813 69186 87586 62767 12926 95972 42494 8852 8665 38708 
75818 57571 62705 70994 51802 89104 94815 95959 86764 27729 63268 87441 81924 51078 72080 18854 57763 51021 14449 92362 
77012 14679 78616 45549 41677 40778 26384 14663 41800 54919 36354 16498 79973 25865 35494 33171 17921 76223 62773 89790 
52501 93292 70567 42549 44651 19003 93914 48338 89602 63524 67007 87140 60095 56134 19057 15264 53592 59280 17402 53569 
51805 96594 42061 48488 92017 99229 34345 70209 63311 49483 46492 48687 73287 16965 95544 58291 26331 55608 11589 62723 
40506 8001 76941 27283 83619 61458 3499 60566 81752 45991 1991 64041 28365 10014 75362 61444 24020 25234 85790 18945 
59401 54775 34678 38447 48212 45817 1361 77530 18334 69950 1285 26550 1348 10921 63453 49594 83210 9936 70277 89215 
70031 91694 5118 20684 11723 34679 17438 8575 17877 29901 62275 28793 62755 94197 93689 68508 90814 90959 65374 80107 
78521 36814 33560 59062 22240 90854 3331 12270 53902 81905 29572 79104 82420 27980 23737 3492 19035 76504 50354 95610 
79661 85335 49419 31973 11004 96221 8602 37849 44344 7695 35201 40188 94197 58122 88423 92189 827 57617 49594 3565 
14181 78560 68181 51479 2100 22348 59992 97284 51398 83185 10253 45419 81576 88156 89239 30118 20381 38147 49242 58949 
97421 34212 69206 45119 1181 21345 68573 59601 84605 6878 5110 32353 1962 10892 14791 39075 74707 26948 26083 77327 
41221 6474 31244 51003 70457 63687 3475 41783 77693 65368 75740 9612 98539 60328 62878 30802 54447 75560 66247 96588 
88784 22145 52752 34286 74019 13162 89033 42428 89037 69030 14075 53111 60180 61097 32765 64398 16901 2660 76803 4154 
31290 11608 93403 60239 542 92622 73098 94686 8767 15371 30847 49271 76875 88302 40519 19421 53442 12018 84068 56757 
28914 41129 53468 41360 83623 94922 11109 60470 46604 1957 87530 33062 49522 69912 93203 88523 87864 87448 14830 95698 
45722 12049 65829 56825 45960 20802 36675 73269 15769 57982 49050 40940 97714 27293 22836 97195 75101 44926 98796 4037 
63636 35247 95573 12830 69916 86320 84619 12648 95888 77719 31350 12670 40285 60787 48094 26922 12506 19876 61593 37125 
23131 88240 78172 38360 3168 48185 44013 82790 16491 28740 41555 24467 28955 68098 2271 98356 37592 28654 11485 33645 
91360 32356 36893 84490 33327 50829 79274 51603 51554 18668 5699 93147 10555 483 99565 55926 14840 69185 46426 37234 
58252 84171 16217 82739 57832 13863 70086 30929 85706 94087 46728 58418 80135 9507 95022 11335 70662 5638 70376 75924 
60807 64633 72829 1741 44638 58060 84278 8453 17085 67793 40946 5618 1773 55174 68832 97292 21197 31419 11522 77166 
29459 27010 21392 83239 302 91134 7238 37659 72344 40708 85271 7022 5043 97485 34014 32836 72189 70962 90328 67299 
77736 45347 7354 55843 77529 17538 80191 97557 90245 6726 89251 49055 64338 86582 46049 33569 7451 38315 99479 7114 
3745 80544 41909 65106 23265 9094 95831 22505 41256 18986 29428 66097 17922 41079 47843 32927 30971 10592 24639 49735 
11923 35815 47618 68868 4856 2827 39544 61735 18353 11834 81040 1837 68612 47209 45404 34413 37899 37764 76559 50425 
36464 99436 6624 45970 13699 39180 75886 74069 90746 70796 72382 37235 52036 51146 93189 77360 89707 82415 74446 65707 
60248 80885 90516 99762 1285 75861 43631 99147 42826 9243 99509 42700 38032 6110 66514 20006 74464 37774 71134 61214 
93343 71339 6805 59437 42249 30275 68851 13772 35674 11246 21607 52265 78568 56608 25026 59333 80920 20550 25573 85023 
42157 31231 42861 17247 5990 46333 52806 90698 88396 51332 34459 72199 81815 4081 36602 63377 72993 69632 90419 87852 
63182 22807 81845 21264 36772 24625 18642 79214 82674 60057 82606 64068 27400 91168 6675 59771 63714 62301 36652 24467 
22954 88473 30775 69403 69192 27062 12045 80277 63310 13634 60727 12771 32773 76826 5853 59069 25934 69805 68879 25815 
13079 53538 20787 18934 61908 67060 12058 50553 71444 66124 58308 65685 62828 84948 21123 11324 27255 40848 33457 5866 
38758 54151 51437 13996 47989 49751 14739 10041 52953 70440 9775 35827 85004 39277 14367 73502 74133 3772 79676 48800 
93905 3530 48428 45587 56853 25484 33849 52965 53500 22218 88168 1644 24098 93553 97542 15143 25737 51655 19640 242 
76339 98150 60005 73098 85027 15845 96802 4318 55566 40187 2604 14320 961 20402 65316 68517 75428 85598 35912 44799 
87803 46249 9242 86004 70995 91585 56985 61940 54770 3632 68928 50063 71950 65451 90609 11807 31731 68969 41686 53532 
37481 26163 85038 75886 84104 44499 22668 55252 52553 21831 91972 53148 69441 76586 46609 24570 84401 13662 12541 44940 
56873 39012 16232 63408 43670 25143 94721 95737 42500 56468 59471 30923 4971 68641 67081 9972 68136 32167 44138 25806 
89673 8917 15367 97846 43832 11525 70818 32138 37882 38638 60548 27712 54872 83787 7794 54507 15350 17355 76913 29048 
61648 71498 78861 22651 62832 37965 10181 28359 68287 43737 51454 52814 90219 11885 39459 46526 47441 68713 94428 52083 
33713 5814 55374 44226 75952 17777 88027 53891 43347 60151 4104 27073 48366 82576 523 37796 81783 68150 82116 67843 
72496 32597 22816 3079 9875 29446 59135 61408 55887 28261 72107 58238 92331 67514 54226 66498 61789 90690 10921 27646 
96845 20407 29993 22956 15145 38421 43745 96825 31752 44313 70022 83594 49999 38592 63120 76661 24073 37102 92688 67496 
7611 25348 18360 20769 48752 86126 90730 54901 54431 34996 34457 70614 85731 30851 91927 74744 99039 68704 609 84819 
17238 54479 98626 71584 85104 46422 95765 69342 59890 12399 97750 62407 55528 52548 82233 72785 75732 47563 75801 13967 
99876 79774 58672 31563 2336 49555 16513 1377 96890 6145 90956 60098 15823 31174 43906 45962 69849 7926 50185 46114 
96493 59915 12831 55869 32063 11632 72247 73532 29972 65282 76003 82151 38243 88345 81958 34053 89000 89927 89412 56947 
57750 15387 54852 25000 83545 46514 87178 80720 51436 56311 73601 51527 78677 80550 36830 91288 63909 48159 30060 1911 
98124 57255 57000 75770 89922 21218 1017 91441 43839 6644 93427 33856 90559 40599 24113 3358 17762 56644 26780 8907 
25067 11236 644 66261 39385 29695 71959 21322 91912 13785 3046 33098 41472 59576 66681 7361 14833 60651 69479 6700 
14518 779 24255 4249 39890 13781 31335 17962 8200 75333 70622 59187 68064 70625 71563 16666 19234 68394 31609 3367 
62411 57450 14291 42861 75650 75188 72514 79948 27220 98342 73214 90751 5882 7817 74546 79477 66085 41361 46664 74721 
78082 23872 8072 74290 95055 22881 83949