12168 64698 90995 50673 29502 24399 98814 18530 47456 34855 48940 50825 56717 90687 87127 86073 70757 86373 65071 67867 
30881 83545 16116 55003 66276 90138 77539 93526 26153 53216 25991 70092 91003 62205 47968 16621 76905 39197 49420 87527 
39607 53354 30801 83821 5699 65401 78404 81529 31642 32547 71671 20648 21251 29425 44623 97172 73476 23109 93287 25241 
74045 64629 19007 55478 98277 90208 40232 38218 22677 55123 29609 81242 37129 61972 88202 54212 2206 34124 77793 41316 
51410 88237 54672 6291 60837 57696 26807 66734 99835 95723 52882 21837 60431 83406 58049 91896 59482 50758 78828 48870 
12751 16483 98136 31876 19061 28681 82679 56098 32202 5086 65817 86511 31725 98957 48525 42553 69642 86902 30634 76887 
47689 29342 81388 15589 50431 28078 56666 38303 90385 47735 11476 70787 76764 25022 96146 88503 9446 5704 32781 5834 
44290 33297 25523 172 80812 64947 99164 61273 47474 42410 2693 5744 81756 39517 35515 46045 78070 93908 19518 43112 
1797 4149 30090 77400 60039 49324 64197 76023 44545 62519 60534 31942 93362 69872 65879 62545 72275 14738 14574 37507 
35583 93367 26374 42752 11355 47607 58247 54013 75284 60387 25918 1608 34359 9749 24145 20883 47647 39713 52636 92915 
81105 59085 469 74865 76881 78095 73894 86288 53408 1512 18546 24965 19808 71556 17203 52928 41399 57753 66786 50940 
75232 95817 80694 86783 59656 62604 24510 31114 3765 77100 42917 30162 22840 95642 20995 27654 62322 1230 59170 15018 
34056 21181 28206 36691 52410 89768 29890 3469 39329 2902 75330 56946 94003 25241 63460 41601 13953 54481 41831 41920 
97880 62551 51407 45059 93201 51424 35277 86511 7242 48365 27177 37972 8865 99336 37336 37264 28897 17714 2530 70351 
65596 56178 40316 27731 35320 46756 93887 79919 33476 1510 71020 72668 75879 46033 33283 15754 1998 99939 24472 4435 
30069 88943 96258 65357 89671 18618 74800 75019 10496 60069 1649 58597 60525 35651 43104 12301 606 22051 71033 138 
84490 40361 28126 42363 42324 14986 52806 64162 39621 77956 99163 6032 16572 5785 92050 33311 55172 61053 39162 4060 
85528 40757 42235 64717 81249 77064 65550 13053 32908 15321 55640 31845 59701 96681 53318 60828 85004 361 31956 24389 
21636 88004 48791 78459 85307 35066 9993 42597 48572 28612 2787 84112 16854 11091 43825 52823 8503 83871 81286 11897 
77049 35985 86053 84330 55988 94693 94938 14562 75445 18116 51970 25610 71846 35459 80611 88323 88742 8226 57864 5162 
70772 43539 35597 81036 76934 69384 23747 45941 90007 10015 12936 98727 65385 35416 74922 1126 67142 63405 48792 80986 
11714 49924 68453 33946 39642 58699 44018 9940 51619 10430 52909 73122 16306 48636 52221 93875 6781 1806 93829 9272 
15877 44367 94174 19856 17190 47914 55622 16443 9237 94841 2875 13025 23697 99781 33307 24874 47558 93854 95711 30842 
91095 16611 20745 73008 72230 52098 27502 36483 62523 45574 51189 35176 81949 65721 59871 12709 12318 26135 42071 20211 
61032 1493 23843 25116 96310 76330 65447 22899 59641 73051 25877 82122 1048 76660 54085 14182 57131 72306 35400 56559 
34552 2961 23821 4001 9460 61637 76326 98297 94595 91188 3031 22419 61320 50159 13701 14335 66072 40240 90518 47414 
66535 38566 25213 92110 69496 69942 19305 37728 85277 24553 94074 55325 46032 72418 50695 65346 76996 80017 91313 35605 
84706 66318 38952 26063 96979 92371 81288 66858 89519 47716 80692 66254 53570 9163 23839 45780 81904 33310 25457 77331 
35657 23837 20873 14639 67464 46594 76197 3426 84451 82331 70294 71601 47156 90049 95030 88523 47978 785 73106 91294 
55403 12976 87821 25867 12514 35383 22346 72 98039 20627 14162 9329 5739 16088 58311 43879 78000 65313 54762 22868 
18380 80904 65942 39662 80210 21167 3769 40236 71758 23904 2858 10386 33533 42529 1017 94416 9369 55719 94751 56253 
39076 22287 49770 17381 34894 22851 45149 47711 18473 30216 32006 83392 95459 75238 76422 4929 11196 63594 25937 80938 
9364 33273 45551 52624 56520 47973 11063 27560 33658 17385 45742 39506 7792 16256 81709 94978 50363 17032 34117 40621 
10302 44363 25182 65793 9927 37176 96560 20270 87849 20936 21003 92762 3999 56411 14209 69624 70766 19721 12733 47179 
68548 97984 2016 97731 62075 19549 17974 11272 42460 49914 54749 93183 22638 8287 66662 48987 34813 5966 44281 64363 
99355 6139 53823 95684 41320 96989 38999 86026 63422 65776 60027 7565 64195 18713 71385 42784 78467 55143 73412 93026 
89268 82273 22849 14217 64938 16659 81952 83136 51479 7826 9510 44316 85179 7767 55139 71144 4766 29875 93729 64289 
66831 38392 64534 36720 21053 4564 46833 51367 22942 32786 23917 53769 24060 42426 84217 99915 52147 89665 60312 33397 
30332 98889 77 2151 30551 60092 4843 98429 74381 61699 84327 91134 17213 23169 30627 75999 756 27799 18795 32706 
60414 34394 54140 28225 76552 77511 2373 32320 8777 99766 81638 33237 45089 19158 20947 74940 52337 83284 85165 50984 
54118 23220 60362 65407 88218 18643 95950 32673 98274 20153 16284 77616 6682 24206 32828 5237 54267 29082 80561 20439 
83413 589 73770 48807 19497 18555 55689 96640 36359 89580 2679 16355 56148 5492 91136 42802 54371 27012 38308 19986 
65977 6144 83200 68705 48693 63513 30383 63362 13832 66723 6005 15045 77780 35087 77380 47656 88491 34402 76036 50973 
73358 73041 93741 38232 51461 41304 86560 22448 69839 8395 93510 20992 9856 21202 34795 64127 53310 1477 55789 56263 
21081 94670 25836 41769 45795 48445 52146 43293 75704 14037 31951 44261 86838 11366 76996 46895 74858 27805 58256 66006 
20544 37967 82638 77703 15911 45675 81930 9888 22672 43543 81840 76426 87594 2978 31791 32237 71969 4613 41816 60180 
85424 75397 94138 53656 94774 18690 46259 6557 23202 7891 65885 42534 85960 48367 61152 17508 8242 39750 54178 25686 
46317 22908 27569 30854 98668 7789 79191 11312 57610 67141 18381 31515 51346 66637 98780 6195 27986 72611 64408 69809 
59360 92771 74124 19349 71645 26286 26126 91426 37337 80777 25938 54514 78145 36108 7240 43765 25983 20034 63398 55429 
72904 51032 20350 44420 83666 71986 1267 57598 20197 49160 59796 8509 93321 94600 35305 8227 24493 94331 96603 98314 
53956 25839 25311 23636 85816 43824 71750 71283 23442 54565 68360 36596 78979 74122 34931 82692 37763 5759 2578 93625 
63019 88521 72381 87006 47253 11160 82714 38886 21347 57931 89915 37003 83648 65876 13375 96288 46712 49297 89637 59212 
18555 67716 34825 21414 42786 14687 60819 87386 54270 28267 95504 15098 11 90430 2386 17016 70800 82790 60409 14781 
89009 15787 44176 17441 76008 26776 81444 83428 94608 28479 36601 21069 60065 73109 62801 4443 43712 84668 52728 95855 
74635 74231 88763 45481 96554 78155 97795 38757 53778 52649 15009 50094 11093 94930 1511 97135 92375 29424 94365 70573 
96806 13444 97658 48327 15021 48074 85002 63984 13451 19993 84357 55553 98516 3078 34873 86894 83989 43456 55243 8073 
89117 74903 61829 32498 52813 11484 99635 44001 30452 18458 89650 93817 11547 89704 53463 40911 81660 42660 47578 98299 
29768 99994 3953 81091 30137 61772 49382 96091 33494 44037 73238 25904 19729 85797 23846 58876 23895 47798 59382 84094 
76507 85181 20013 41789 97643 84621 54926 45569 65210 68385 2272 11197 40916 56964 35290 50834 6921 7324 58198 35827 
39460 25028 80941 95498 62579 11781 71982 72452 94656 50044 21030 68 78393 77900 5664 58117 90874 31897 41547 25360 
93849 446 51935 75457 97868 28286 57742 79361 65775 66195 49771 70533 19094 76869 92315 59773 14054 5313 35599 18969 
39337 58283 49609 54965 86589 28150 51752 80693 24375 64980 88492 50490 73253 97512 47910 48208 25452 50015 69611 59035 
37724 91208 93201 23897 61984 90260 3239 93402 83865 77272 54749 82543 70418 30043 2479 1949 2586 48254 91642 59699 
13174 73067 97391 9403 70408 10602 40784 39819 93048 3888 30555 99171 47624 31001 58568 45545 93269 28399 97893 61549 
61542 19219 89158 64902 62378 34181 28085 43716 33122 1295 27958 58526 31397 75163 64553 49477 82113 23042 31688 56484 
83742 81450 11605 23437 4366 59169 57126 74842 62424 28881 33322 57685 8839 97935 79829 6486 66425 65216 64786 42638 
27404 39815 15546 46937 42771 43260 92925 5364 59695 1246 76976 36731 76534 63775 62112 54003 93560 64625 5446 65095 
10442 74191 51978 70236 25198 55885 94351 37449 12057 49691 95218 80567 41922 834 55681 17554 37273 30079 43627 3030 
83205 65695 17787 34685 26998 80481 73417 62167 36364 15151 85074 53575 33052 43165 80699 30902 60827 40908 49154 59646 
29178 75616 25083 15474 17824 63954 26965 78495 94114 24205 71673 16216 13561 13186 54747 72913 47511 11298 19019 70512 
64276 33465 66575 56722 76254 41919 44176 82 5468 6631 53311 34189 5724 86969 95732 55145 83264 9249 70531 96300 
39999 55875 23009 60767 69828 67538 80145 31142 88552 39972 18414 48512 11367 19505 23875 22038 27888 15740 7919 1361 
73475 31227 40155 83890 49760 28249 67246 38558 68313 29988 9321 1529 6772 19273 53552 27918 35739 57213 93074 26297 
16954 99409 39613 43561 68561 36559 4737 53857 87620 91746 3525 39185 40216 66468 98691 17358 3178 54087 24459 31725 
20494 31668 97319 82476 11286 96802 23035 31091 15710 86182 1625 44510 33063 98728 11842 70252 95805 16641 78036 74067 
86849 78170 88659 16902 12633 7728 76750 16690 73342 34984 4787 85139 57243 21079 89381 55021 83357 97241 62159 91646 
82277 80409 64993 24004 73964 49827 79549 10720 96272 94494 85878 67584 35744 64839 38045 27131 72855 42988 35235 33324 
62425 71159 8537 78696 45923 73446 78851 93652 29424 49796 36276 13802 35177 65389 896 89953 28668 64969 1794 57150 
59334 60846 86000 49288 95864 61156 17862 26393 74656 71462 76729 50107 65984 99919 33661 52600 42521 35665 44901 89936 
30812 31170 9351 47211 27529 92362 57257 7608 66332 53879 65990 67960 92518 3853 74659 15709 52921 94830 66791 98175 
45593 17333 95609 86734 60985 8516 55150 90524 22688 58935 92008 47796 15523 91563 17930 14338 17125 36007 73548 17399 
11631 29708 52256 30931 95274 48067 10665 72112 42114 21161 11782 35460 66325 97027 80794 33580 68707 59245 1909 23943 
47094 18787 20880 17117 29423 24565 80588 87685 20034 51689 82045 55690 22318 1018 9501 72625 73036 81569 33396 39088 
35762 98292 14827 828 85174 70697 88709 93687 61006 39132 29595 50928 3046 13195 83280 1982 37902 19893 6540 7465 
78458 79836 36579 33165 89577 34799 92998 1689 30922 88906 19774 85855 32201 81268 76172 54721 82926 98587 68857 26179 
92771 24488 42231 54366 47827 10270 30461 96367 69981 92201 50586 86948 30891 96380 29881 31483 37953 45956 2805 76734 
5109 39583 97401 96990 71782 57720 62897 23435 81117 27671 48752 86976 23823 83540 82815 7670 12190 87506 67236 29680 
65934 22708 31998 69127 31755 85998 89738 596 12874 41738 21523 27213 27770 6703 96646 60640 89329 15838 75238 86 
57091 12738 68855 30485 7442 15636 10550 15148 43409 82786 64445 53245 78224 44328 86273 84530 2898 74885 63740 96081 
92073 6107 15063 77134 89245 73765 94126 54955 7187 91790 89577 20500 62112 13845 90333 86864 92684 82476 22717 55940 
11101 99115 28361 50102 92046 88287 29518 98185 5007 59370 42399 54957 84618 41670 94919 86567 22907 3790 76000 69472 
40386 60292 41783 9905 57098 44303 17621 62437 42013 59807 63156 11315 74323 83288 88067 47931 69610 22938 69183 19899 
30016 45370 51739 76306 78190 73279 81285 90753 60310 67051 11777 97768 28903 55946 35928 55864 29696 54591 2064 50887 
89701 59409 37578 95538 593 85233 53225 52677 5781 56697 78726 41525 40378 45866 41202 48636 49617 47024 52024 73112 
73801 31105 37084 92020 57705 13372 66380 62869 2006 42455 38610 5438 39871 31119 2001 18780 8348 64343 78980 50077 
18324 54880 5149 72741 51076 51379 5816 60303 37133 80031 5959 22357 13776 36405 73892 10571 14751 22012 92233 22302 
19649 63733 67947 72 54009 62091 47149 80567 50462 827 74273 30521 84716 61121 75687 33405 47631 34131 41502 7989 
48940 29988 12015 99173 68614 20738 32758 32632 39393 29312 776 88422 93658 91082 33856 49125 5081 80449 93801 70926 
5102 94481 6430 38748 43139 81383 77793 90501 46846 63035 83336 58671 71317 91145 83551 35685 48812 4878 90338 74231 
70906 7256 96336 80569 26319 393 94708 88958 45461 56173 19313 10314 48095 79352 84384 49483 23950 34713 13941 27302 
7023 49739 79569 36595 39994 83065 52017 44501 26419 120 24573 20001 95664 51195 91631 56189 11592 53821 92782 47584 
14507 44208 22067 64657 32629 85387 89458 57057 58810 17912 51461 59752 40482 97269 19021 42011 8462 65862 68433 63153 
76921 41818 87329 88409 75340 85081 86680 34425 8584 37439 88599 11584 13867 35671 41418 96546 47842 96845 73929 88351 
20284 34319 87618 93308 91647 1445 61643 65350 44326 64282 36769 67669 778 31307 21213 4961 71124 20721 39356 14862 
76139 82035 53076 29658 6342 5194 2089 91550 63027 55080 80196 56675 28242 52613 69292 5268 39160 41419 57653 22278 
95647 91301 15600 97205 33942 66020 40816 87142 35495 85621 7395 73817 83094 87235 76001 40439 33781 61152 54532 47650 
23753 42009 76412 49847 84111 64943 68348 16269 90535 41691 56364 73338 74446 26659 89494 23452 75830 67116 93346 39925 
13489 31792 11632 64021 25725 42235 16239 36943 23320 45934 99263 85859 95782 13158 28815 97030 47585 99420 73765 76379 
14303 53238 30563 10545 58901 75783 33000 93287 44125 54856 86287 44313 87165 48385 30243 21425 61312 39009 49132 90489 
56128 49974 31523 4847 63512 22268 50091 58895 54669 34547 74680 37757 10791 84387 1425 95971 88362 94513 17440 67489 
73991 86290 67505 23863 78273 95710 87259 61926 35393 55146 88240 27347 45809 27133 37323 38056 60125 68530 11388 7423 
15999 3236 49321 41919 49962 15577 43771 89008 14867 53778 26368 16626 76700 54159 96719 42049 7595 40462 90792 6932 
49501 15693 93394 86595 84950 21215 42400 8724 41394 13623 3406 29031 5199 36574 7031 23124 7435 58664 89260 63460 
34017 86175 24707 66915 96610 18545 85507 85873 25971 25842 60311 52782 25202 2906 15281 57662 3940 34289 26042 73927 
18154 18791 50269 92973 51850 48490 49657 45498 5425 43135 23390 26790 61477 69874 71778 27597 3203 4957 61290 72061 
72414 5033 17100 79870 79032 18027 1987 85598 35771 30482 1303 28705 78508 51712 34644 5249 27115 46696 96893 72373 
78789 30794 56096 15703 48390 34868 31044 76550 14070 8207 29415 36893 60453 85226 90733 19094 23314 39664 55546 93858 
41788 27663 73578 37026 60452 78185 86522 65635 7027 46696 82304 18053 81215 57359 48326 83037 96351 66119 29395 83936 
71666 35758 18774 24266 24168 35010 72635 79761 13096 74654 58702 74814 32561 94613 761 47192 60311 10146 99319 10190 
4065 49899 24168 93967 16537 29470 74383 96187 33012 66861 80547 64529 34915 35135 25529 46532 81579 51005 90891 2190 
5477 40729 94742 73436 22753 17366 69608 61028 80728 73708 55731 5587 752 446 31785 39862 74956 35151 88950 15982 
739 59249 20152 32847 73288 20365 80812 78777 9031 14812 64735 17880 81149 55145 21439 25211 8058 22364 38458 9256 
41418 36135 7879 31548 27196 68327 35291 95473 43080 71844 45965 49263 8508 29074 2413 84362 29642 22919 24779 1527 
16848 44425 93769 61319 75719 30771 13716 35941 87010 20073 31379 21096 51220 90678 67182 12472 78470 22065 61812 22007 
67584 1376 57398 68432 78143 10424 35372 44302 82920 63420 58565 14735 41213 38569 18613 89352 70629 51179 11738 83165 
69642 43241 60848 24387 94212 97732 72881 50660 296 43795 64698 1937 43979 71202 14735 7317 10332 73985 64208 93827 
55266 26110 99976 13656 56417 50713 59745 25254 50396 4506 59443 40753 14932 54324 90969 88632 14945 24280 97263 46551 
76731 79984 7348 75129 34656 24743 90816 32267 42375 33544 82361 9886 56833 27138 92732 9049 32928 7328 81695 12952 
65522 96308 91569 92542 57704 82750 80564 98572 69073 37068 13423 96209 61805 99332 62290 15448 98566 94096 66548 81302 
98741 80490 63699 33761 48034 34289 8594 47108 26690 17978 11082 44658 21284 96844 68062 90854 2146 63544 23725 86767 
19146 21004 64524 86696 88830 72836 94415 32844 87991 14444 97528 89360 25099 20412 98156 55884 55592 10108 49110 658 
14239 91830 77400 98642 42216 40393 83935 31029 53476 73615 26777 29308 11914 75648 46891 30860 58865 50169 19039 64592 
43483 61274 83820 92471 23437 80759 37557 78049 41239 39072 7639 33138 83394 21659 96759 12598 19410 10311 66954 8666 
16221 82869 66615 27502 87318 23447 78521 78280 47293 69090 3680 16369 45022 9294 55276 96294 35416 4491 66645 160 
72910 18592 28397 96008 7592 60796 2740 56285 44375 38286 7718 63304 6310 83863 34134 17465 68974 23012 97522 73877 
86940 47680 25532 95104 85683 25029 79151 31828 26815 90459 11248 54367 26851 82754 36644 39392 40598 81036 95866 61478 
95738 78466 69316 26126 54113 79769 64275 49603 35053 67189 56817 46604 96262 87885 32217 51205 63702 94592 15436 80718 
58050 19766 98618 20690 89608 89895 44145 64403 40920 61315 64499 18612 55955 55355 2411 94966 48252 26519 45927 33822 
59780 75295 59665 67540 8434 59275 93454 63890 83574 98611 16221 33814 53163 28861 25328 41346 17897 32048 74484 42606 
94873 68238 37870 1156 94360 57 29045 18560 92111 62833 7574 84203 73156 18854 69702 89355 18538 45402 36878 11533 
53808 8862 83650 57152 57502 19927 93445 67870 95731 5614 1468 12394 28913 5178 45736 7986 82823 25073 56213 32448 
90231 40510 47603 10702 26514 92798 48315 44325 23394 43428 56080 9463 28933 67266 87981 55976 7339 15369 40770 17793 
27701 30857 80431 66845 98883 55847 12763 60447 12965 47003 55537 39330 74372 56089 24238 26400 78915 31031 26108 83285 
25578 28960 5399 57127 45545 29633 65993 43559 58626 65714 63702 53261 89075 46102 43921 96745 41564 42519 21747 76973 
21647 23460 64468 19343 67716 44936 65810 63956 24580 43117 55620 62242 94873 98495 45199 28354 21313 86566 19933 35044 
32896 47672 85486 42245 39005 83370 68569 60326 65319 81339 84573 80672 55815 64855 50967 44357 18303 76702 70223 56300 
5961 22291 22462 7765 29109 50128 17385 71001 18457 400 94179 19106 6221 66928 52282 55171 90559 23931 87633 94681 
92175 52283 71144 68365 45642 95588 75369 443 92350 2353 6032 66982 78711 34152 35119 16570 75059 30988 63130 979 
8002 21925 65941 95080 90968 29353 52905 95453 89942 97473 4283 29536 74198 77073 70422 39554 27896 52299 53555 60461 
36793 75595 29699 79517 62283 90155 24466 33858 86547 98600 33021 65241 87642 20526 2809 47474 1038 49554 63754 38478 
98191 7265 99273 58814 50463 87390 98545 38148 18023 47623 3824 91763 79990 39356 44891 41620 18099 1792 86729 79334 
75211 73314 1591 50449 383 18450 18244 99423 42527 54793 17416 66676 98594 63726 88029 9313 67433 28002 98620 38032 
67686 41408 8554 3151 85546 73191 61860 41482 51165 8710 33556 51989 41535 15530 60795 87567 42010 78946 10007 41359 
3938 77559 99088 15647 60483 33116 12581 94139 10358 96289 38915 95307 46666 55728 59561 24356 95604 81387 25829 25445 
87944 60540 23363 93426 47222 58786 31337 99518 20632 71547 20873 14269 71836 30032 26207 27248 17884 67683 4638 14566 
14187 32746 29670 79584 48051 8217 4771 38224 40748 31126 94159 61207 28987 97020 37604 81247 89579 54144 90778 82590 
83321 39941 28377 16871 92120 78058 69403 24598 99330 37445 23937 95341 47670 72252 49179 58482 28650 89193 54246 7608 
50226 53091 82505 18078 40006 22279 38321 18818 84638 8276 30368 95697 474 63068 99890 53888 99792 99630 45783 72309 
29043 59518 65137 68409 12183 5866 10227 39435 64436 59723 989 6288 42275 81249 38036 41457 4208 12614 21934 41620 
98364 57200 93433 80776 60319 29666 11933 75646 53921 42887 75262 7333 74074 12991 91287 90094 43316 95147 30159 62087 
98174 26074 98506 93268 39109 6390 89898 44360 40036 42774 51687 57788 90 9357 77701 53210 32007 41273 7878 40064 
89772 52528 74034 52418 27583 89177 49315 95830 8484 94375 11721 61489 18158 13375 93576 53282 51141 41895 88897 82303 
1907 24015 99813 43077 28823 37825 8325 77306 1024 55621 35970 30756 40927 11822 86719 43236 75908 19149 85141 10073 
36867 87469 51890 81875 15665 80452 2304 56341 83253 41061 43146 80448 38108 20218 70974 56542 16974 50129 74841 82230 
86677 23281 9633 37961 78581 15218 28707 95063 36992 55780 16451 72047 31897 97612 39742 85585 11337 15157 947 10433 
37267 2328 10747 8896 29066 37941 43678 13236 51330 88061 49679 27779 15787 86437 64213 17311 31682 29589 5001 23572 
23029 97849 18590 89688 16071 60243 17513 12575 46792 76115 40882 3698 60811 26063 28870 34587 69301 97162 57747 99369 
42745 64664 59763 86271 59360 95246 33379 73619 37733 50863 28386 5186 23176 84738 54626 9439 44837 55287 68537 86377 
58666 50166 10966 93682 30195 45753 2476 80897 83674 295 33241 20142 22199 66434 1820 9468 85009 64607 84127 87278 
25745 46677 62788 40223 34817 38862 42875 16862 52797 40579 81848 8465 69170 18391 37522 10396 41880 62071 48571 6910 
19914 41460 57179 92654 29504 97918 97305 62950 94084 83721 49723 52202 75928 34849 14662 31263 28378 97364 33400 99158 
58124 47136 92353 45163 91688 16124 96487 3863 62289 51355 67495 89161 15888 5767 93456 93203 17484 61944 80167 58976 
93281 55192 42973 29425 3283 96576 90011 2137 22867 13289 32827 65477 23641 35185 35505 56873 71591 71951 47096 97201 
26651 74334 18434 25646 94446 92766 6628 76634 75784 9225 35099 67679 97016 97793 5267 3974 28801 60659 85934 45608 
5836 8210 24653 4799 454 36389 66670 19846 88178 29838 31663 68093 90970 75369 84147 55810 79092 19043 11525 12260 
29702 99238 57763 2399 88635 65287 727 79151 61077 52027 20870 57766 31465 96922 27008 63762 14783 62047 54553 25488 
29655 15035 94268 49300 24760 30637 26425 24521 2026 9773 85411 78333 72133 79163 14187 83341 4138 58489 19169 60595 
68144 33025 1972 30672 20004 60987 21564 72932 77766 27481 66287 47855 94027 18316 89892 8849 32572 84206 6435 78110 
46486 26357 43797 62229 32711 74118 46489 75385 69508 23809 24183 82986 30159 84648 79867 4774 86665 21318 30761 82160 
73686 61118 64403 39997 84770 48346 52905 73608 48875 461 11873 74841 54486 74764 54469 30050 44848 71089 18211 4203 
52294 96345 23493 7826 49699 42716 89247 28260 50124 32633 66185 82201 60310 89299 19809 22841 35015 4998 91208 5583 
91313 1812 16824 8311 82364 87792 88197 15429 9529 14159 41197 46551 64203 80754 33130 4294 91603 961 30761 16606 
30030 3919 909 21944 45030 5785 85347 27260 88700 18184 1898 24219 49480 95781 29308 29196 46049 47586 23749 15560 
57004 55615 52939 61023 77935 87553 28680 28139 64334 4258 22655 29956 86315 89460 26473 98420 70 43972 36654 90859 
83261 34585 90871 43590 2503 52158 44575 28615 89798 33390 35685 17308 59163 18341 18530 6459 48942 20675 49894 29732 
49593 8766 31522 61545 60968 68040 31208 20689 29159 68991 38404 10559 40610 18604 97830 66454 90853 58691 72607 35936 
58136 74328 87742 19683 72399 51925 64373 73874 57084 44792 81514 87117 68228 10498 13249 22219 75106 33168 90165 30417 
59788 48176 10449 71637 48778 39042 87421 6692 76512 86377 11804 75586 12993 97858 98136 62037 95948 37879 14761 8637 
96246 41725 76594 43862 32218 35558 3508 9056 15031 4059 27687 47630 73448 17084 59769 21687 11399 21290 37525 19912 
92594 33298 18615 27437 94496 37173 96988 94710 74189 99429 73704 94865 8215 22283 64284 7141 76003 28377 48006 32235 
60089 1562 62022 51428 37112 99525 63642 96700 77010 44820 77568 21990 48715 42854 23350 94892 40414 45142 4350 84969 
49643 73910 80042 78772 99723 75875 40559 66697 17364 36847 4017 28634 37349 44853 27799 53695 13133 44869 64700 65104 
74001 8797 99647 42744 47554 49220 95861 52188 44057 42848 76011 14094 11233 3205 2165 81181 3740 75539 19055 95762 
86782 33269 57330 41926 82882 59142 26625 64294 51681 73305 8949 26523 36257 80819 33158 81022 94987 21552 16955 61591 
51700 61184 59027 44975 6724 48967 49501 48998 2226 23382 75720 10706 26770 83502 88735 5496 16361 9379 44682 46649 
42473 11400 41753 36772 85759 73339 89634 92313 83583 73249 34908 69796 58009 17051 25913 83450 47812 36743 88379 6714 
28323 35328 53572 77419 94923 49320 99401 2721 68352 15405 87573 2636 22089 11267 87225 68431 43690 5822 631 4728 
10121 21263 70741 1176 3182 47407 56382 34516 68524 62714 52931 60346 40872 17584 99102 73798 61269 65934 66672 43554 
88326 71363 28257 10039 13618 70905 9929 68091 60690 81119 9763 16199 50372 48294 54687 14158 19391 61810 35562 76633 
51924 94127 55156 14889 32312 47206 10088 63770 22823 52709 69619 4993 18837 70890 88317 51485 24495 27269 8688 487 
10820 47553 57767 9181 67894 85462 87087 43562 65457 68907 72813 6539 72303 18852 68274 41596 68448 28281 88091 13930 
74624 23398 93701 50023 80417 33975 67535 22901 87549 64014 19647 27124 96423 26549 86498 19610 47502 3087 43930 57385 
13441 5340 28758 26515 40879 61685 33592 37032 61592 41356 2362 19111 24911 29581 43007 75227 30458 93517 20278 68673 
25019 51503 48841 33967 38426 23361 9014 12505 44046 32820 93367 23899 18246 16852 22482 77808 31783 25418 51532 67164 
16035 81955 61058 75788 26378 41434 45103 82960 30222 80912 31502 9796 39692 4117 92285 69276 53199 92458 74232 36161 
58468 22214 81201 66224 93051 28324 6505 29987 25027 39096 74432 65414 90791 3201 53406 10486 51537 61709 14743 25235 
45384 71367 23465 98731 31616 42876 82952 17024 66153 86026 84192 7340 56128 82835 5614 92003 5578 1236 67582 370 
27139 52784 80901 80520 10305 9720 74844 7351 259 1389 4974 91303 97753 93019 15986 67255 79769 26646 38754 56121 
98418 8430 59812 77673 96327 59941 44803 10556 53244 20504 87441 83294 22268 90815 27594 51403 46389 71725 12249 28540 
73180 39862 22333 7370 20962 55334 76976 25361 46691 26501 37409 41729 76787 99875 78383 87988 68875 82218 49471 22524 
72609 30896 45445 82495 957 13730 6894 7503 91562 60812 22991 68972 77250 33294 5075 31327 56469 6114 91285 80115 
50672 79544 30138 75000 68035 79931 99985 36049 41857 81779 77381 75254 27720 13701 43364 42473 70692 872 84625 33941 
84501 57254 11913 57843 48474 31855 95504 19177 91345 94289 92878 78595 85269 12816 68774 78822 49989 68975 68248 64825 
27313 72483 17111 39365 5799 12988 96414 42530 17143 92973 3225 86491 48645 19438 39963 29710 58109 34293 58802 13423 
85070 47839 28808 95145 92880 68427 85175 26760 66537 80348 70481 1983 22903 58089 40390 37586 83552 42539 97712 3256 
60691 4088 40618 71392 82891 57395 55093 91015 44284 13526 93369 14037 16392 22299 99979 7487 61314 3984 46216 15840 
59826 68694 85614 22536 68876 36545 81458 21724 60391 1934 8563 47448 25795 93539 10186 50617 43719 73708 68293 83156 
5364 90443 33733 49638 89607 37425 68934 41506 36591 26843 47628 89915 59429 70758 31942 60092 7968 98903 96307 99296 
10985 11155 65219 92594 5654 96309 54273 11975 12013 16767 89728 30126 70032 67872 12367 63868 87867 73574 95744 29227 
47856 68453 61656 60786 24373 42797 75738 92577 74111 21750 97666 73078 45148 29979 41441 11269 53195 10857 78790 51202 
67396 52706 31720 77472 61712 88395 24948 55887 50701 67115 3082 97643 59405 30337 18348 63822 55601 12191 12696 76544 
92299 67756 45492 30311 11399 71541 8432 52680 16030 48000 78730 94528 33777 76639 63605 69740 55819 74073 30171 73893 
33773 27732 34193 46397 45694 67570 56764 24813 58686 66098 26338 4661 99023 17557 86257 93530 94395 25045 74914 40349 
97771 48052 58718 8892 18951 26498 19941 8372 20470 43935 74751 57540 65886 70846 10476 7611 85193 73449 61112 63927 
17420 16486 92296 922 84734 34104 26004 83213 56023 21332 8466 17491 52413 59060 41845 1328 90185 90090 57978 5050 
69144 48585 6880 89910 17808 42351 60220 16305 74613 34268 12888 43508 4178 23949 59550 39013 81211 9651 14381 69012 
8199 96732 15304 35928 78134 96769 11372 5995 41233 60820 81966 45043 2030 82583 39242 95766 27904 61097 71310 65577 
86340 77041 54901 58204 49844 89639 77554 9295 73577 56077 32864 19334 80629 51067 63468 934 44169 14368 67674 815 
84492 2740 8461 94708 83678 65245 97847 8929 39578 53671 66392 34547 35354 57734 22614 90666 39642 54670 89435 22413 
3298 15679 61346 50368 93317 12210 50978 73115 19692 94419 77610 44363 58923 23823 79781 67688 93230 85736 36526 77680 
84660 79974 10250 25408 38059 9865 33445 96097 17243 65046 6301 74993 60622 15289 73291 51713 61862 73059 79586 53163 
8831 83156 66103 20628 38762 61174 83222 51352 78367 54410 34646 39270 13825 29361 7055 11071 69734 55347 48611 6299 
41713 60129 85460 62843 43638 43485 44442 22338 34464 86355 431 83223 98552 38714 48834 79680 6700 9673 72357 11054 
65745 29314 98285 2907 37735 29311 40689 16255 408 51327 14664 35604 50130 50990 78858 56236 93321 41543 79235 18359 
7801 26704 38355 58082 90941 19128 34105 83588 54803 397 24093 35516 26434 2850 71604 93587 26078 38137 64493 36141 
53710 12780 64101 17165 75666 44041 9789 87490 19520 57933 88598 27215 4178 40024 25927 15141 97050 86860 52337 37389 
98599 38557 54320 33065 35695 47515 73416 42211 44293 39363 1503 48021 81958 81954 98264 30274 68717 46275 30698 60179 
54249 92206 58487 91512 595 60177 43101 45093 63833 26137 52121 49651 67598 72497 66720 28559 12090 59622 46552 44834 
69930 44484 78011 87484 39889 76167 29314 33689 76107 26676 36198 59783 95923 48497 34605 16209 78652 34765 50492 59629 
89609 39002 91310 15901 87250 38326 33208 27261 50944 26888 8085 59922 11474 56957 32395 93238 25933 52905 77561 63026 
96385 70095 57188 85971 78277 45829 97852 81999 69413 69430 30886 52906 59130 67649 78568 7321 48192 24732 12758 55046 
50613 67045 96260 47778 58117 98492 68150 51685 30372 71974 52179 74606 31025 89901 83231 48485 46331 73249 15508 1589 
65198 97394 37857 30903 80661 57639 99092 6643 39982 10807 34454 73824 6135 28134 20887 23652 53724 45266 6527 37102 
4969 31882 41215 37266 38677 81803 55159 9017 81376 50440 23613 44359 39815 86636 12175 74979 15702 36545 77309 98003 
26041 86245 70240 13720 36150 35492 86106 77347 90884 37314 48168 254 26006 43738 82379 97593 69224 36448 99422 37987 
30399 60147 95920 41744 49182 50568 43154 59844 10724 17374 85924 30963 66981 95842 61031 56142 36738 11273 51813 6513 
66976 76093 34338 3925 65305 41541 5275 68766 79158 55352 30042 79481 73663 10415 46665 60985 99975 85486 76044 30070 
75466 33514 94558 38490 74286 28550 81208 6626 6368 67630 18774 81229 98152 16965 14547 17755 68140 78682 78788 79347 
99809 52570 92325 4141 23680 19944 66009 48752 66045 44114 23938 93197 84975 95851 48632 39966 39333 44325 56478 69887 
89511 23739 65884 92697 44026 1167 2909 86945 63484 87798 8160 70032 76017 81446 41569 24138 8424 79345 54059 40507 
43302 27677 50062 36155 76908 32710 66123 25109 25365 18538 68815 25516 59166 15599 8487 87140 52451 58341 16524 71135 
56790 99876 10265 63818 30702 11873 44821 55640 64205 27250 63221 28883 41494 76242 95018 93512 75190 89801 24116 58155 
88722 99861 68680 70662 98945 34902 11470 45992 79797 86382 89139 94989 17290 78022 11625 73271 26837 8288 6773 54240 
23639 26683 74355 84325 3579 37127 47454 14673 71101 12975 14538 52075 49550 99188 20401 12058 59275 60683 58618 24329 
4343 23580 15511 82419 23480 48295 65047 75986 90529 69054 10445 3112 13297 53658 21694 86039 83750 96398 35345 82912 
17239 26210 54473 14354 67421 54197 81803 62858 88814 79597 41537 11243 4321 89833 62800 37730 24848 56084 26834 45849 
71945 15258 1132 95848 35566 75178 11124 53909 55634 64062 47208 95534 68056 19369 73911 71069 1639 11481 3501 75335 
50848 25929 15704 61941 26445 55351 96577 39992 4847 33026 60886 74225 40387 94827 63399 20721 57584 90766 76369 28553 
27863 57570 11762 22817 54986 33791 22874 78612 79074 84306 62463 5351 4047 34595 89565 13954 8230 2792 22540 41262 
57505 65118 8578 95646 65909 71263 79172 66596 24830 12092 66348 79288 3291 3803 96665 63317 24258 76781 93791 89377 
19719 92729 55659 10087 81669 13861 29449 23775 17764 32986 10264 4998 73523 44409 82926 95166 51166 76395 612 57214 
27860 79174 5670 30678 21225 36749 90019 2276 95812 36542 25428 51164 21087 76736 84930 17962 56853 82361 48842 28040 
31166 21014 78724 26606 47846 24512 1570 28471 22852 88197 33653 39733 61104 6410 78041 84388 89402 54117 60538 44675 
20104 4283 32934 25334 75983 5215 93700 80521 46820 98880 75653 71214 40981 45475 90812 40228 91515 8371 24925 64103 
97717 69990 95885 79912 18707 49110 91049 56997 15056 93969 78735 62258 72132 42834 97711 3471 70839 33604 32723 93898 
14017 94258 65997 22615 42703 16788 44861 69861 78453 88552 14444 73639 8169 99514 71615 11535 82449 64628 39529 88785 
1398 16386 30250 74750 2880 24617 18604 75389 33535 92579 23762 83121 57468 47368 71646 73422 84833 27377 53402 58463 
10013 71096 98654 95297 29423 8075 70863 16845 62785 42693 66402 30643 78394 86026 22813 88109 79317 32223 71627 11747 
72640 65866 68385 12945 87598 25388 27023 96051 88810 3505 16328 49624 11866 3193 72790 96813 52745 96080 42468 85559 
26737 54696 92508 64134 36765 94922 90556 50872 57451 36592 84905 98009 28303 99102 79048 50664 53440 3354 5960 59181 
5521 723 19123 60724 91680 33135 79249 33463 33288 72114 69398 56183 70673 74773 46529 26631 96324 45744 13703 29716 
92636 78238 43899 42560 3718 30392 3989 58048 91138 1936 81905 5146 28202 3588 28099 49087 48265 33614 24241 32324 
86636 8867 69477 84627 90777 17244 63918 67004 28806 4870 49096 67896 69459 1732 63164 14446 5615 8477 25718 57002 
13959 64052 22677 45140 58009 17676 43305 2223 17185 51688 83522 9507 59941 41720 35266 8582 98426 97149 96772 33335 
52878 13303 65210 73753 60612 39319 26188 66139 5756 92147 1998 17 72307 49701 99553 30278 34237 79357 53675 99336 
10857 3381 98245 89279 24807 13729 98072 77033 95426 7136 92713 2047 67547 29573 58455 5599 51448 26040 89181 23737 
22337 58985 31739 89979 90450 10080 82183 40469 57650 20033 71569 10390 14252 84068 22056 40065 6938 36339 52825 86397 
94151 79631 14290 28208 60355 70932 54837 84054 17842 50523 58148 86549 33260 3221 1211 56069 64997 12522 85686 60007 
51490 21179 69563 12534 37261 26128 80065 52784 29287 72134 44932 70922 24504 51868 70857 48097 56598 32602 38979 30316 
61499 26415 24700 21070 38882 10720 28209 38605 99658 87756 38777 84459 42570 2109 61418 46696 17011 56274 32946 25189 
38036 71146 69298 48425 20997 43168 31405 43395 261 32283 6339 53639 95955 21202 26457 61733 27052 50025 9 19099 
53043 98429 6688 76442 53078 9417 96160 5001 44673 2772 25987 34625 90785 77893 90875 9406 20995 83771 39006 28071 
40787 21852 7568 89077 25225 19159 44436 95177 28082 67515 22765 21417 47107 94741 45996 93134 77251 63497 20688 80113 
93518 75377 91943 68105 70616 5457 93482 34548 59170 45042 3608 99495 67629 8217 37807 38358 78386 95613 8962 51292 
69384 85131 13390 9476 26449 66976 52053 57455 28323 20194 44625 61481 1033 84280 30583 92097 70620 42466 85364 82552 
32690 42978 47729 90510 69771 68327 82892 31460 96356 68791 66901 64309 98298 26560 78526 4732 53918 6897 27479 3589 
97306 27386 60221 66548 9247 18308 88142 41814 42132 16242 84329 17221 24785 70038 17037 77909 83478 300 86171 18260 
34170 68212 49149 5445 1988 94686 98172 11069 16632 82127 51498 93137 33341 7553 2324 29744 61720 62135 37784 85422 
26903 72772 70488 42717 63830 78540 32961 86217 91962 76965 56131 45687 9822 67192 83378 93850 71187 31409 9884 37748 
35699 5899 13384 65170 19801 63 87747 42519 34390 86203 3046 99500 15153 53272 69875 29365 27325 98029 96704 20912 
45879 290 24201 97541 63362 77962 82669 33026 36635 74828 57201 78457 94607 30682 30672 70400 74573 2485 83834 13339 
58315 62197 25754 89843 25388 87583 43514 34144 54448 95956 21800 32186 27494 47377 2933 11562 38218 91782 68538 49898 
98083 63561 92542 64060 60450 26298 55815 63589 56949 71621 67300 11330 3214 13404 93001 26132 10105 95024 42562 60432 
43924 85800 45053 62044 84371 39067 18707 83518 61915 27751 67247 32397 4260 51917 93035 17534 37311 44079 21529 82693 
1328 88353 74434 72929 52913 4088 59920 97604 45426 2073 47170 15040 60481 75898 76871 30204 79761 27073 60902 32437 
11181 2267 43108 10135 44507 29156 90385 63496 72021 27703 82842 32324 30552 55243 6359 78702 14626 39416 50635 4309 
95316 32303 82291 77553 97042 17022 43456 57263 79928 3725 51671 58103 62975 71964 53777 41839 72268 81782 81062 61633 
8185 85723 76084 32215 20403 6651 36537 14912 47104 1782 49364 61133 24515 99649 28067 18249 64208 15007 44069 37514 
1632 16760 34803 5760 54247 67729 53398 75460 37626 43825 58780 94728 3449 21630 96330 18694 19394 81170 35488 83514 
46965 24648 29256 83470 86063 95677 9790 14860 95052 79952 97508 84256 63952 82380 9527 12217 5887 93944 33836 25901 
38227 25384 43398 31903 92416 90402 32216 35505 8846 39179 59933 83413 29541 78428 30948 88283 68390 23234 44591 42254 
25878 78307 68461 54325 261 3350 56449 72648 14972 80981 277 98464 81854 47856 78190 43841 93678 36937 81385 53299 
91300 31857 37423 40168 78783 29102 59733 76818 41357 32353 40760 1386 81438 21528 7427 66848 44978 23206 24518 72691 
73363 86825 93175 94700 64773 14368 39624 9312 32939 71837 20686 67601 32700 55746 61469 69119 91666 73676 92005 92252 
2304 91671 18585 42931 73934 6306 83976 1222 23518 72001 69691 32997 19395 5873 1089 63974 13045 76047 64210 46725 
96767 4724 97448 47179 81604 53548 71284 24776 45590 21386 22055 75103 7558 37746 94675 19288 68649 18332 30969 29750 
25271 23820 43757 29935 64612 62080 90310 10489 90917 84772 85242 36979 83300 17526 99858 12198 93466 54394 66381 45835 
30703 3074 74675 80086 63518 70781 63458 93464 12070 74154 22566 99939 58055 45857 21384 77453 4896 60572 76671 72965 
31716 14829 43137 20041 2733 79202 21440 3216 7605 46867 70572 62082 43035 26308 66356 88116 57110 3874 17828 38488 
15760 50911 74046 43188 20794 21402 15146 60728 52728 23616 27627 35438 62819 73656 97843 98912 39525 27387 69446 74734 
88805 78020 52547 21279 58656 7350 18827 71511 32354 96508 15651 45015 78375 5476 99773 81846 33346 15706 66600 57955 
45576 44631 41748 81149 77446 41035 57877 52522 77860 78019 67326 33511 51170 98614 22818 29253 28212 13672 26418 38244 
3678 92882 36719 54681 47343 5816 71237 84384 35847 50985 25353 11305 13257 69581 36721 34073 14012 97392 84485 66905 
86239 53163 74159 50134 3564 96544 25073 31684 1168 56361 70520 94179 93606 52724 58619 42072 34781 13930 3666 37641 
91285 99938 52857 99486 54027 4674 12176 38319 93184 72281 36777 91376 81401 23357 73828 77518 6876 52129 25627 63032 
13484 17399 25705 70881 69369 54356 12174 6369 35247 43190 20982 24145 647 28846 41166 86453 12673 152 7532 52133 
38128 28066 56770 72546 59630 92501 21572 56130 63737 5931 53809 48021 86297 5121 18177 95757 25637 87622 82766 27685 
95114 7686 73673 94755 5212 67451 18587 42140 37795 79074 26413 6719 41614 88123 17138 78147 23493 62039 6383 74862 
44402 97141 8272 56781 52808 66274 32822 54724 20080 19061 48165 43955 86386 29893 59356 57259 77054 55359 29859 17608 
94986 61308 77817 12280 51512 40679 87135 9540 86823 35094 95119 94264 96406 17100 30326 26035 98814 91023 72582 70258 
28086 60440 91824 27726 18674 2506 34081 98120 21040 15231 32799 19174 32245 21669 83854 96265 65327 73704 96443 28388 
37305 26837 48988 76733 63411 19915 94491 9589 39674 9806 9494 61096 25978 33866 14851 26554 31259 76001 64164 71472 
78536 53815 80331 31726 74342 8042 93377 24045 21385 71948 92842 50282 4276 25681 89576 14284 90443 34721 36518 94869 
89194 96590 45000 52530 93370 64600 20836 11558 96338 57313 55261 56492 31718 11474 65077 81471 36797 1893 73041 76166 
96449 58516 11293 74257 81510 12020 39848 63268 49194 24177 17330 94843 62344 4415 13216 95328 41423 73082 64134 443 
4995 74673 97639 8971 55684 42194 68035 99163 28383 6183 55567 72790 48677 85107 85527 54924 68687 27789 3832 92770 
49708 4171 43538 351 96834 2134 82613 48708 3288 54201 95351 7386 13043 53571 15643 92137 73784 66420 29369 20153 
32799 83916 65431 27760 58763 18095 33217 61793 81346 27919 80833 86033 96478 1492 2162 64766 8539 83857 87179 69343 
20871 69266 83783 37825 56100 69736 3793 28626 60743 16550 58509 98412 97579 51046 36968 87699 75971 73281 48457 43382 
79510 6952 96596 31216 47016 7941 76268 38189 76644 55257 80339 88751 31620 25212 96591 58797 51500 2381 20989 4753 
35534 68738 71588 57352 48239 33507 12523 38530 86697 6041 40860 13737 6 21042 90735 16487 47453 45442 36972 60946 
13936 27794 56179 64126 54239 79996 19733 19405 55965 50985 57858 60726 39861 40389 76439 43774 47499 328 46494 48356 
77074 41892 6294 22006 58776 12066 48073 14443 59724 5852 67687 52693 66832 92411 44735 25807 9645 59572 86941 30752 
85766 3640 10930 79212 82048 930 60585 2517 31046 28274 84189 61668 93741 11147 46872 6587 59480 35381 72765 57387 
81883 1784 48626 76918 49240 60705 23285 60353 16503 74097 47824 95989 3495 66333 56893 51621 15232 34794 53748 56835 
61409 37341 27459 45993 71701 7902 57784 2768 18183 40995 71111 1940 54782 51679 16607 25396 33107 26012 26047 92878 
21997 37462 81862 99837 80825 22051 82370 67079 70097 68975 42048 60794 23162 22571 59060 14228 98172 58333 76854 15812 
69985 74476 23248 22331 88836 65028 17723 75432 34988 78497 34666 4987 7189 94299 2823 37357 3527 86031 51615 49542 
8429 74541 5405 52170 71455 21504 67255 34628 32656 48526 38783 58409 56514 77361 41791 6495 4108 50976 62259 31833 
18854 99701 2324 73711 3267 1634 33421 77853 52472 28673 16243 11962 93387 48813 22735 20416 62314 61858 18290 56911 
11699 48164 27319 37473 44067 82946 68038 53902 50049 48808 10306 55164 24496 78502 96471 86475 68891 34106 32567 606 
13413 8069 41145 4673 18419 95836 46424 23822 82344 58319 37365 23407 58560 45036 61687 34881 9125 49412 55136 65319 
27682 84437 21804 47762 33901 41750 2118 1415 78432 87288 30684 95330 87101 56715 94174 16046 90729 60563 95902 43482 
646 3046 80518 98949 31486 13225 13553 24082 5822 1811 2288 20825 53619 35283 37274 26030 1050 55005 92475 8082 
46973 34153 93287 10107 17310 53489 701 86066 49030 36992 47454 2540 33615 18774 23269 58828 22984 27347 85198 78026 
798 49208 73309 63240 26526 96813 71666 12680 8825 27075 8819 22616 28365 79655 41292 58819 94853 74171 80670 80429 
8892 32617 54004 33125 26723 76039 78011 33329 86837 50896 45191 77756 76516 94594 57959 56325 73236 92688 41523 69158 
75853 22498 96845 42872 87872 90166 99616 19107 14716 40698 7437 1920 93698 90739 71999 35507 30065 40411 6408 85990 
53921 94996 47011 12315 39791 22569 25890 72745 8189 27008 53950 4967 90459 88683 90091 54116 10045 50617 5105 87220 
84840 59830 73482 16221 93165 20412 58696 68855 88282 70375 57935 72769 62309 86464 94292 79329 50101 82415 88159 72893 
37304 28859 1933 5455 81083 80124 74169 78567 43368 66918 88834 85563 39331 87516 34430 9769 69674 11194 63092 99013 
10754 29119 89958 24084 27481 71070 26842 49923 26130 81523 13510 8256 37343 14604 13213 23003 78587 45977 71124 78135 
80120 98691 82529 40607 51996 31352 27752 5108 5634 39446 35926 4817 58801 52199 40893 91670 99840 12636 39823 99116 
85587 1181 90075 69556 77098 15529 89420 157 50238 66010 20691 996 62144 12938 12827 75691 92155 16583 48051 54367 
33865 62047 98126 36230 97041 88672 60579 34382 64971 54280 61511 62723 14566 49687 90515 83782 54519 74530 60931 42701 
14715 36435 43851 40928 94885 65416 41413 36334 80765 90187 86151 28054 98153 1658 25710 36219 29168 22441 66754 93185 
66413 83750 77701 8419 40598 83873 58238 66863 13483 10764 75045 48997 53146 90635 35880 70051 25144 5548 9069 57415 
64476 50668 95212 22427 48124 54621 95744 74019 68323 56228 58756 40290 46816 14838 87745 22452 91785 8419 86209 63065 
22579 48138 29865 91893 87680 61519 46937 30415 40595 82086 60817 46771 14348 5081 50205 32597 23868 93008 21797 42156 
5338 75734 70806 82264 49452 72882 47660 21375 67872 19231 14191 42631 25292 89997 57594 40798 20876 35724 92132 12478 
81700 10140 12805 75440 66845 86980 56164 11609 88345 13659 26104 29613 65514 62951 71635 99466 13757 42407 15307 30751 
46104 46325 32087 21363 63063 19839 18321 14596 77849 76398 95217 43716 40180 79396 38120 59979 40795 39397 76738 79171 
52149 54419 76881 31818 44563 89676 74145 1623 55576 10623 12205 37552 42074 67750 15181 24976 80617 86069 89302 85599 
98356 91744 64377 26314 15972 18473 7810 62300 45322 23565 87187 29825 29980 97783 48861 61118 87001 11464 20966 81917 
76650 83929 11762 49977 114 74318 76340 77990 20258 74922 16038 76492 93820 91288 39463 33689 38991 16561 86050 32879 
28536 3526 31586 66441 27293 39143 24650 7540 57178 28322 15267 11538 12727 24597 90230 77053 27827 2761 52745 48276 
95825 64837 96682 83989 27327 90497 82190 18247 690 39035 45312 68874 90227 53852 7080 19650 99089 82882 67988 40503 
61027 70170 89643 35383 35268 73968 57990 66945 49291 33177 17820 78309 55603 98569 3878 46790 74665 78785 26915 94077 
31734 22061 8713 83015 8356 24163 41478 19577 49751 445 40437 42089 38706 24706 9372 43423 75671 82341 77912 67680 
24132 92722 43796 99027 556 71953 88645 61970 92228 22393 74383 76957 45985 52951 25843 20000 34785 97160 19635 50894 
78070 2795 63026 35190 45787 54832 38119 18866 19191 27976 64038 54821 1370 37079 51636 41274 67182 89114 21673 23934 
68586 19776 5607 88436 90170 89052 78393 48460 64361 54770 16662 35816 65925 80053 70011 45841 2728 91069 24513 24177 
45728 51056 2558 97649 36518 86867 46816 29848 27827 12590 43635 47031 45095 138 30465 41567 22034 38041 62724 38244 
46270 37812 93388 65231 74320 50307 61513 52566 59851 29632 88995 26053 26824 79371 17900 40996 32579 77032 82903 12953 
53046 88151 63782 86381 17550 17506 91643 4193 58963 38939 45287 61972 71376 38108 85175 41645 7432 2574 45655 77771 
92774 18982 96339 98693 7359 95923 74585 60795 93001 4236 46201 49910 58804 31933 2750 7140 85153 34047 51985 43899 
63340 80164 81518 19737 28772 62392 28649 72900 8357 86739 3926 12217 75519 84630 12343 98634 94762 55197 83758 2679 
22874 33315 43857 82976 99626 38352 64550 98075 29206 12401 15472 99192 65774 7448 94083 39379 57448 85611 19601 29005 
60694 8521 97355 81545 59747 9809 73159 71800 68125 8757 96795 64723 33829 88243 88673 80890 8777 50331 85353 22690 
1316 24207 66804 70187 98108 77054 14610 24251 21085 92112 6184 68859 90 49690 33726 10666 80334 65289 14428 80806 
8333 41678 17061 90203 54127 7392 49563 42184 24820 55529 604 3808 16953 13744 33737 24650 86022 14932 46954 49602 
18408 57529 67214 73142 50757 15032 99964 38459 18393 5907 99598 88820 12868 64380 98751 17967 20708 26783 23059 67614 
76070 37048 51101 18750 82872 31664 89790 10065 7957 69882 83057 9071 33175 64637 23149 33612 63680 80232 42073 49039 
77173 18856 94556 14988 64225 93576 9949 15874 38625 19356 83943 32784 118 6675 45224 65776 29900 21241 95768 54104 
70581 10482 2532 34131 51899 86868 94341 35107 4146 31277 88517 10275 66681 63041 68399 57296 12590 2088 1489 47490 
46765 62241 5617 65111 10399 14334 73611 54619 68717 1671 30356 49376 77526 40359 22237 87994 83402 70578 8065 18278 
76196 26521 53746 18022 25545 57579 51395 51761 60812 55177 10460 21852 13130 43963 24392 47946 73469 26592 1725 41324 
10548 63437 59547 99632 3807 70718 69990 56823 16504 79749 85416 72869 88119 77233 76920 74552 301 39635 46032 34282 
23204 77901 20806 89976 25552 42686 8727 91201 6356 24429 6610 51951 51301 14656 57284 25894 47431 11206 94803 69322 
19999 69016 41772 89985 38788 50783 27295 56612 75381 71391 43963 14484 29685 87260 23378 86601 84990 1345 96728 26525 
60309 75709 13263 61463 55833 12533 2785 34048 89278 15423 39094 57084 56421 5652 18434 39686 69390 3213 66531 9428 
25320 270 82547 41337 74185 52766 76532 53891 7753 89918 6000 85076 38065 91686 2167 50606 32609 43172 53431 77565 
43662 74343 96106 48561 38080 79435 76523 10191 65560 50519 34215 65548 25930 97868 20772 15987 21861 21779 87499 37334 
81617 51090 68714 97228 35352 12145 2958 15359 81544 16071 7793 392 1079 48284 94076 65964 56468 66691 70743 99346 
8821 39735 20276 87012 52461 36029 6086 72027 49719 62418 75604 4038 76927 43932 52493 1840 24181 7177 21418 56998 
21355 31334 33380 4975 88588 60274 842 39681 56540 14841 50198 62486 27126 61368 3670 75420 1517 92957 47120 78617 
56914 6441 69731 1038 79007 24900 84788