30478 45371 64635 4865 59876 92593 242 47266 73482 23803 27571 52105 46545 11318 61000 16999 58148 61328 42633 23096 
18022 9019 40743 68086 83660 66769 68429 12850 65436 48238 38901 58196 34214 75141 73408 71815 93367 47762 18600 21609 
59120 43607 2616 59923 43476 76460 30827 37084 91869 61205 94668 65293 60879 63524 81703 80549 9903 92628 49408 98872 
65576 65465 52844 98553 39451 54862 45316 29167 88529 78651 54179 36348 30210 97148 5790 81087 603 86661 45775 37069 
17147 76149 90239 93676 82242 78264 33737 57729 18516 1040 47732 90593 67494 99171 83247 42621 69731 44973 9032 48075 
86768 14915 11180 95821 22576 83338 57215 1173 86851 57693 41772 61113 19962 38258 51655 7014 65942 84480 8966 41945 
63427 32598 49743 81716 51478 45197 47539 59399 77136 76032 74799 72548 512 38815 49535 80103 1532 96872 47767 14933 
58298 1374 28817 94077 42994 66811 17409 32798 60714 14120 78783 95654 27665 21521 65398 24982 20087 45474 24962 27032 
44930 35564 71118 20291 9357 66357 46026 37677 37524 73979 94422 83238 57538 65958 31140 82763 35877 39145 26819 37272 
37198 45502 77809 638 85073 44439 93278 97103 53768 98444 76930 32393 27541 17937 54691 53422 93079 28062 61898 59134 
26009 36572 43581 71351 5488 71097 49007 95300 37898 41420 70418 6107 1265 62832 50321 49853 12641 30511 69124 21407 
24471 53947 62824 85213 21136 11384 51640 61419 51303 7412 99342 87323 50483 3722 47798 53530 62862 73682 46291 98443 
40744 84240 23700 32415 5628 30679 53687 19535 95043 69191 32017 71071 22737 77566 38864 91331 25449 72396 36761 24803 
33096 78911 37491 3315 35834 1522 41791 61117 84098 36511 97526 97378 72831 22502 84438 7988 15180 68841 58183 69180 
4144 41490 84940 83976 13212 12913 92842 53992 98373 61610 17112 80195 53212 79462 11213 64919 85279 64619 75770 45647 
30074 30445 98540 17792 1498 13150 69000 165 84090 74754 98605 32655 70710 75857 18650 58149 30582 75555 94526 45123 
23541 7514 80583 28268 31722 79387 64195 69681 34586 36152 12829 63721 46334 39387 60922 74787 5491 41932 23121 94085 
37930 89351 14003 15448 6732 24939 70795 31881 93082 31387 60212 80297 86775 2069 32708 70043 93363 46311 47430 81319 
98138 72826 10620 74285 75737 96143 7905 24500 19219 23281 5146 44911 16259 70023 12257 31740 30829 42612 15731 6584 
15975 82316 57280 15002 38541 78066 90210 67374 44178 51732 94617 96735 97061 97082 37510 19838 25759 50678 91891 99956 
28597 9644 59377 57629 44580 20510 60584 71959 46879 46676 51770 32614 18270 1166 85071 93290 78771 42746 11480 39611 
40471 16548 24249 36011 41375 16586 51290 84843 16304 1854 37751 91798 68241 9144 72760 14630 69368 14420 14380 72337 
9624 52250 67802 59545 94184 68670 9248 66401 52033 77070 54215 54884 13334 23616 99501 99956 56380 6904 12374 86748 
36075 15479 21248 53694 94586 12686 97336 44355 68558 2622 45043 41907 97445 58238 83019 725 13060 27085 45528 17716 
89410 34297 66959 81903 9822 85356 36529 48010 884 31918 94760 44220 41636 27572 84099 74355 71233 56360 7338 86408 
3359 49501 81763 53671 20774 1865 28181 37951 21865 22411 48197 41580 87693 88120 86491 28137 14055 75770 84061 8498 
43162 40914 96251 26684 11110 12210 73284 1178 19343 28501 70736 59912 45538 42202 79263 14947 59439 4127 89112 75605 
38306 22804 23642 41924 83970 42288 33897 8935 98442 79693 89223 47061 63954 81674 95156 21503 32319 31980 41355 54864 
42440 1184 41950 17476 43411 15268 72549 93636 27375 69824 75652 37552 49139 28184 59549 73906 29713 30221 21720 67801 
90045 19931 21166 78301 6331 74152 95377 93340 7731 90830 95339 57822 64952 17236 33805 64556 52436 10440 44131 58868 
90617 5462 20230 16 58667 69538 68236 75771 73727 11326 51953 65441 58827 52932 7907 35613 52619 75798 53177 72023 
53402 9966 71406 4854 96465 42119 59350 75306 42349 67935 18688 53239 61357 5230 10164 29371 4597 96801 56531 75916 
6778 43824 79018 93020 91446 1911 77034 97704 59028 72261 68004 48691 3872 76589 4240 20683 85371 17421 28554 25133 
82371 34183 18898 41588 31803 11783 63039 42451 2350 94244 85432 9291 77260 70378 52741 18958 27379 23298 1372 24598 
33444 19297 6287 73475 75837 18274 89561 24527 9103 44005 63580 57564 11216 92798 59586 53542 86711 63810 62785 12206 
16295 49245 21095 22500 92879 77611 85866 59946 42775 72807 72882 58601 41368 85712 89306 34503 46018 63678 36110 16737 
91577 18057 82404 92162 14746 49825 54335 5219 17888 40139 25356 6748 35086 59428 8215 90829 58169 17121 39382 7229 
94014 15689 65400 50833 33264 50112 11403 92368 28264 26274 2561 85971 57223 80715 76664 91105 37119 15259 63031 71634 
1295 4112 60315 71124 25233 55348 50817 21370 71065 29962 21535 4074 62918 63585 17364 90536 86580 44784 87064 31117 
51361 87894 10397 27545 52678 61031 68735 93772 34788 1024 8823 81328 56974 82324 78112 9879 75298 48077 91096 81569 
17474 40873 66819 94599 34711 66413 38613 19535 55702 93821 66169 26889 73895 45743 63444 66251 24168 94687 52151 83028 
93580 55654 65584 48217 4190 16659 4143 47570 91353 21909 30888 38187 27526 7274 26037 42895 64149 71294 50620 14242 
1366 9225 26797 22209 99844 2678 10775 30776 92143 71256 59952 95179 83396 37171 63476 71739 26365 15494 87194 63097 
12649 84555 13362 48667 51550 75851 14620 88318 25700 58263 13000 77166 38870 70422 36216 53131 55545 15331 75842 70409 
57236 22005 67687 75096 54252 11799 13723 65973 31206 26885 41613 66776 86801 75943 74287 73772 49040 31720 72007 35835 
89732 67348 32134 58133 52260 96934 65058 60317 43060 31566 18091 45103 22612 49731 21728 48054 45599 90877 78442 19227 
69331 51 70405 64712 92128 99306 91361 91317 24303 17363 87524 28643 7090 7660 96504 98507 92105 55787 7523 74692 
54913 23609 20376 98252 41999 45199 56164 39358 96538 17947 46192 90852 2013 41891 86830 38952 19528 21718 506 71629 
96835 68485 80402 58440 57508 90473 53708 91626 63597 51218 3467 38343 27391 75309 73650 51509 19300 61726 32375 32400 
58455 21010 14767 19406 46532 86131 49527 39287 88022 21285 75005 27125 31850 95292 30189 57968 41626 44288 78976 28417 
9101 81697 93457 13474 93055 48963 52222 9298 55654 49402 91554 39313 8556 85379 79706 27601 24569 73608 50067 55613 
8954 41605 82463 74932 83816 5051 74777 4265 66411 45644 58404 48367 21473 11442 10932 61819 33980 84548 5429 44915 
64150 98758 8171 23520 17110 59100 94827 11645 1688 4743 51844 50639 56920 71139 18100 97966 19257 83540 34479 31133 
33750 78008 39333 62174 11386 52728 83001 76893 34217 89383 31618 34145 31994 6244 2452 18788 61682 3317 60214 19106 
62466 40978 65318 35335 40647 48989 67182 16446 82131 55601 14589 90147 33310 6383 60252 66299 18903 27462 8765 48882 
32964 60193 57664 86576 74675 22205 56428 2803 62480 83460 57886 8564 81923 91873 66334 31675 80601 73842 41155 76577 
25003 15465 98786 42608 68139 33939 80427 80486 68198 28685 3231 55409 28275 33441 44274 70493 10627 36752 13339 42884 
48596 48427 79697 59959 67827 62040 10351 37684 10898 17590 18576 6599 55829 74003 18388 78316 6271 69127 80808 28492 
26074 34391 23983 11892 16707 81529 2061 62447 79201 7683 80609 69272 58832 96674 75966 18030 47993 99840 41062 68920 
25770 34278 97580 3498 4457 27037 52911 3103 51599 90901 2495 50050 44079 34743 60814 34308 72612 34655 71217 25600 
57384 64147 2693 58381 86907 19429 20681 86451 6708 62845 81436 77897 12498 92429 55743 27526 99509 27124 66029 37096 
56832 10959 26901 9950 90935 60305 94655 75019 12075 51164 71519 66670 14616 92779 26642 81449 85599 68638 13528 79401 
87901 76825 32635 74311 42388 2703 54101 24756 56732 52041 61965 97834 66593 58433 47393 528 28116 50624 35552 33185 
23459 67 67244 19049 68967 7838 61864 76633 39607 75080 55438 86014 36559 49319 31008 9711 34739 1535 88994 6151 
64243 87603 52954 42802 75650 12894 6976 38664 43155 34703 89494 49110 93455 16395 40250 91028 19227 55128 94789 48678 
97353 69479 52703 92257 44726 60635 96860 76461 54493 59672 25878 84235 65773 71978 57985 96836 19881 46337 27471 45319 
23480 51823 4287 37945 99741 57865 26645 42810 64888 16001 97742 27240 36286 75519 70274 42643 97919 36407 84353 46793 
7236 33211 54033 12359 40791 65202 74799 49791 82393 37828 15580 8715 74494 49035 33430 93855 88283 83068 64242 39507 
2029 77760 92696 93223 8873 94985 8393 70250 50457 24524 31447 37022 54397 74761 25830 81580 58295 80185 23609 17354 
67572 86261 11761 89616 56451 16393 65536 33547 52457 17493 14472 46396 44934 93268 60553 74641 24685 64815 9292 77431 
87756 51016 10961 63171 79715 78834 76460 11856 78782 3707 61453 58656 3776 95774 42960 23722 11667 36688 96113 48082 
48116 43683 92470 86675 88386 58259 40518 48319 86217 68443 71121 928 47086 42480 73416 21728 21986 33451 30833 20001 
89441 24989 30444 78731 16579 56666 88559 30966 13135 86393 5331 4915 86134 65745 76833 65839 14809 88738 64135 252 
74298 81230 43260 723 82251 16593 72305 10537 34738 43811 1814 73695 38842 70336 17099 17370 76715 52898 4119 54515 
65636 88944 48570 98660 71764 8864 608 61156 22994 5195 79409 53 38521 83672 91041 95454 51521 77004 24193 74806 
1309 16073 75623 95273 56149 18403 29473 95869 69900 86816 7032 87549 52615 5750 93397 775 97122 95788 5855 26460 
99032 27796 33945 1463 21183 33027 17488 21571 14261 637 72975 47162 49895 45821 77694 65085 18519 21539 25799 61008 
68312 30462 92989 184 35556 66058 7145 17539 31794 55685 71170 35091 8832 54026 72515 92163 2329 51430 41002 90379 
21255 88964 26790 69793 88794 31423 98764 12437 27377 59050 96162 27389 34807 23690 81771 5470 74762 37155 15286 89995 
1783 36952 78457 78579 84178 47309 82777 80512 64833 26337 16574 30973 29805 16884 77365 13228 14652 67723 14880 27838 
22013 58713 46970 3526 64015 55809 39946 76843 26981 44301 59072 86085 93538 14566 85254 14352 65555 45921 55420 61166 
15795 35709 42525 28454 99055 56460 35477 52866 40916 51147 43297 5893 50736 61084 38478 51489 85735 31849 5913 28994 
77938 68827 13122 21292 81533 50063 28051 44845 65487 69388 27677 74562 81893 99014 67718 15448 58782 6513 5380 90841 
50584 51667 65332 17742 30669 65532 87268 22060 53913 41079 86210 61070 24728 20296 2279 25379 59201 73038 93335 7788 
13000 72138 6051 37037 44958 31222 49075 4970 23194 40112 10564 62578 69162 36615 60759 76330 75967 70375 97430 7350 
68346 15777 73301 52410 20082 75978 75785 59362 90805 63962 41360 97913 94229 29848 96753 37846 54118 17411 98718 947 
89069 68810 93688 34795 34971 45264 73959 85133 3798 43434 29761 6751 38492 43559 23757 96278 66507 91764 23788 16422 
42305 20687 27230 75485 22857 10890 39694 82469 64687 82095 65302 79654 41061 59970 8291 79916 3129 17870 2465 77107 
19625 86689 26609 26439 15232 61706 9219 96998 83148 20841 8120 10 71006 77580 34251 79296 6700 58716 77169 2824 
2312 52200 72381 57067 6151 86943 33372 52804 87327 75481 52482 85790 93730 55699 74735 86993 62115 99827 62970 80724 
98187 90329 73221 96745 56362 32693 91113 53439 8905 16295 9981 24630 43003 52615 85745 16266 88300 40582 31045 54781 
92225 13767 57236 33579 30509 91 72512 80652 21517 69309 26246 93983 27443 45220 90045 26506 40876 89727 17456 29853 
40506 53248 66528 93418 56242 57536 64737 96395 63095 41012 107 40394 13217 15024 62304 3470 88588 31844 10812 36693 
47250 52399 76686 42790 40682 31181 10105 819 71711 83695 1947 32908 71943 21539 59340 52472 26152 25702 58643 76894 
57853 94644 10515 60176 62032 31137 60291 49706 47607 41601 71690 58179 91637 97648 45643 54765 24990 39429 17281 31455 
41530 83549 68291 4529 29859 13874 14126 82037 33136 77953 30530 88078 24301 51437 36378 94831 73178 806 92489 67543 
71918 91481 75977 96395 34689 17580 1543 70947 651 41758 5859 87764 8319 27197 38549 53999 58942 23693 88900 66096 
29662 69531 93551 79157 85847 85677 53773 76731 60571 51229 62053 18016 61396 28949 51285 42742 56893 3613 62554 47131 
82776 90274 64588 77273 57902 73926 62668 85227 6863 48307 27765 6941 863 96458 85567 61293 66564 98743 88384 54144 
30665 4455 27640 82254 47846 44588 21959 9624 37998 18845 75289 22735 33260 91178 451 37187 99358 62256 26592 16103 
76886 42324 29154 67320 30161 29258 56236 21581 65193 83202 54910 77979 7930 73437 95094 59916 65048 72663 57274 31406 
42463 32435 9349 99183 45022 8044 19756 38286 67915 85195 91381 48364 76598 14223 73056 22535 63174 96851 92423 49903 
67395 60209 43702 93443 65536 33169 78705 86323 42662 8627 68520 24788 25688 58819 55729 10163 81349 50015 97641 97110 
17703 8758 40483 16052 20843 35386 51826 53613 63173 97778 93899 23206 73434 53889 99161 32481 97954 21967 9235 28919 
95514 50302 86087 71868 78209 73729 51917 28369 96218 92099 4885 92289 48933 56585 12346 49282 46871 54453 60006 12592 
29610 69865 49532 78321 50646 36401 47970 32859 4394 31320 46718 53733 12378 88594 50222 38269 6756 97225 40439 50639 
96245 64301 87940 59592 16681 67374 97726 51813 5408 26748 22920 77574 56885 54621 63775 42209 93082 99129 29971 71506 
43751 82824 83067 82039 91465 97544 6114 49179 48074 45265 11047 16945 97092 51117 90160 55903 31054 37556 95354 83058 
63963 70758 11245 82509 4880 55272 7983 37254 54619 56723 89727 13640 38198 12392 33390 95280 37565 38700 26151 3056 
46548 67427 78964 86071 83671 70727 15382 15392 90266 63742 67532 40422 12996 28826 70020 71953 12343 3018 24652 8779 
35336 52918 97695 97888 59164 14597 41438 76278 54598 31 33887 40639 67202 44894 49374 20778 29594 51074 21862 96357 
21174 10836 70181 10864 46511 65755 93176 92745 5949 3452 78210 62822 8764 61385 45568 1963 72822 67323 49421 14794 
75477 24821 57783 2929 94256 47646 74927 89231 66507 1736 55916 98513 34042 77332 55837 93211 56370 63372 66432 88908 
81784 15538 10037 88308 26726 37041 82089 57831 21879 43504 84577 8934 25185 64237 11019 33611 65032 51916 39935 51551 
1787 28761 67243 95315 27803 97114 88952 92310 14509 47780 39625 30862 42059 51198 29184 67742 35497 13703 9554 82639 
39929 65358 69652 44390 34672 3784 63254 92179 92047 95104 64530 13943 13097 58774 1780 47590 58234 41075 71953 37860 
44540 39536 18698 96558 90780 53536 39901 69693 63910 65692 9926 45650 88604 94392 74501 58658 98812 29529 24959 629 
17842 72267 95073 92308 13040 33014 62751 70014 2733 6548 94476 67234 5585 14770 51919 27357 38556 87415 12714 78489 
55374 88801 7283 80529 16443 4344 7677 42645 71705 54727 50675 76525 9294 37457 14532 56883 93270 59330 35772 5879 
31048 52615 58151 62547 89861 8358 6178 60189 74622 54754 60133 59619 34021 7398 84231 31001 51426 770 70879 43360 
22141 7950 79187 48304 35980 46635 90425 21606 25226 82800 49546 3393 7815 50202 24553 16519 83785 6304 91444 20957 
12786 11314 20681 59740 57814 3511 94208 25779 79991 7460 42525 74411 48133 75991 79139 8276 34100 51514 94016 27977 
51205 41273 57573 75911 49753 91538 36098 71695 67190 31478 23988 94240 42416 97334 36690 66732 11421 20730 57323 43400 
32777 69522 35043 43671 65093 51716 45051 96556 57067 88900 27520 62771 85962 1708 93260 85446 90322 49601 24885 66719 
76064 91609 24283 29888 2050 29206 26946 69146 2150 25309 791 41535 94673 42420 97395 26600 17863 88012 23115 98332 
25135 7482 89966 43298 54724 5775 89107 77509 63811 37371 81008 45110 41207 69320 4982 39387 33688 31983 39615 24395 
71303 96004 42448 84467 72885 35495 86071 54103 98999 48429 38710 85563 48215 76641 61910 12166 93060 44952 50592 12265 
18636 52288 97945 54997 87816 77037 55740 50868 84067 43775 19 64166 5963 81985 48441 53743 38027 71021 10905 8221 
6989 96512 64553 7213 96421 32697 12739 75243 85760 12286 58911 82233 1375 31380 99154 51787 67519 67417 18124 32132 
75739 63593 79135 57258 68839 62515 42257 3085 34077 30339 60231 24113 10734 46620 66229 99570 81629 82844 96834 84326 
62346 2769 17550 93698 10441 10302 20008 64842 81318 3425 19532 58853 98184 81956 3014 12269 1561 15145 28361 85604 
28760 29014 36054 59422 53958 77778 26183 85544 89386 59995 15770 65641 23343 55159 25101 15968 88310 12168 57460 29258 
51072 75680 97204 50797 57852 90149 9903 48573 21698 34370 91520 911 78887 43846 35982 42973 25439 95535 45087 77957 
19214 84009 82884 6521 71879 82858 43222 99568 53408 15946 85910 97748 84513 30742 19061 26248 72584 39651 23924 17996 
68878 20977 21604 60636 98279 17603 39936 6956 71797 35121 70364 47467 75261 22523 32127 7028 76033 27538 53004 10966 
54458 70739 43414 63702 56609 54941 8130 40552 60183 15429 73839 86552 44626 10985 16689 41231 81099 50825 48850 84955 
27389 85663 66877 83613 92311 36427 40152 84119 98690 58346 57794 9282 50995 11358 19325 77839 40989 44794 23346 91565 
76585 81129 44485 50766 98699 72659 22500 66043 25152 25264 85097 17799 8506 53065 87813 93528 71700 97996 52262 49011 
95981 2110 96163 90834 8095 81966 1387 51686 6418 62524 70901 55285 94263 81183 70667 14072 63049 56607 36669 9897 
24071 917 36644 25283 75982 60054 1208 20750 6515 42339 51145 1883 45391 56963 79587 89145 36397 52750 10788 92468 
98540 72959 74588 58415 54578 12214 1545 51710 80989 54383 89793 73379 72951 28602 11642 23521 75586 22717 65370 88213 
602 69796 40350 72799 93762 39564 40277 91486 13732 1609 96678 11358 149 16830 71463 24572 62973 37869 96627 68291 
67877 80600 64327 3977 91562 65697 85424 94684 33342 61588 38193 72188 52504 16848 67937 31285 70176 88793 25463 10872 
87259 67156 45584 38789 52398 81547 17809 22214 95943 24251 76147 8666 23551 90508 38979 35622 71886 56123 98379 4994 
90813 89221 43642 40872 35830 53628 18779 17790 7871 27382 4427 25910 32859 4529 72050 13110 5818 89656 87814 50992 
34752 80961 70455 61446 8881 72397 62691 88557 72792 48699 92322 10322 60090 10585 74734 72600 41942 74306 57911 65515 
6690 17840 97650 73477 32877 9936 13284 11538 40544 52187 1676 62433 13547 74040 83363 29314 74059 48497 24535 87615 
60775 20176 51656 72200 51346 97341 91506 63053 19070 89709 91226 73711 64118 54601 91750 87520 46320 50608 18520 21850 
83752 12726 73385 10791 69867 4085 41000 27200 42762 2008 17998 2994 60012 23171 80420 50571 992 23611 39403 39059 
49392 64139 79824 93080 769 83041 76532 39386 51317 87825 53257 40259 18023 7665 25746 24739 20405 21053 57259 85078 
80662 23502 1168 60747 99774 63122 35424 31321 94105 67395 81354 7461 49507 76152 44755 13941 558 95175 70445 21654 
1793 54056 73854 58751 24768 14579 746 6629 77016 66405 57776 94709 22403 48233 13494 10985 8996 37972 43972 92698 
73993 57382 45036 2330 17135 88319 87589 15211 61399 38738 14219 25242 69870 74476 30497 45986 21165 19393 23680 82158 
50130 14115 9642 42308 82935 85867 74956 41445 94724 6875 91161 82171 24304 74539 45999 67244 92947 78775 79637 18740 
57975 2949 6845 8712 15952 18247 13557 25922 16082 33845 62606 61511 32859 39024 20524 66046 361 92422 6604 89214 
5525 10759 80884 80882 11298 9963 44695 92852 28171 6103 99607 26211 90706 44614 69292 58241 93251 15907 3966 87828 
48645 91298 41578 75260 67286 46228 56975 96837 41399 58972 20028 54762 3150 43647 74670 5489 85191 17951 22831 83872 
43010 84700 56008 1834 11551 99158 1858 80222 79987 36108 18297 34455 59263 73730 11376 89132 7533 79111 32168 72670 
35740 29088 49918 95018 32622 2800 82498 70644 30794 47068 31444 65284 17776 44767 20153 86289 92974 23766 82761 8882 
97330 12350 6557 72475 5477 22720 76625 63970 54151 61465 37170 76678 35205 35653 36451 2649 51877 78745 31443 77986 
15052 93387 39189 42291 96566 29763 79127 91683 30263 74131 44252 46535 79372 56044 82505 621 69833 73347 2135 45861 
4405 45210 55112 46111 4412 39451 34662 50915 68113 32376 59340 52303 94744 31732 84954 77751 64107 11078 77621 32984 
46583 48516 19553 91880 77535 68253 6689 7515 4304 9912 75650 1457 41284 40887 29763 69849 9267 87133 73649 54290 
87579 28049 26714 28554 48037 93443 79361 7279 83830 45384 39293 24373 15291 19357 26875 79204 43958 51238 26350 15872 
64147 4148 14588 83477 38404 78110 43970 92035 50460 8783 56244 40747 20783 40248 99816 26490 25772 84309 40192 74441 
95638 95296 66130 98586 30635 16090 62078 92165 60197 56525 57184 44650 78300 53506 91374 17031 1024 51391 52494 69024 
92164 86176 57200 53284 63313 78431 54529 60046 67039 24680 74074 76647 64022 81842 17322 69452 39197 22462 55384 48023 
47516 30146 21958 74121 11812 85831 13624 16146 22955 82457 22098 43329 89662 58002 64469 76593 7720 61101 27042 47818 
96649 67579 29909 82449 48060 51555 77028 52633 19720 14210 58458 72543 44217 86156 14911 99303 86580 80224 74228 31977 
20018 27493 15173 95223 98701 47107 54209 28193 93203 43266 96262 60923 22122 63327 22931 73022 59589 97099 42074 43035 
53247 6000 35984 7533 78052 23403 1259 37619 7565 89500 29333 44686 28094 79145 7568 89603 29841 51662 8869 15133 
48512 71400 88630 55837 77356 2179 19620 1119 54117 70780 58109 12592 63369 30474 22823 6436 32623 35363 31621 576 
60814 16652 24480 38331 12935 13444 33870 60078 3252 42233 20325 66034 10492 78290 87738 71595 14492 41304 79776 65969 
47738 24646 27008 51251 84631 40041 88282 2985 6261 87574 99809 68366 79131 57705 21689 54626 22830 4539 69491 88316 
5445 49767 22610 53042 11502 2796 58085 74135 93787 9757 70310 16497 7236 5636 76200 93107 87557 49028 38989 3142 
29673 88126 66841 17607 66066 69000 12521 56671 26079 86965 64564 96261 369 72942 9686 91739 77668 79066 71015 27166 
8184 84331 41427 70510 87919 79931 72287 58783 47919 25533 77598 39226 35625 87937 6587 62893 63226 79134 80785 20254 
29138 93953 63338 36231 53321 73816 96302 39217 12119 96724 17848 23683 68077 70357 42335 10885 44632 85393 72249 72098 
32198 88429 29656 9495 65673 36251 88064 40601 89359 14471 2521 72938 30890 72881 88854 88661 95724 6341 88230 37510 
24283 44014 79105 17025 96424 2074 28917 24680 55305 86251 32413 14703 324 13626 96729 66445 15433 6361 92836 3898 
9291 64073 22601 60726 30620 87608 15737 73808 67518 73598 19946 1264 55004 86706 53960 77377 59695 47959 75 94908 
42020 23274 79351 84588 43310 7663 66827 79688 76473 46987 60821 76106 47691 49946 14671 76000 85598 46648 27392 84593 
73458 63974 39509 39901 77307 76016 45801 96507 82229 84299 7315 94788 1988 36613 87245 52106 32940 30990 40215 44939 
21964 6482 90324 12637 86583 98890 6851 61714 60194 7370 66542 66004 68323 2594 50011 37508 63420 8397 45836 55768 
23373 3310 73890 61632 52154 24575 19787 57709 19844 61622 72098 8021 59375 58357 44730 21306 80737 41396 79919 1218 
35464 54723 18856 20851 42562 76056 33447 64597 30040 869 83667 91047 24553 22106 46744 59708 70228 99410 89418 45022 
94915 32836 19803 59326 53901 48320 51267 55988 5506 3883 28619 62606 50714 7287 49491 59487 12497 15866 44639 25862 
25516 77764 29845 99216 56948 64025 95848 87542 71069 38588 81095 97792 23464 371 20332 16331 32402 29159 65971 28211 
38637 25380 84607 12585 2912 60040 77943 13693 10968 79546 63230 85886 41364 64767 87119 25455 1278 8209 48940 33752 
84734 76150 93404 39145 42733 70187 31970 3533 55467 19752 46826 56890 44934 56678 2507 60545 91570 54440 583 8010 
6878 98272 50937 22588 19607 43068 20177 94703 52546 68499 54948 28623 67259 59970 82024 56458 18643 69202 46695 44789 
10429 14085 79630 84684 35356 67826 18475 12575 83639 96084 5431 92635 38662 76514 20804 42534 84450 46015 65846 34813 
72967 67528 15016 19872 23970 394 96192 77658 30699 49644 53170 77407 94238 60491 33755 70321 91142 81165 12322 15238 
61700 26659 7648 49840 25352 23009 82144 50943 29345 18492 41330 68210 26815 53622 63939 55024 30321 36107 66210 86619 
51346 63331 19233 81276 57718 58286 62393 9720 37997 58774 26032 33647 5658 5626 77266 35004 42866 49811 89209 97034 
4045 94462 81600 24820 41725 37239 16586 14927 16559 64405 21782 38693 42606 31737 51924 75818 1874 73329 57031 60040 
96212 1978 50651 97562 41626 21860 1116 64214 40068 59625 87306 20156 73133 45474 66582 66964 89725 94562 7791 64753 
20350 26529 74875 15317 58041 34685 1351 34580 70779 92705 5983 52087 29501 61806 96510 3526 67370 74579 23525 3860 
6581 30798 38281 25176 96274 1264 23562 89444 56909 52807 5479 56142 19322 22197 82092 16601 13301 59611 66457 67671 
47815 65729 23242 94782 99368 40178 13117 49801 77550 62493 34674 52902 69496 12330 83886 7339 52993 16975 8530 7244 
81530 58779 6398 11603 7225 14396 85064 92979 13300 91183 6782 32686 24168 19297 40937 5812 15573 69458 35455 65177 
92474 28773 86426 2766 90518 43485 96777 92910 70049 82885 76221 78002 42905 23910 67260 81812 71737 87726 79044 28320 
42758 39767 20919 40447 84140 94768 99088 45216 40810 47511 17741 16652 62304 25097 69297 41229 29856 34745 72001 18417 
1585 59036 12995 1200 34835 79510 4998 87760 29364 23965 24296 97337 32070 21111 41839 75747 84443 26582 23301 39921 
80642 32424 74912 27095 23470 9774 92548 58278 10543 68134 54816 25689 36224 41499 1481 41283 49399 48942 86372 46676 
2444 93366 58739 63556 59589 37045 85414 37253 63815 88505 75418 84276 27614 22306 43753 85241 6188 48878 60639 31161 
791 64100 35945 17213 48689 61788 42818 73567 56123 13909 5789 34114 74960 87507 91204 89433 75313 72190 42784 30250 
87038 95081 2973 69353 52831 81265 35652 25232 56357 91876 79751 16664 56353 40828 80567 19034 10964 44872 13280 70163 
58935 48982 6403 2835 3933 67878 71599 35721 4031 13415 74611 43320 54485 22014 37257 15198 89520 12649 33351 60687 
35525 23312 60680 55150 21358 40096 76036 90510 64087 65132 16331 19573 56734 98923 27262 40481 47475 31686 52568 10801 
42930 98789 24822 61772 32613 16989 79320 91432 26224 64971 19752 4375 5656 26823 38317 70971 24361 59036 64647 1146 
35979 69158 28611 10631 70888 26868 77624 94911 21440 66420 44133 74066 49510 54051 11903 54140 87798 69838 7623 92076 
40702 12065 72472 26349 21545 14326 25331 35955 35479 70194 54698 32571 17310 23452 46589 52741 14173 54001 66907 24833 
77968 75565 68088 21853 37450 69461 99243 84571 81546 8368 49289 87883 21701 90276 17393 86811 81065 40595 44601 26648 
29617 52702 19199 47584 50806 31594 84091 82189 13151 5292 83543 72047 31751 76979 32346 57014 89744 99374 34759 57834 
42106 40067 72988 16805 91000 82911 61457 96559 20894 58645 9338 22888 45983 44354 21577 6071 305 46728 48755 31710 
85483 89790 42936 78074 59494 48072 18505 3197 39340 69590 66982 3699 57010 73377 83253 30211 88986 15650 68349 22614 
45737 22692 19785 59703 21098 7414 29032 1928 95443 42654 7202 86139 95016 6092 46500 65464 63197 32782 75899 11031 
80534 77867 41273 45248 9407 44401 22964 1599 87461 45308 16044 37510 86914 83229 67159 58372 15487 28797 4188 82052 
69566 45024 75203 63471 61811 9331 36769 60882 28352 68397 1894 14240 99172 4802 91207 93072 46208 9716 66380 88452 
49881 48667 48563 89408 13161 54006 94615 13414 24715 4416 81786 10683 62407 56352 63955 44199 63426 43782 23137 31548 
8154 63295 44776 99394 82303 55730 26604 85578 49567 36353 31204 48326 97098 93809 93470 99790 3406 82013 16763 93961 
220 38784 26284 94108 13371 65482 68 88230 64176 7401 79328 79573 29571 5410 3744 39072 46634 59046 11084 68659 
7584 66135 81213 91990 31397 95426 38384 60253 60875 78495 39675 87568 51859 74856 98850 34585 43933 77826 99035 75711 
86954 35926 51936 47009 98473 48580 62360 14318 70792 52086 71479 94511 10079 66320 12693 79931 28216 55236 73237 43387 
27002 28611 9438 50166 98085 39124 53944 71610 98045 30063 1536 62426 39990 78448 24602 40990 29237 40460 35202 49198 
62473 4738 69805 258 81404 92432 66655 69394 50942 99867 53706 61451 71901 10836 82955 55397 49147 95231 10093 52412 
52951 47340 14551 91682 80956 54723 68916 96539 84275 28348 7531 48124 61999 33203 98853 40939 13988 99566 87036 50867 
68599 49912 16917 41747 27668 95002 75977 4000 10952 58906 9811 51939 55410 52328 63995 12513 3389 84846 53556 8148 
11074 95698 50337 69641 32074 40632 35096 64468 1093 28048 7283 15975 83148 64731 69632 71530 66077 63544 60338 19114 
62405 86207 42837 57307 87885 38521 27800 3078 9162 17156 61909 36877 43085 49575 44484 16449 51346 31822 6976 81400 
59434 51067 42496 71774 89233 42767 66530 62222 86505 35761 62777 39451 37293 98743 23312 31304 35791 33220 15755 24713 
14148 33744 19218 48378 71163 52303 1982 72761 86322 8700 69192 74064 10563 7509 99075 2538 38325 84129 34015 20992 
10406 1788 64254 84902 30980 66106 62877 75578 36026 402 8049 8137 29053 92009 66039 77740 27541 55331 45042 47019 
72318 23777 92361 38318 89962 85902 3408 26651 13575 59995 73253 63377 32126 24359 98260 30892 89904 3554 13801 45901 
75248 33280 89257 92057 97795 89894 79059 22671 18642 23390 63133 99788 97124 90045 45221 89021 6630 93576 69808 87503 
71241 68627 33073 49352 57119 61164 912 73869 58466 64723 32370 69756 69422 86748 89738 96526 48875 72412 86910 28271 
29959 90447 22606 98734 66717 78411 54367 52048 62984 74303 27915 66449 28026 22557 51239 20013 66937 54993 73530 86826 
46581 98285 98833 53813 55314 61692 25080 48704 17781 94442 84653 133 41962 3314 54316 37039 14148 39393 10440 14800 
910 89430 75876 54129 55445 35865 87323 98142 22939 33602 45688 41618 73306 10510 71083 53279 3675 29183 40350 16428 
4110 89597 54127 82097 47650 21425 47729 16740 36558 66278 60123 90210 24217 96177 92988 6018 93141 18273 88718 62423 
48074 74758 50749 75243 61116 94383 57083 9426 14803 6537 41513 96770 15819 22328 96446 40581 75886 20349 20415 55057 
53617 85136 20228 79677 55501 51606 15945 18511 71829 42380 86103 23378 20414 32309 91009 44633 46707 88960 45356 97669 
76234 73258 56010 9803 59059 16531 10793 21829 5528 59721 67067 96088 69764 91956 42380 82118 72013 89419 23248 89235 
49980 17713 95070 97290 33904 3090 88360 38892 55920 5296 5532 41211 64983 90151 42687 60856 15141 7823 91023 18347 
74473 19704 75651 5045 28290 73168 59360 42374 62476 8918 10165 49202 65347 16180 63297 8798 43910 92682 24569 66580 
19542 44785 9140 16127 36273 31361 57824 10555 38740 23625 49419 97377 90349 64041 96124 32665 98795 81528 22471 70075 
62886 25958 82733 27897 48931 63901 18670 78028 44748 57202 56203 76076 53231 46223 31311 92433 32455 19587 43572 45971 
16263 33004 44792 46835 73962 33805 62799 37788 67349 22364 55788 73520 75448 33436 31436 28020 26830 8786 3378 33753 
56378 19631 43519 15788 51346 960 37526 90938 2762 76827 59001 62175 99385 40410 21637 23710 90916 19054 58419 77512 
46561 84308 63600 88367 93451 64204 59146 84460 49311 57117 11574 91982 53939 78252 78347 35693 36659 21121 99957 5669 
81083 86547 11821 71841 44817 46558 96685 19930 56404 58568 4910 68997 15299 61685 8654 7850 68839 87883 53522 79028 
80802 58895 83434 17526 19923 8723 1593 69157 56575 27205 74514 50320 12402 76628 30112 9179 42736 80163 2590 41562 
25582 44441 98458 70145 89189 29233 62716 59118 12686 69646 38013 6805 6244 51339 54095 77949 66161 25699 68424 80438 
13484 75285 56176 83752 61606 21969 48194 51042 2745 21170 3363 94604 32758 92599 82135 18454 34244 16731 95329 56747 
38357 79007 2545 9123 98373 24194 85948 18323 13650 35455 43517 78987 92942 27934 59810 62134 33117 5705 94686 8013 
90666 81364 83035 94980 40508 4682 87195 37435 59971 46815 21408 88901 48445 22741 4549 42059 74383 32311 77536 79676 
90897 48051 27894 88573 45103 78229 76672 54054 75518 78349 70355 30061 47218 3415 54746 87748 51093 20203 38876 79483 
82565 2287 95298 29360 67009 87376 9233 92449 16141 40908 47564 59978 81839 83130 18437 69709 69203 55307 45512 33561 
18736 35095 90336 49573 81868 52537 78298 12238 54759 87025 79569 20198 54089 91829 20175 9152 75148 46258 200 88976 
90660 20719 41592 70123 51850 56979 98988 34740 26943 69519 12859 74002 58388 53244 26997 71551 99879 53534 87256 27702 
35116 95157 94316 53966 86111 18230 25674 76230 94484 62702 80619 58162 82797 73215 2963 72897 47666 38881 85855 2760 
40229 52617 91810 71113 2262 26035 95446 52500 66695 69148 13641 25348 89659 42357 40193 27498 14959 85480 33884 28220 
9202 57723 55596 42835 82143 43523 28605 25180 15833 91339 96667 74132 87821 72752 88256 88626 85687 2683 37073 53436 
43364 37283 43916 95655 9985 52181 67171 63768 61447 8366 71829 41493 779 36020 7725 52012 55179 3874 2533 16635 
78989 52632 71006 42231 18926 36251 63455 97921 46432 89621 21385 78968 32325 11698 50823 46848 34104 94259 80665 45638 
70036 44842 10164 2861 7792 76547 89049 43702 69001 81694 38576 76403 84579 62810 3524 3069 3550 10289 23591 91497 
49371 95757 21528 68774 72504 85930 53901 81288 61055 24421 17310 92496 42473 73956 56597 13250 57979 8284 6189 44333 
78585 14741 49504 62802 95322 50722 1886 99517 15868 7989 21338 98747 92413 36341 32449 83405 79992 20673 69337 6910 
2392 86622 78517 47894 86077 66973 67267 61820 57555 58866 73209 87627 3443 21332 52330 56258 79060 48386 70663 63401 
24783 72679 76153 15986 73058 96932 575 7259 62370 81362 26324 82234 4253 86008 63770 54965 10415 79724 99382 93377 
44957 93628 6328 11834 27391 35433 24363 22 40364 90744 9198 19180 95783 19363 50043 90097 90145 15521 82647 10679 
56891 14416 72753 47741 8889 85956 34748 10243 73857 40744 17020 54490 55755 97929 13335 81640 28126 83797 33267 6290 
217 18413 57151 34172 73006 91434 9462 38152 41436 51740 5207 23994 88386 71516 9576 90806 48958 62787 95281 29607 
27187 33686 92107 43760 16770 52522 97891 63204 89494 27971 53076 10106 20064 17125 32282 54705 10448 12425 53548 71970 
80740 47249 53244 62428 40153 37332 1041 70046 67807 35748 48206 27844 85386 99873 42468 94714 43535 52192 20696 88655 
21827 45734 8139 88672 20018 97990 99819 77970 23812 88227 77184 23432 60004 173 56869 87294 85025 51358 16197 86708 
37286 92499 8506 85987 7326 24249 16361 60243 1754 90479 78176 38510 51492 4364 413 90619 57535 98353 12330 71952 
48439 79982 40829 69499 30945 92899 71945 53282 48527 35815 81485 80248 98961 76381 79861 34886 90152 3660 27570 43145 
15569 28108 97581 35284 64590 86816 89022 17197 35445 26091 56843 4116 47468 78764 34756 25400 4697 44767 34399 18982 
23966 6791 64607 92687 40666 55722 98349 23943 9407 33731 23482 39075 15480 35770 14388 55018 52043 7118 17953 78221 
73076 37990 67230 45129 12587 75275 14823 99690 73595 93806 43697 43503 95265 24055 34261 32819 47768 57533 6965 30424 
14289 69812 3749 3864 35693 63652 52649 76958 52318 67812 96034 10788 90640 48060 73417 19150 74580 80024 43526 25726 
74893 68124 46966 21978 68664 15849 10718 98325 65431 18446 40755 80893 39071 66111 96265 30641 61980 55739 36322 13331 
73788 93126 46758 48417 45831 42991 15862 77869 87336 27650 2593 8940 21850 97220 961 91080 44373 28877 5742 46422 
70789 75706 21028 64531 47912 75390 10681 89143 28961 80016 81821 88138 28216 82460 75191 28617 61977 30160 94246 96758 
65129 56083 37807 12708 22816 96864 72531 27335 5326 50656 18139 22431 18307 40185 62803 91185 20205 80771 35780 88305 
30091 41256 67632 47342 52133 96565 93855 72592 51850 17109 8381 81585 60764 45497 24074 70866 92043 26066 16903 77622 
70242 48812 78211 50363 86800 17713 61758 33039 42326 96370 87408 74093 52707 34058 1231 55907 6735 80102 907 32962 
24780 47939 33343 10636 70016 56443 73579 27971 88932 12413 45782 66385 4224 55783 85664 92272 7875 39380 7897 73189 
18200 64814 40702 28871 63604 67602 98295 88411 73925 6046 41650 11012 16396 84643 22035 76322 12165 76482 4631 17072 
73353 25121 84140 2413 18018 81326 85554 96604 96045 4942 94813 97401 21486 74903 12902 89917 19684 38908 34856 17362 
84799 13423 87105 79770 82959 80571 82404 46394 79875 82075 88812 3049 268 81258 54644 84086 22194 59564 24209 88347 
705 56945 88253 71043 42221 22231 52166 47740 88687 58702 36102 46409 79487 34264 82455 959 85715 52760 82097 13690 
86892 55061 61417 41728 6082 72722 75117 79830 96936 37325 5362 99482 21953 5763 92923 70072 61610 54739 41758 98772 
219 71847 2906 81682 10309 38265 23413 36933 2022 68122 73853 16799 44660 79181 69770 85863 99076 26385 10599 44866 
30250 45712 26261 41234 94349 87976 54219 72826 61715 26009 37218 26542 52948 68225 72384 67158 30204 1870 56377 80813 
10414 4153 40076 22278 41976 29008 60486 49942 98516 84993 62799 13174 82643 37301 3111 40977 50608 73047 55598 92417 
71542 79578 89316 18104 89916 1653 91844 12080 35332 70710 52583 43778 7635 99157 6832 66937 40074 74149 7206 32733 
10050 48187 49335 1398 9345 82238 25208 20933 53251 78991 91322 45567 1944 78819 78250 14593 32640 99258 2408 6729 
79482 49078 19542 84922 21369 14805 1388 10362 79022 2801 23377 96035 20183 69509 36485 23181 55095 56917 33605 79350 
79208 49831 70032 37705 89973 46098 71474 88780 67240 41050 98206 30268 42648 80151 13426 73904 27979 50400 54815 34032 
42584 98407 18105 55082 13565 26990 21275 55882 36031 13291 58042 26962 75002 90726 20681 84503 18547 44900 76662 5446 
29772 54312 46543 71280 84890 15420 61771 60953 8979 29030 34659 18066 80478 33064 37056 98214 1115 36258 18376 90763 
31977 29897 27108 23313 10964 2718 26673 9231 86030 46873 47872 57456 67964 53833 67544 40369 30018 63996 62791 87926 
58612 91948 73982 45862 91720 54459 57306 42529 92683 2003 72010 49037 47132 43511 44914 70969 84300 50812 2793 92658 
72846 66192 46423 733 23877 10435 53049 84608 83250 31129 81532 33670 67976 8325 92647 88983 570 76081 94186 45764 
31851 9356 59164 92256 99850 24700 46232 33939 34656 31667 49049 98748 36271 92319 92783 11020 36017 51881 44978 53589 
40872 23121 49592 51756 98090 9318 77139 60361 7049 47480 21639 65029 37458 29280 28701 38992 67355 85301 80311 24870 
16803 47656 82513 36834 99664 90085 62308 42158 59769 27264 88155 21252 60829 65801 72540 29028 18637 24026 52636 66894 
57011 41286 96331 71767 31600 28653 23511 11080 43445 65011 81414 81221 26259 96643 13468 40015 45498 84692 31554 41354 
4663 33371 31745 67571 9226 54179 92220 9562 70868 1930 37965 97732 32868 82443 54814 2707 87832 53930 60294 72673 
42883 1219 8478 58899 44186 27681 21306 93502 40688 27505 84537 6420 19539 39737 42975 18615 59508 64350 91968 55552 
96167 26372 57583 9354 66498 7686 63149 77896 41511 95148 54561 52768 29637 2291 60625 39237 35247 36772 36883 25282 
79183 71123 66939 10855 54095 86533 18152 84324 54063 83107 97139 95311 4883 98412 58191 97655 72782 64620 6982 54734 
55542 74819 19357 6641 64855 6700 83518 93870 26900 82472 38112 653 67718 63060 13754 19600 44002 59415 19458 3320 
2414 51105 29431 10829 29950 16943 22803 66801 29681 19307 66674 397 99579 65855 3979 1184 32606 53878 65067 84673 
3826 63289 65508 76448 53190 10880 11405 61768 72390 21118 71205 9798 95770 99387 67378 61152 12498 61810 51627 20318 
78957 14323 97675 86775 60274 85691 35986 98708 44913 5695 48933 10747 83795 14929 86160 72612 33628 55078 84586 69695 
44037 49584 6219 34418 44655 72500 3685 93979 47926 75774 48649 65048 35580 59666 58118 41625 89341 54652 76242 15953 
24552 30965 59105 1329 59973 34121 66808 54795 59472 72966 93248 61490 57669 3247 60821 65079 95091 34113 52219 71366 
85689 36002 69390 34712 55625 49794 17323 22249 44831 33134 63776 22023 31939 75788 69250 96182 86839 57496 46645 93839 
53670 41625 76043 14257 55738 44179 6442 49971 92206 70088 16607 5392 3028 13564 69149 39833 39806 2644 60203 18417 
8047 71717 27595 44110 80640 96924 96607 20607 5586 18363 89648 14546 24699 34466 82164 56466 47973 80134 16374 65730 
98039 63176 86773 10524 45903 57636 77188 75087 41590 46513 72584 45216 31508 64440 93948 63440 21309 7965 13697 69677 
26609 45056 28387 29609 74044 71631 36173 26636 71969 18769 96105 76556 45909 40837 91847 14644 95159 5542 95768 63876 
75722 93705 87216 35578 49059 41977 30561 97306 52100 50714 46751 43615 78437 50647 36056 43690 56173 71406 15576 99886 
92330 72980 59650 66693 70714 78583 72756 73305 45988 57968 11633 87300 44815 62043 94600 98378 68348 78829 56749 30860 
98 63256 94562 49344 24619 26420 27804 99611 59930 90688 37030 94262 12507 37947 20792 20411 2755 92536 8590 93938 
77412 12584 10619 12514 39401 94022 30604 3175 11963 40420 28329 59340 26615 16297 69277 28836 95753 51047 76810 35137 
4588 77325 79647 96232 36060 81482 78995 83593 75314 98380 38285 52440 99833 5903 88618 40705 31678 26421 26281 79223 
40943 82046 53188 7025 76554 54460 95436 83205 54244 92659 59658 81870 32981 41088 68235 36406 27129 70878 71534 72824 
68794 73005 11741 27957 87397 8331 16963 8367 80571 54960 10121 92415 16067 76848 16871 56618 94679 70613 82251 42715 
98562 61838 43417 47769 30163 20426 4512 38324 98594 83465 6832 68712 84720 93414 60609 83961 42336 30051 66364 67762 
30465 711 37305 82593 63267 30854 27961 90574 69871 71692 2833 72984 24571 84458 75068 82228 76966 30018 9554 68779 
96839 58918 1830 29740 2366 67455 11984 16230 44116 7063 12197 45020 7790 20256 41811 46189 79425 89229 95206 45465 
81501 64071 71012 40574 50709 74145 74790 8682 45182 82377 76386 69473 65510 70475 38386 28172 78732 41815 94815 82327 
90138 55015 9232 7005 76061 33688 31617 90088 31424 94367 5315 40469 30310 8686 27697 12155 16323 234 96393 18044 
33294 74161 82508 41502 54561 86596 72409 17370 9410 99226 54003 51901 99503 84062 82922 62768 72657 42439 68933 66047 
52544 59541 27291 16283 4022 41798 60064 26559 52117 68832 40311 16186 62519 97847 1701 13790 21784 40671 26804 26384 
65401 86849 92430 87184 19196 3238 19689 708 20181 2782 42213 92418 48182 29621 68718 50763 13981 5942 43756 13863 
37234 72408 31113 18764 24275 20710 89246 86096 93107 66828 72375 5070 31264 31269 85465 93001 79862 85882 84669 38609 
68236 91762 74516 91655 63723 11252 47727 84996 71736 19559 4422 25205 68886 76845 66288 37926 58398 97434 50308 45082 
12749 54643 19482 61276 81383 22482 96436 45670 94430 13686 97985 41976 82809 1855 21027 63808 32156 74010 3449 12625 
44913 83771 77944 69183 26881 6595 48665 92012 4081 63500 84378 30627 16954 32130 46360 62029 57573 35801 53716 34475 
41546 30501 54579 95686 20011 79358 19019 81026 72972 34512 32995 41770 15214 63050 16931 99425 53295 37708 54898 44964 
73742 16123 88525 48238 84080 70253 62543 75484 33490 57975 53126 52440 91862 12599 64764 54800 17853 75406 51325 37171 
84291 14106 69541 58025 69614 92178 42015 81787 2711 26800 1066 41763 40043 70757 58420 45178 32613 13090 35897 14708 
69526 16008 46286 61859 32604 24325 35695 62185 77583 21605 8326 58890 24089 63417 35639 49196 53240 94906 4178 77507 
67161 39649 79548 76201 97150 94256 15593 32699 36006 80844 41290 60048 30139 58885 54297 11746 97176 1094 27493 72242 
95676 26559 30857 85259 44230 98312 75458 28497 66328 50650 29709 92504 74232 34833 82141 65531 94702 54056 27224 85469 
18005 60662 72862 21148 62120 79823 56497 78731 55205 6902 20721 98395 50172 83508 62488 54973 16193 18806 62244 8620 
90253 15944 553 40021 46410 25275 32294 19641 86462 65762 54784 35799 56566 94655 77942 74962 16158 42741 15410 97685 
7638 81350 36766 71917 88969 79752 55766 53871 85269 23298 95591 36432 65893 2171 41622 85513 20113 46138 90100 92752 
86889 18900 8687 45065 68262 69210 78901 10796 40214 57505 90269 77992 31410 47710 7409 48860 42889 22834 90453 5192 
359 81400 52181 40722 28030 70229 70466 91384 4214 60174 52907 80940 93698 28051 18315 32100 71696 1498 30136 8301 
24451 64615 73219 71710 50879 75292 56856 12229 59408 60246 32224 9316 1810 77740 99385 54063 92079 97570 51284 68331 
44337 82916 31328 37409 80517 37802 56748 43567 60984 65102 76478 14241 23188 55194 89778 65201 61469 48923 73402 14006 
7237 2412 27731 23624 30938 52204 11023 82927 32063 21738 13925 50883 15780 83149 7374 33579 93357 74811 56514 16521 
82596 48047 6272 38726 77113 95191 97621 49618 42243 71002 28764 9807 63751 50070 67077 43144 192 11140 62085 92357 
2675 69754 74600 19967 97871 41041 65368 54023 65875 94130 7010 20774 57469 39104 32865 47617 61213 3583 46999 23108 
45029 84145 76185 46863 209 3187 42209 10449 95890 94560 71681 87589 60837 88342 86369 95776 76928 43737 96743 69811 
14096 83499 91641 6930 71267 11258 70749 52655 32961 96981 93418 50152 72482 59007 34030 20301 85054 9494 99698 61557 
41575 19527 89738 96750 9600 73493 15702 80261 79372 62960 50651 86150 52552 75400 41826 58571 9922 28237 40109 22111 
19694 7341 69320 52599 70515 7916 83366 80120 76743 18903 2897 14563 72225 63463 7596 63979 76770 25215 97501 94271 
95607 45712 31500 30610 98122 17059 46835 98801 22877 77780 14742 37854 81912 22617 32391 68723 9679 47600 40174 84738 
5077 28839 10242 69926 88201 47977 34067 19290 15864 77265 80966 64331 74479 87006 96222 39979 8776 34739 67005 79216 
72043 76647 63144 10765 88802 97911 37647 81794 43080 14674 79363 16108 17734 48944 79008 26526 63087 3046 62797 83199 
44415 76419 13509 79704 43742 29158 82368 1188 50466 93806 75817 96272 84118 13250 6015 93875 34468 24764 10490 30145 
66718 68051 19941 3575 55717 29732 44763 85032 53025 42604 37693 96775 1983 61077 93768 58662 25428 27032 76389 63915 
71943 28739 32330 87453 48184 88978 29112 2545 88128 76194 54416 248 29415 28031 13294 22773 29234 24102 91092 45305 
35581 20464 60964 13434 59002 40707 35695 28090 42016 69409 85770 72033 80776 6746 58122 73553 30139 21485 90779 70202 
63272 93755 10995 71703 9945 45351 65660 51969 60321 23657 5855 48059 39237 35487 90963 78322 7505 50271 1764 93597 
52730 77166 89184 53263 43391 72178 4140 62057 97198 84511 55256 73275 69486 99051 43648 74802 92447 53000 1539 30399 
12410 19636 3381 64480 37637 65771 1775 93781 2685 78541 85074 39043 7577 41516 90498 65501 97164 206 86856 12721 
43125 58346 74585 18653 21068 1197 81926 37847 9035 23646 39567 22747 2732 95603 71029 92269 47933 41220 59561 96763 
99816 95737 36217 30067 42397 71218 2100 12206 83936 44789 89977 39900 26167 5971 31502 59922 39169 1763 43527 3990 
80706 47665 55404 34313 72101 98652 30361 34860 56060 34277 38901 87103 90691 46807 87746 93104 42951 98970 42959 3607 
14284 58064 95021 9687 7704 84186 30933 27398 51170 82185 3331 56519 63258 30246 94909 34928 64480 66737 38794 51861 
59590 83794 99387 40788 35444 52279 36878 90138 36539 34613 65988 13924 85813 14894 55726 16850 987 18230 17264 24790 
56622 15622 75377 86715 42810 19973 76947 71395 53075 69721 87150 54819 99689 66647 96559 11907 20828 88230 63629 15049 
52667 7081 89280 3528 80891 97983 98695 29609 61046 84453 37593 53132 1292 58678 71439 91891 20257 56487 19525 96920 
35767 22630 5075 22914 35001 13362 99162 57425 73441 25140 55881 88297 13844 85763 67526 55828 37123 63785 57012 49440 
33359 72546 68591 36552 23000 59300 5141 96880 85747 90054 69036 67346 79674 47870 38030 15299 28979 33651 2939 50635 
64202 8040 7696 86665 90213 41917 80769 62995 5519 79867 30101 68284 43711 15401 16300 99669 38150 90625 99643 473 
95581 66305 25868 81335 8104 96143 2559 65509 68279 50739 53350 55268 29943 44232 75885 41786 394 29940 12036 39899 
78783 67395 87421 11205 46802 12005 28236 52041 75718 63182 67799 47929 47396 34183 62262 57768 50118 18944 53575 96890 
56768 78215 75686 74796 59291 7952 34148 78959 40959 41293 7105 24711 1651 55523 11875 41259 29524 55783 27124 19024 
92375 92613 93300 90597 73850 70365 63496 84068 94648 99772 43408 95744 78433 10898 638 75870 98284 3923 58536 46458 
43408 32184 82697 69881 21791 13946 89677 63265 83867 4678 21714 17506 32441 54000 59932 33789 58945 51240 93909 77388 
7231 82983 3733 81136 33284 6911 48571 35652 44612 7404 50906 85153 89340 34794 57244 81966 22748 21691 96875 87188 
72300 34947 50115 94139 6812 43024 57464 9602 59373 3544 64523 92371 26956 90940 5783 56780 82594 67688 74028 65887 
34649 54877 80216 4706 39664 4430 40958 51833 10918 3225 61913 17395 51933 93630 2804 43666 16715 48071 22185 62316 
61978 51233 14642 1345 36882 98366 70396 94789 67139 923 63719 44786 21713 57310 48349 94858 8512 39340 97162 60661 
98065 87305 35706 25849 77667 2140 48590 24964 47740 18303 67544 10061 32756 5798 89819 23701 92942 97600 94174 55426 
32160 5814 10835 66077 71454 64057 87243 83724 15982 33853 54669 22410 62194 70973 99930 13356 12812 58542 94173 86743 
95224 67027 11614 78628 77631 90665 25535 27690 34575 56277 85049 49591 90115 14278 67194 20220 83710 30216 4901 20317 
69490 82455 24026 18181 25727 57609 9791 30410 32185 61348 33170 1831 59907 57545 19000 54581 70425 30739 89446 3159 
5146 90258 92215 12957 90145 5766 71703 41487 9730 13306 76188 50168 40041 1081 43066 29204 92895 70550 21081 61744 
21803 23774 77446 95039 23637 99959 15234 53993 41285 40847 40185 11924 83672 45068 7636 68923 74029 40238 56659 681 
44579 54274 6851 4287 26680 15444 12854 83468 63983 21643 81291 30022 44090 71679 4847 98285 97968 92627 29087 64410 
7972 6273 20390 17329 56306 14325 83673 84096 63199 40369 54721 25891 1417 87826 66680 70375 18464 77450 73808 79233 
6210 90587 26742 41530 86213 15863 130 31927 39302 63710 66932 78073 91943 94788 90649 56236 66554 80159 87051 9978 
23993 16278 21530 58023 50092 58826 47196 88232 31140 8199 26117 60017 93191 5274 57259 37511 14358 13291 1415 64662 
85648 16929 93287 68811 28601 39053 62431 63239 5231 66267 95920 14570 96564 39487 34663 69582 10666 70628 88467 27418 
14380 87791 49916 26023 49711 2954 30331 98361 35494 86571 37215 40041 24696 31332 92102 78892 86701 63979 82828 50789 
886 99484 68465 43229 53330 21565 83892 56055 76017 25989 27859 89115 98511 42140 56269 86173 51632 24979 57170 69580 
86803 94525 71620 76364 67407 97869 69448 19971 44074 68382 4782 19810 90415 83994 27651 64220 61529 93323 83847 41850 
13735 37753 47477 28058 939 38764 40515 60062 68922 41069 53472 10998 48684 14952 2215 73608 95991 26074 42166 59654 
34695 29852 46965 94040 90124 48829 9258 59613 83567 13023 45394 83184 94484 94288 13966 74335 66836 9155 52956 69213 
39464 61091 21640 8202 47618 11079 77028 45045 98678 38867 38346 86939 65549 12616 93053 65733 57871 91932 99101 60433 
84080 23854 4626 9871 67039 32507 57446 99589 23440 37081 71897 40435 86008 38511 9449 20710 55627 26279 15513 28939 
46289 18743 97255 36316 42660 60784 61945 51630 69124 48802 57875 54121 61307 91718 97085 77548 54584 27837 67150 69610 
44277 51725 31855 87595 12572 31806 24521 38430 44386 97715 10742 49272 52972 60797 70217 90752 77792 94592 71317 57654 
32787 84672 10847 1026 98663 43570 92212 20961 89427 67411 37069 17000 35246 86756 65000 92025 70962 589 41329 66625 
95495 11714 35628 83514 78753 88001 93989 18972 17784 43334 47743 45623 61393 8646 87355 15376 2793 7839 8251 42046 
4170 26725 68737 27166 98024 17288 24707