18504 76252 98596 29232 88863 41383 94066 20744 77847 75051 55753 80660 18233 32374 55006 57317 28719 48202 17914 59446 
44302 93207 82349 34208 72116 91650 56043 84257 92297 90162 60483 94456 43853 1756 39601 1821 45205 85915 87951 34281 
15915 2823 57850 75736 31477 19099 88972 98233 66098 21944 20870 82098 53592 96062 24814 10682 57812 12279 77039 14132 
46038 56858 11371 32187 44003 30526 84739 38287 40996 35141 23133 58224 11680 93052 99507 65343 94730 26392 48478 4316 
85503 39374 21962 78877 28587 398 20699 89442 22539 30773 52359 77238 94405 53455 43137 97190 5246 91245 15687 56808 
61795 252 6845 52214 34503 18363 31424 89648 69738 29273 3185 64192 27156 11016 75455 86062 32417 25649 66105 65938 
684 61750 47932 2063 4884 93609 87246 23645 84854 53452 24437 46717 34192 60756 32496 99236 62146 6035 60179 14437 
67549 55424 14469 21157 25896 93383 65855 33782 31108 11052 8337 90796 42481 180 40630 57200 84504 90068 96162 23029 
1790 72848 6181 91531 4201 65485 73040 26568 40558 48558 91864 29988 2705 4331 71478 26046 56474 68693 40849 81906 
95062 98782 5127 49457 77356 74160 62917 34128 40901 88078 70993 20655 66751 42331 13762 5899 32412 45609 44042 72781 
83553 78565 83557 89887 93959 99234 56619 56518 27163 90634 9169 5817 74578 67649 32565 7346 36627 97583 96518 3312 
85432 67131 92363 32451 12557 50262 83042 98858 69187 70722 11000 50573 48691 20068 38919 91304 94293 10797 98931 66493 
82350 21611 12756 44044 42708 21520 5450 29901 50557 70336 97485 22959 76802 47812 61244 29163 74749 44457 84615 40116 
46621 25187 93313 9588 80009 68853 82026 8702 13543 67515 8191 39841 29087 36031 39501 44463 33881 33541 68089 52024 
93883 27080 94628 48047 93272 93957 53884 16442 48189 79064 68186 68744 50539 54525 77291 54631 62173 84385 75334 47270 
37729 56955 99528 39002 59155 63766 48101 85841 90297 7237 64897 8922 46141 49640 5869 78538 80585 44246 89309 26705 
18200 67169 35899 86195 71434 69877 9730 28638 54959 24355 69815 82373 76191 5479 82667 52636 8557 26618 20032 84466 
17577 1681 38411 83769 33081 87552 81876 18726 31083 60855 21787 16021 70346 2801 46146 7814 59789 95557 89658 48451 
66115 15100 83113 7878 54140 48811 68648 92116 61219 50177 85801 13948 32097 51809 85363 35872 9821 17865 27180 64910 
49421 64066 32394 83623 96455 39980 43734 36513 11647 15121 64979 80984 26278 53769 74661 73112 86928 27154 79006 24887 
54911 71286 67433 37070 44518 4097 15812 75235 3366 77893 83795 55491 76418 65232 12925 34281 92787 54634 9651 43619 
96389 6601 54263 50461 15765 57251 84044 74756 70156 733 21103 29707 28762 93940 30479 72532 48490 6956 5569 90670 
40333 7637 73183 33318 34729 26136 68037 14609 67920 71818 50678 47547 87797 68002 84308 43012 44720 80671 79789 40004 
16295 62925 41593 26573 37779 40804 30508 14197 94260 54315 65142 21684 39260 56923 71164 35242 70479 92367 23223 51789 
56247 16251 68152 23996 37338 42829 63686 71890 47299 44813 22713 2477 71930 60329 8200 90711 81998 4460 53025 69134 
5248 35218 26321 53940 12478 50883 30305 45215 57151 50469 56235 82321 11635 92924 31368 27441 80294 19792 63832 26573 
77920 46604 1874 15480 625 99570 83111 19509 40472 18619 99189 39902 90428 12274 23571 88468 16472 79720 59582 96345 
3693 37378 15634 56232 36260 61464 57095 30677 51927 89072 82197 42055 97197 91994 20288 25416 65138 61035 49034 91780 
22503 91243 67560 98680 15744 41334 25642 85757 17023 41182 89371 63441 14021 19713 51923 80010 13947 67528 50662 75649 
17378 94486 26405 81590 35589 20153 28904 17757 83499 72375 37736 17780 7611 57625 89918 16500 82213 57836 88954 75357 
11098 99474 20655 42355 53338 41437 14074 51078 76083 57082 69275 31476 71151 1786 96586 23528 33259 41816 64269 61004 
73564 91566 65162 11138 54059 33215 27872 425 46968 44830 25989 99908 66139 26453 67828 30672 49769 65737 42544 52740 
36812 31625 60363 12453 88167 5916 69998 75095 71123 68941 67046 47535 47104 98427 90763 46320 71772 86393 47903 56248 
69685 75917 30669 73376 51303 34910 50486 35636 2810 82647 27686 29789 60813 40205 95202 89764 9184 38289 24266 41555 
40285 91111 55531 18979 41049 6552 83422 64943 39455 24468 46336 64363 23697 80312 5263 49373 88727 78052 43607 53856 
43176 13505 53781 48936 11214 9776 26271 52305 86041 26512 65529 8846 51360 99789 6983 93698 98271 99809 707 81130 
21330 59201 63594 65076 18998 20644 71237 57605 7599 43673 74121 45648 96865 81164 59770 15565 19230 12354 7271 85571 
77363 29798 92576 81611 46958 67570 66993 60081 98998 62282 74730 84392 41545 63800 97090 81423 54734 14616 81631 82992 
4779 1057 73226 40710 87128 12232 31692 99644 71772 35279 93830 50955 90608 24193 38945 45536 2758 50936 17969 98920 
55256 43644 22189 41554 96028 58140 19489 5351 18784 47669 79559 88583 24320 93869 93821 24960 67623 7692 38783 80130 
18140 47853 85135 4843 36750 55241 53623 1209 42611 99312 35225 36378 26367 96255 12337 71864 97667 20675 17343 43140 
19458 40368 93449 59409 89618 96636 81074 50455 17822 69902 66056 12029 97334 35874 8430 34222 17826 24380 86658 57491 
9626 74152 56108 47766 40519 58541 96956 96798 58940 9446 99882 99840 75138 82451 94487 49677 5766 92888 78518 48192 
45246 8821 23150 49770 95293 81225 55304 42937 91899 69729 45979 82905 83892 74325 98894 56710 59130 58801 57805 98256 
91777 91076 39034 60774 60376 72906 52992 26572 3679 92540 57305 88358 74308 55950 17068 79735 49714 9359 87798 40998 
57406 91468 75228 19184 69655 33697 65154 85117 36423 5730 83496 40598 12262 43647 30929 49894 36924 97135 89585 41740 
65282 68300 64898 8235 28505 70953 60734 57821 95680 46649 20654 49309 63629 22926 89307 1518 31752 51983 97115 33752 
57004 96760 9906 14548 11267 32362 99487 9533 52061 39717 43993 26333 39157 98739 32126 87556 74868 66871 45429 96591 
83196 16032 73391 56146 29668 59741 3983 27465 47580 33000 15879 27095 95611 2248 65678 4484 51670 5154 34959 94850 
73161 9921 87349 38091 29015 25151 91429 88901 64370 52375 13859 6144 62507 9932 71551 51230 51712 56446 52790 83888 
75714 18369 28115 4890 81823 91835 21691 80230 61056 1524 77190 27484 62614 84103 46893 42852 80870 93351 26505 96858 
80682 70853 94474 46752 27839 61041 71692 73722 5340 83761 81874 36024 34840 31228 128 59280 92586 98812 78231 12222 
86234 30022 77282 50439 53759 79557 6363 61570 18691 33594 19666 62659 36188 78285 25536 35215 66749 14708 57299 40428 
25253 77648 56502 58492 77603 39739 76060 72549 57535 26668 58738 70740 91923 21132 84860 79992 15870 7431 2684 65247 
94854 98486 57556 55829 27651 31431 51341 808 54416 66612 23213 47481 66546 24719 85954 82355 74770 14524 39108 51757 
38213 82784 43860 51124 99518 75758 62447 85788 95811 14049 71392 84074 35149 30757 34578 72629 25665 90464 24255 94955 
29202 32007 66196 3545 92111 88118 8752 57145 16035 48933 3414 20931 6611 65153 82522 58709 5250 86494 36294 51884 
97422 44332 93589 15779 60762 83796 98592 64982 85929 69728 73681 74828 26628 98966 77495 98668 95506 31907 82812 66791 
2032 43673 35480 28854 75865 38442 18947 68449 14062 67988 87801 68572 13249 80157 75527 45575 96557 1632 61719 12718 
56478 38169 34773 29811 81135 99718 17197 28998 96025 64212 87233 84844 34273 94714 33204 98311 14179 38725 64099 55105 
39411 49215 57049 67335 72259 11685 54082 81414 78063 11222 88634 91954 9351 94850 6245 30595 72788 98588 28408 59776 
69235 87118 91179 97081 74557 18593 47950 15287 27010 81033 50883 62930 7917 10057 97790 10927 69878 45799 61807 36048 
55639 49856 60823 86784 76473 7602 27486 45464 30902 54554 6261 41561 41466 92277 34407 39071 15800 32302 34639 51372 
95512 82103 1171 21558 67766 31099 9335 26590 21876 87945 55706 48748 40389 69636 10082 83647 26058 10691 76517 30532 
6946 97797 95887 89087 90196 52414 23571 36328 44056 32740 12282 10016 94100 72465 38764 74436 61513 74258 17289 7864 
8810 20637 40803 32090 79850 47514 36237 98116 67582 81700 8992 24995 42200 78256 69552 91622 97508 42444 80618 24209 
52400 17283 49934 54684 18208 88502 49384 91286 91783 52273 20304 70415 82142 44522 97866 66656 88918 64149 45402 81757 
94660 26112 93693 69023 4698 95579 57112 21165 60770 34750 4341 29963 19047 30869 25239 52613 12895 51246 75735 30930 
53978 80340 61348 89922 12232 40437 65491 99074 99687 61353 61597 39686 48237 51999 78197 26677 69604 47158 96078 96502 
91585 34944 59691 1925 50815 65061 35374 49165 25121 52109 8297 1640 70134 38342 75858 20951 22349 56197 39820 12306 
15198 44019 45430 39049 63773 30657 24085 82762 95844 71029 81061 47695 61098 78311 18055 33464 4290 83645 4929 79510 
21656 993 51629 20528 16750 80003 26565 92665 88895 3520 31231 96677 95603 84980 97000 39074 65685 82564 85797 31229 
94859 71657 35460 71666 82278 44993 63130 61025 31912 75841 94871 26993 25444 78731 8120 70468 29416 3954 17842 28556 
27654 39238 33437 84889 21265 60873 92813 28138 83623 11469 59027 50995 95619 62314 31215 1681 89848 33255 72110 8241 
70544 87364 46278 81016 84992 27549 88577 31713 12284 79971 94089 40424 62352 34911 92603 85165 53065 82680 44768 41968 
2524 4234 97124 70697 90891 3823 68626 30096 32855 75832 86809 25880 92777 25175 52114 28117 10903 72837 78078 73218 
13465 4522 68954 32880 84872 41593 72791 40551 80514 27695 28356 15812 72318 49233 34839 74783 52795 49023 55548 7194 
48794 92622 87067 93930 49434 69656 74641 66916 18484 7272 39525 94308 29620 19747 38601 46887 78665 43002 21420 51137 
80545 4006 35540 77309 13586 60947 31405 20271 91807 94474 44042 6752 66454 70366 2771 30408 74790 20038 53044 18422 
40104 41466 50744 74740 25168 64355 98840 351 82514 14711 9310 68516 64117 94662 94241 27247 34187 25733 93991 46155 
87652 37876 69011 67701 52503 5643 3832 11002 96478 22899 32352 65441 92323 43932 52306 88605 7654 25775 75885 67744 
14868 63488 16829 20553 20014 45212 52942 34058 39216 21595 82660 6950 98856 31873 92978 13380 22007 26153 26144 84552 
8113 33928 82566 17334 12769 74529 50638 50959 93381 45977 17918 81126 41156 70036 21591 92316 59942 3996 29289 51419 
68017 40015 36155 96285 95502 27465 77216 36027 81820 45736 5080 75024 19646 76222 39082 19959 13966 64181 88388 41775 
75277 82449 78550 83674 39491 22764 94417 64257 47332 8400 37285 30466 59756 43954 14388 97232 57160 5548 85960 83199 
13554 27261 80195 28032 35207 18382 33326 55762 33863 93283 91814 24799 97135 95880 36739 91142 82389 57563 34675 41787 
16580 96899 5438 74233 56909 36169 23937 57904 18370 22433 14363 9428 62472 3594 42656 6007 8690 35661 82512 21639 
62872 27269 7157 5902 92249 68672 92513 57120 16893 88607 51729 31222 24690 31868 6113 75843 29050 6758 35900 72069 
44081 13897 52157 5479 92914 66000 32163 41400 62049 69168 18296 13054 56748 37376 70578 97209 1465 47534 28720 21887 
38963 56035 20953 9737 31173 34695 43230 39361 18469 61441 13711 6739 14819 56268 71047 41510 73989 13227 63118 706 
70445 14210 50217 58962 15107 54220 75319 74620 82596 22127 32498 35491 12358 64657 64133 47339 96874 66871 24201 43957 
46530 56025 17229 10445 63553 21264 93890 39154 29203 54555 51575 6527 61430 58008 70640 3418 29697 30924 10267 694 
23579 98226 58417 31810 57440 66495 15307 79372 75836 1641 65883 77251 25759 25100 5915 44144 539 50043 79361 57513 
97214 62658 79711 8275 2714 62622 51434 84088 49605 79492 9225 3094 33539 82577 29609 39029 554 58701 46201 4089 
36967 28179 82143 52413 59638 27776 45241 81935 27704 96645 37095 43268 51302 53464 77160 97435 6574 78558 73903 33092 
18834 643 95917 34474 64549 2721 13175 24997 88118 36174 82324 52486 40917 32816 45878 32266 26392 1123 33929 93971 
38390 77167 82660 97324 5626 26703 66825 22780 22847 95332 39580 4320 14731 374 91015 44882 84319 35905 98360 19440 
53020 97381 393 26251 22396 50627 21789 45402 56128 28058 34414 99183 95766 15313 74310 81226 58457 14331 71038 98836 
94651 47049 57748 55681 85733 62149 50121 27358 30911 35106 62488 71056 43119 45314 89477 29716 79028 83217 79248 11908 
45880 55972 91541 40634 96606 66691 443 24015 68278 84412 63053 89949 34876 28000 43382 44344 89969 84088 52897 13870 
18380 77648 26189 67981 77713 63389 98666 56445 850 59888 45923 63727 57139 86758 87080 79388 75907 52970 146 71470 
45129 28530 14114 38914 8865 79345 56624 33455 44050 55693 36620 90518 97462 24405 82903 17495 30879 24309 43253 34601 
44178 89361 11937 20700 62163 6709 6831 84033 21224 99142 83128 35778 96551 31624 10212 30768 2655 7561 58307 93126 
24017 48264 26985 3522 83293 50291 82453 16047 51058 76475 13537 89135 97416 8799 26084 23423 18848 3915 73118 90041 
16965 94112 71879 74126 67041 11867 29181 52437 86539 49632 87894 64210 65610 87897 5070 60139 97751 47503 24126 27216 
34452 22924 28642 49267 53409 93812 7360 75707 26563 31170 11594 57391 60593 16574 67572 5543 67318 80801 60536 65836 
23749 45642 68334 32448 62775 50438 58064 93390 3150 55 55119 25651 37284 77820 41662 86268 35928 30539 67684 41223 
43148 12898 72587 68451 81812 95083 62528 7968 72763 84373 47828 95924 39250 9431 30720 98002 43767 1189 1373 46066 
42318 71513 40665 97633 25785 69387 78956 7404 81366 86558 30803 11948 34186 81516 84133 26743 9327 73836 76419 75303 
25131 66848 87217 72661 44517 28386 71091 44476 32002 72658 11460 72477 78272 34427 1705 96751 27207 52997 17284 7145 
52845 68206 11087 68606 96912 19973 86508 95961 56681 85710 90356 32950 844 88665 99855 77056 49384 1724 83977 5957 
33196 33143 67880 43370 29415 77778 75541 4896 85972 59830 46405 36695 55624 1069 10240 2045 38134 49833 63244 64217 
88247 93182 4705 37697 36467 4988 57895 51973 78570 56617 6363 93104 34221 82501 30382 17288 66516 45231 79246 37505 
39957 96130 66897 41667 63170 96906 27815 75310 18539 71602 48407 99862 55626 25616 92178 84771 4662 36036 11264 65727 
86147 89318 76219 55060 28247 27871 98281 33812 56490 10978 60846 2802 4537 10642 13876 45041 55397 59803 38347 57506 
24040 39734 70801 92079 92462 70978 1601 74890 36481 11580 3260 16100 66423 24574 98836 13919 290 83982 34436 5837 
41023 37691 39785 53998 65895 66551 40302 9118 91926 22252 93154 38813 41350 52067 1398 47834 50075 26074 70459 64142 
56291 55913 89548 41055 33203 59609 54682 21522 12087 29059 17597 20248 24170 96400 59498 11579 3817 54647 61377 94083 
37945 39167 15708 28149 57975 87398 45951 24928 56316 39055 74624 22554 76521 71345 8136 51161 49382 53333 66384 40119 
3911 98795 10661 53735 62186 95459 4916 75930 26381 59695 85495 71197 8995 95711 97345 45458 96006 44024 81258 67468 
15230 23922 59888 26797 78091 75636 87981 9169 84472 11003 53297 94048 52665 84622 57290 7864 54495 82294 69928 23536 
69330 11068 57596 54346 95327 35252 46088 58829 29894 26419 60964 93532 67772 78151 64632 37226 1958 89268 11170 96084 
60289 51940 9994 96593 33424 72650 56622 34945 93432 78587 65404 90904 9955 92236 10805 88839 67336 6356 38423 37975 
13678 95043 38067 58304 4193 47990 70347 92973 64183 11869 86779 56969 78501 13118 61473 20901 93801 95172 41987 56193 
88154 1715 36748 85112 18719 88438 95262 47667 98420 46405 48553 46899 92195 53422 10860 7230 26616 34697 45922 69636 
30793 61956 91793 62843 79797 6261 26185 97373 75223 25430 62079 97651 93411 95297 38107 39030 63191 55375 77392 17642 
31074 78615 29277 47690 21733 47066 96455 93760 87629 48447 19781 55024 80957 43651 99347 11859 14483 37757 9716 30779 
36163 49760 55242 18400 95975 45973 75659 95781 25388 36964 2918 71253 46929 32209 21661 30029 88169 86168 49477 8859 
16890 27520 43172 74016 76051 63239 60555 22226 6893 33381 90184 68187 14031 39923 47963 5228 60259 68866 10178 51345 
57957 44541 81603 79696 44814 46409 67649 70533 80605 20567 24427 39897 10278 56484 21743 55818 70934 24016 98004 53556 
79896 74550 9938 10967 32484 56740 11265 73071 72044 57545 39549 10324 18532 31216 22244 71198 95804 40632 48838 36928 
56862 98082 96709 92596 20526 22680 62623 50348 17646 95306 41964 17325 59750 1535 50738 39782 63496 53925 54783 56244 
30522 2654 51417 15936 51194 5938 65072 30512 81950 3725 52553 97718 83596 64225 86863 26268 48231 47366 651 65269 
84360 46304 26970 67086 94981 17361 96513 48432 48316 86247 38294 70245 87143 10277 61011 79688 75681 29230 26563 21971 
36329 73751 31478 54936 43913 7452 43481 3437 20869 19947 53590 98239 18047 43216 58073 29083 77326 18208 20041 25910 
8410 31373 23552 96949 19292 2428 51723 33970 58912 35160 41656 99783 55922 74632 47535 68925 87018 70161 94120 68815 
72182 66416 21284 27638 87201 49048 21354 85674 25398 89288 70705 74272 90942 91705 54448 69939 50782 44251 14314 97821 
42954 86284 42730 82333 40149 56840 63242 52280 75334 18689 41389 23969 47397 96553 84213 38947 76521 70608 42406 85661 
13478 78542 10492 9914 4228 72055 90939 45406 23259 75081 40198 79079 33569 79173 25127 260 75279 32756 76871 85380 
68037 41235 13585 60925 35784 36625 24266 69160 88605 13369 51225 99179 82141 19707 99781 38512 1225 61667 46967 57094 
47029 55333 75525 49271 56074 82914 49425 43733 84931 37808 32062 25443 48125 66960 73970 77968 61636 76063 7089 51646 
24581 29641 92466 21239 58790 97999 69188 67279 1678 78608 28233 10727 29757 55088 91509 84469 58297 79497 76338 50905 
37320 2389 46871 96726 48075 50837 22411 40902 32167 77903 10991 76427 17813 88080 96029 30680 62653 51672 68170 72170 
62300 96753 16993 35535 25021 96340 39913 49289 18673 21085 81427 3829 42947 36062 1187 14682 48621 4019 80036 64342 
43835 76255 17421 64373 463 87795 76914 65174 14452 5341 72726 7649 12576 8189 78460 37418 77869 9968 38247 98189 
4054 43097 24168 16858 49461 71230 59685 53444 19571 79099 90578 629 15996 34912 48019 72926 69226 66859 22368 11212 
60106 50045 32014 55299 98157 54743 14228 36176 19796 97682 77952 22506 54390 18506 96827 45979 48699 83894 15312 33785 
25504 36097 18215 89220 99099 73864 1046 21372 37822 82369 32646 58839 58667 55067 38871 17604 92489 70562 88600 53083 
71595 35649 97517 74361 68421 41002 92475 39324 94399 84742 41350 40913 11328 28125 37766 21953 37149 89568 58747 90691 
48230 82278 62543 87442 35601 77806 63589 61451 26900 58612 12807 93374 9103 2223 56844 74124 78434 25021 74559 8627 
7717 36009 39667 3201 87927 78649 7889 20103 75152 70066 21049 91653 57812 64893 65235 38038 75960 16267 82016 44624 
51107 37803 66922 70826 85523 55190 87415 21706 39491 85939 92563 93155 31261 54771 86680 87258 11153 40593 85335 16435 
72131 17351 45405 4879 85176 27529 99069 67923 93746 48751 12585 81155 14770 24011 14875 97695 40979 52225 54567 50987 
94253 61489 74872 6753 57442 39386 72890 37843 85262 87499 62642 73391 86078 86309 37323 80900 91494 51508 77089 5290 
30318 27014 28967 97915 76872 46525 70643 43691 46915 34366 36017 90656 52272 99857 16431 36944 91859 82384 18396 77185 
86639 70415 95580 30642 51011 22647 25297 33899 87947 68069 87780 97080 26378 7932 95111 97465 36141 84909 33193 62924 
97295 68778 61188 92555 82703 40305 43604 56692 69286 84759 65892 84343 36318 58157 27075 75272 50299 87847 72961 84597 
379 33665 36806 94629 1252 76478 92023 98674 16256 27805 83473 22493 72462 35828 28946 77303 59319 22652 73821 74750 
64225 176 38765 31366 14539 32429 41323 30469 6448 37004 59536 7688 73542 21388 84311 70374 92279 42401 10393 91836 
20795 89988 63629 88181 1112 69821 23985 74368 81109 37976 79392 6932 91909 37129 41476 15594 78002 63707 76558 18158 
31931 8042 27078 93200 56893 10902 14081 61493 12361 17362 42799 38961 42954 2656 69577 65703 57105 14460 87264 65951 
56051 72955 67844 39880 92997 12723 57637 48745 19162 55456 27566 61868 83018 85557 44718 85445 16516 72780 25240 90677 
43283 54902 60873 75097 20671 10674 85371 18186 51761 94150 82471 76622 90041 81948 93379 91412 33063 77907 44285 63882 
63443 58245 22953 39194 23323 29945 74907 87207 58170 8289 42314 92098 74135 16935 92049 52187 81736 80878 95695 79656 
28407 91767 46132 39807 20293 63590 98337 36397 96652 94320 23862 6134 46310 49590 3026 90596 41668 54207 72749 79343 
46870 61856 47830 76700 10729 43538 62166 86592 88220 79498 40164 71683 60665 12696 79812 47856 96942 5568 20991 29231 
23079 79982 80641 68246 41746 72816 34589 72555 17494 41685 9081 51693 37606 88977 46773 61 43607 73592 43270 49144 
6105 11962 43139 73012 42108 95792 63791 5917 30853 69108 71186 53993 23326 49649 35729 69444 46237 90349 2015 45338 
51445 11476 29249 30304 43047 94183 2261 36974 11363 68721 45550 7549 98585 80506 39257 35396 30983 45792 28932 66787 
51815 17308 99253 73821 52154 56605 72616 79135 25027 74287 97417 18601 46118 11307 22136 13330 23226 91866 27431 15555 
98243 50272 65780 35681 58033 4157 34044 63270 94541 15287 82612 72168 327 96674 19292 29707 85659 4785 79113 73054 
51717 6182 62718 2026 11551 71557 60126 62809 12223 94102 64631 74157 78342 1748 50322 77825 86008 56536 73726 99201 
75835 19014 19814 47953 21940 35513 98782 78953 64918 40590 42446 85550 85776 68020 41719 43366 34349 86735 41049 72526 
91181 99593 66906 64332 2334 35599 44203 66341 14523 55158 50109 89265 71009 8549 66549 30262 13895 84686 5155 4763 
61169 36775 69006 64743 81225 42400 11014 6741 74162 20295 49760 64788 25261 85273 55927 38780 60396 36324 41275 29489 
83613 17245 52507 16379 77722 22404 65380 99419 85173 50870 80885 68131 4462 80369 11165 64268 81934 63487 83060 51830 
32061 12555 67780 11973 57820 82931 82209 74472 74148 57074 31321 17462 87126 15737 41235 48769 91906 2145 33717 77288 
55383 56065 24225 68677 33848 82246 29619 51364 85914 55425 98987 53292 11046 22809 69967 38304 55035 88069 61767 2482 
10891 41258 10411 45531 15248 66596 5985 83353 89141 15 39876 35159 4870 81388 36293 93862 62346 61152 24967 243 
9694 56728 7027 56319 61938 63682 55775 8569 99490 99867 77249 13461 45575 48949 66474 74525 84382 65001 48395 66430 
30005 79538 24935 64999 1495 72299 25104 33694 25622 25037 56129 26160 46055 45629 82001 26331 80953 31861 2752 10542 
28998 44680 68977 18493 91116 43513 25502 75832 55489 66319 44248 33644 47440 40219 69325 99067 54283 28127 24652 51610 
18490 42936 87550 66919 21837 64872 65619 32179 33109 79752 43763 35225 64821 95437 63502 74724 25158 85649 35152 95895 
39805 40317 8148 51587 22873 75682 78254 3771 54618 42165 70938 74781 31201 22410 77176 45534 49108 20504 12643 10027 
357 23952 79921 26434 98598 58465 5553 88121 28242 98520 98107 64785 52566 56662 64790 32598 6524 69371 63168 97551 
9090 23434 30862 43199 57485 91015 28422 91193 751 4468 55250 90302 6841 54215 28129 79523 39098 83194 30116 83607 
61868 15944 5003 20385 32374 70623 30941 8159 99518 83253 42062 94282 43788 33824 63740 83838 42804 85942 20735 63099 
92895 82931 199 24444 31064 79225 53010 31176 60750 63621 94849 27982 63196 15166 41480 60534 43798 2242 93167 29394 
96271 48866 35804 68116 54177 93411 60002 10981 15228 7249 28508 13507 43069 30141 57701 28662 54741 13304 842 52264 
47193 13958 95670 66304 39212 54413 81299 75577 21256 13091 23225 74864 72583 89204 94190 35587 75105 38977 12533 27292 
43051 3610 83360 37537 56932 38910 11328 27464 30741 35154 50503 4809 9650 71271 26613 16269 77526 97644 18375 35843 
85269 68234 48752 71985 85324 64676 82799 53914 69438 12891 51717 59291 77626 89054 84335 86524 28558 6176 11385 35938 
55537 11858 79878 37219 27285 37066 36322 97803 59236 33224 9238 40809 83904 41868 37290 66184 20427 65994 48268 77023 
77264 53873 77893 34020 71649 24813 40610 46428 36690 92581 71492 33564 74216 21890 89724 62347 75857 94575 17932 69333 
10180 25871 54385 4081 60512 35129 376 87580 71602 42006 57854 16887 18941 9867 6226 3605 82657 70013 13411 63678 
11502 92353 72521 22834 33057 67731 64742 55105 89232 89335 17350 53194 67718 38171 49636 48754 19692 64525 46199 5846 
23886 74450 28267 33027 34365 61066 57683 70544 25014 51365 85218 14331 97324 20246 48029 33346 83790 36175 5569 22049 
71358 25898 91001 78590 88515 39293 5957 60314 30411 19491 27959 17809 38344 1139 80112 81236 65211 40679 65017 87869 
50165 72133 73847 18073 4583 54876 14867 70254 24544 50871 35815 44422 68063 73924 65873 24535 93600 91533 50143 17327 
19105 82318 65148 12363 30742 10422 19425 39162 22093 54994 49219 22206 43186 4908 17292 71179 1184 99094 82669 94708 
68146 69932 80013 74467 86701 6489 27314 69509 16586 13175 4833 63583 83840 30676 98368 30293 51361 32750 55683 15470 
29914 1184 84026 40398 90668 74936 41263 37784 68748 23732 11119 91718 22754 13603 16618 59129 78232 31693 19983 65421 
43098 19196 38536 71486 11934 62077 81835 25763 96617 54834 73867 87157 12047 81788 6527 37288 75750 49003 89225 22307 
3509 87957 43513 51287 86360 77449 88446 17015 78019 72566 38717 45254 23772 49146 81492 22567 32121 49625 55524 22713 
83997 20048 16037 31316 1401 81731 18459 8810 41881 90533 32535 24522 1217 34710 52865 26106 88841 21667 90758 15785 
46887 13319 83876 38927 32396 64613 38506 79255 5382 62761 19773 62048 69662 73153 68279 49845 63361 55488 44456 90581 
51134 74143 53942 37948 51460 84514 26473 32100 90935 72887 25050 67586 46549 80420 3982 63274 32841 79964 40669 22431 
90765 41022 65181 3301 45463 56044 32799 85987 61701 98539 2722 47017 57312 36851 38136 95683 67306 4360 98274 93332 
1193 77753 46586 22310 50512 68266 32411 68930 77630 86998 56211 55924 74216 92359 78012 95359 62532 72176 2786 9467 
58115 18076 13548 20749 87109 64403 38280 56947 59585 26269 11372 59344 12029 42022 91099 81511 81091 83596 19632 99170 
17928 80278 67206 65913 80657 87522 76545 12516 99064 26357 25042 47387 16885 14979 41972 8196 49524 92495 55235 41057 
97788 16582 74455 4686 96794 10587 38716 20995 27983 74943 72976 19132 31697 71159 16280 6820 81257 76394 98579 70475 
16859 71040 51886 89349 86219 62434 51329 35872 15514 27034 73639 42559 77781 92313 48384 46950 31586 57361 27063 34087 
44268 40384 18917 40892 1078 91618 32648 69092 40890 73428 95535 85926 72921 79300 43005 30085 52544 82314 34001 35913 
61118 17137 10685 91177 76144 53022 18403 38741 42890 53907 98978 59222 61777 22938 32446 99814 43165 2871 52497 11276 
49935 56777 50765 26940 71104 48642 32239 99807 87564 9980 47827 84499 10369 63233 3049 30741 73491 59745 80446 26855 
9508 34454 21133 3850 21725 46438 53728 59343 92615 75103 18702 9215 47559 71748 66622 69139 95804 91075 6473 53776 
57405 40740 94494 1662 87785 10516 76519 80771 77887 13355 99575 20603 20305 28798 4675 1384 35586 36439 9694 80562 
13302 88056 26194 47796 26730 45327 91829 80472 18281 21393 73823 14393 57120 16023 41424 78792 46291 17951 13342 17025 
41616 98685 22954 5603 15831 40269 7631 88789 88172 35524 44653 33662 70075 29698 6226 13723 46808 48089 39346 49609 
38947 66951 95228 59033 74686 53399 34337 40552 93849 26092 75322 61673 78026 60678 64962 77592 37063 29415 98899 19828 
95314 25371 34082 87666 59105 34887 10198 71289 60464 88910 82368 5128 15768 48686 67504 60377 15571 40658 66777 96680 
44214 95241 89400 87205 58247 35440 44218 59530 39303 18414 95747 20703 14618 32355 31805 15095 47051 65141 91951 39166 
29062 67929 67768 78303 47749 99720 80691 85995 81147 14167 2491 30802 4230 74599 13342 97365 72782 37666 44063 63069 
45398 74233 73767 10899 51256 77740 11217 37069 4031 1455 89617 82800 9309 16229 67241 56680 1078 52602 29450 36932 
96797 47377 30442 87387 47425 12184 39578 83993 8177 92088 595 46798 10193 28604 36861 23383 52037 8784 4665 72490 
48006 26932 70726 91313 6638 66818 86334 56931 49891 91089 9637 45547 56044 12737 45691 87470 75434 20098 3471 82626 
77703 32183 38520 56678 48645 22846 10970 30450 70181 4026 23407 14156 45155 73745 25560 62173 37687 98838 70724 61516 
8407 43602 68922 88013 63077 80711 65536 91195 25314 96637 91918 68793 42760 5068 10203 84979 91270 78620 8723 9355 
94027 29889 24427 98121 70364 35571 72460 86463 43415 40039 24320 90716 93776 3400 80406 42577 80413 62637 82397 73041 
56413 63317 94219 4375 20905 46262 31222 30126 49327 82665 96092 5759 8598 36267 46947 35176 12818 6548 505 55395 
54367 15528 8511 8919 26365 82180 45947 51635 85839 95920 14107 402 4854 10064 28917 46401 16783 20201 94793 80686 
96480 94862 89511 44795 31994 79081 33628 35585 90421 7415 99810 26989 1352 81726 53232 82352 39037 22976 71173 40416 
99273 32613 55765 33106 79777 93130 23786 32851 34452 57585 33983 67647 73658 83753 3715 23860 11579 17020 94514 60733 
71477 19063 88749 78781 5233 68786 65274 33243 96907 11295 8024 39486 91940 81208 12877 12793 67609 76379 74387 68735 
1750 31505 98029 76074 34749 47567 35263 39543 46306 86582 58270 92362 32171 49349 44888 93734 39078 5607 56674 29342 
50419 32059 82468 15176 27647 19212 14335 89344 26793 27939 90996 75705 51712 57376 52080 62870 2023 65305 67191 88028 
77110 2572 63552 50468 7829 31673 5895 48272 53339 31569 24262 12923 90676 13909 27576 3815 75503 5018 31043 72371 
63600 98035 86276 41926 2539 31641 31491 85219 62367 65936 98511 80926 6026 9971 88978 34004 28654 72905 60659 66120 
51663 77385 33184 35568 57190 92375 61321 89114 92561 98384 71741 57592 25330 36081 29581 48968 8099 67320 76498 94710 
38049 43749 56993 39808 72521 9945 98885 31981 38403 54804 75191 14706 64935 32675 65081 59393 26156 73877 96703 48130 
13121 7158 592 53913 25930 67251 12434 23307 66556 57473 50999 33867 95687 43124 36798 17032 80286 80268 727 43886 
97520 84801 33077 56501 51606 80048 10674 39711 40288 69896 61380 16046 83620 77844 5002 58437 10725 56978 34550 51366 
4731 84192 28249 68807 43208 8569 70706 81799 94715 51194 83049 86605 17904 92009 83749 13341 47567 21126 10909 71530 
51759 15884 95718 65609 6771 52839 85193 72624 67041 61898 87568 21770 4521 33774 33700 40386 54165 9412 86743 21623 
4329 40519 75956 45866 33456 29542 7919 63970 64040 15160 18171 95739 36300 52100 11631 59286 77396 17592 7496 90720 
14383 90459 56698 90712 91558 90033 95189 86683 63936 67583 53339 6426 66371 22368 43478 38540 88759 62518 15184 41074 
40235 33932 57353 80004 93437 73082 5511 2624 5758 17056 3756 75423 86593 1279 60528 39315 82018 12046 47658 10946 
95899 30471 54953 59797 86757 98627 33645 70768 14852 175 7488 50665 38803 34477 93524 83712 55693 41653 7600 94664 
67798 13359 58781 86689 82689 307 8744 64969 13415 65699 58716 56081 97323 805 45362 63290 51612 9334 25229 20414 
9674 11071 26056 12701 47362 91561 88580 35425 32649 20275 20654 41721 18544 21027 19561 19515 85333 48761 71045 40323 
22668 85750 60021 51560 2611 60295 34040 70510 17514 32237 70038 74926 16439 11973 50704 64491 76734 26239 86227 83536 
4400 91270 59850 57371 21536 99520 43860 43556 34513 21187 53111 81899 83805 45600 34724 29046 84533 25946 20620 29889 
99386 56518 15771 44810 60621 34591 9589 58369 22209 45480 50738 32469 22899 59172 30667 98833 52302 34177 43591 5633 
31018 47333 8106 48540 28157 6293 37700 83486 19320 73178 27234 76808 95366 48303 54019 35135 20079 44281 38722 35644 
24130 13087 47520 27727 97925 90654 94539 65209 28713 50144 91922 93641 22088 6756 41762 84691 88987 11030 20523 43349 
61501 56406 41110 12673 98471 52505 97494 904 2483 74408 41036 21776 42806 31678 37010 39980 9637 47442 88566 59087 
31484 66005 79086 14649 27722 18108 93430 85259 77281 31963 13587 59385 24328 96425 44181 37256 66967 59502 90668 87415 
58497 96592 19588 79116 92313 69446 75172 71025 62708 21589 92564 69556 13725 50825 15826 45278 60036 5506 8101 27043 
81984 89470 29049 53821 94303 49160 50334 97547 30214 45966 6191 5786 26600 74017 10304 26541 53408 11461 27326 47929 
80508 39399 36694 69894 57590 88297 34242 47562 12841 62192 8750 73048 14884 12825 29183 98953 48671 22103 80985 73784 
34113 34449 20768 90876 73244 34519 15816 97953 69682 53136 99445 12080 5664 51609 34687 36665 65631 6473 54969 70573 
28191 26487 37901 67710 90802 30313 66867 94006 9635 42539 10461 44177 16794 97555 76836 83485 32026 40224 22753 94626 
9336 56061 82772 88167 27203 70492 6353 45663 31866 47208 33060 66235 33138 17221 72562 67191 55038 19435 56249 98338 
25887 86942 87537 54197 13041 56504 1960 8434 73425 90443 47084 3372 61508 75577 94182 42846 49254 55390 36548 78405 
96234 6399 72815 39570 56073 84054 19250 14494 5690 8297 75124 49443 39539 99986 64604 32373 40262 89093 95325 98676 
33117 31986 76394 30308 36050 56352 89430 50290 26795 80383 36901 65020 46162 62642 59132 53599 72842 52494 60656 3982 
90194 85785 73136 34679 69517 26029 38206 15893 10584 80722 4129 4382 76062 91868 51073 51723 95246 29277 20820 63523 
5135 90821 84442 40304 61093 1024 68675 66046 21575 21638 31083 12049 21067 68139 62993 63890 80352 3263 2445 47045 
13634 9170 75331 2017 78749 28291 18109 31868 5067 62885 59524 98270 99468 15043 19941 9219 14980 11862 86704 85483 
85120 56600 78741 87602 52408 55622 4039 82269 16128 70323 57208 90335 38910 10272 83817 18359 47205 55336 85946 6546 
91410 64773 84041 65653 91641 2782 52721 76857 62181 35876 41539 70158 53046 22799 86395 43923 40380 61669 68833 94993 
57650 38175 45352 96104 66234 66461 3315 21901 90989 72444 65431 20125 88912 40172 33314 52617 18315 32227 36033 39148 
56980 35609 79905 46249 2572 25805 87111 56012 37490 56483 26422 59045 33901 96218 20384 71328 22758 73610 72868 67046 
84252 56739 84882 68805 99979 60074 28605 26844 684 16825 59794 32824 89109 35036 73384 20113 59066 17388 65331 24489 
59990 20938 73422 86814 91942 34947 16129 75200 70221 82051 35600 78699 80181 33192 93840 56864 78988 75639 70882 89408 
62954 58999 81275 40475 95941 50186 30546 58664 37620 71906 4341 39363 24276 77100 79178 76448 96746 40665 36011 57097 
20925 5013 46104 14016 77283 83270 38336 10467 78006 79991 42184 62779 46322 49690 3137 49631 88081 1441 86262 63726 
75090 50642 65146 7726 45557 77747 67854 45721 29912 82418 79562 92370 46149 85154 36637 42814 25576 44897 51803 28803 
58131 2814 74246 29185 84752 3943 21614 31737 38139 755 37127 3665 34947 90392 27839 5672 81168 99474 63309 27874 
37447 81828 53313 962 64584 55464 54538 2514 84634 86136 41842 57557 94943 14501 69799 53020 76235 20591 95071 64272 
23347 47508 54080 49864 48665 66518 50900 48063 9185 19141 97857 57483 43814 12995 94570 39509 34065 47400 31512 96109 
97163 48435 16992 59287 90016 90072 37196 15765 15868 83615 15313 54063 90918 1897 685 70458 29936 12863 79494 50315 
65183 56070 94670 45268 39396 98765 87833 60158 61162 90788 99781 5086 25324 23154 98481 43958 27852 55681 96434 48459 
59 44135 55816 73755 28548 75213 6876 4580 79329 48313 98673 15897 27758 35421 38433 5106 55969 23582 23657 21147 
41019 98762 88788 56258 67373 24624 93708 36816 47134 46206 20227 25361 92541 90175 33555 59034 95499 11129 34887 31701 
32206 44116 32959 48436 97415 79496 60068 32143 58641 69689 85390 50628 36790 95793 84870 52231 85717 7340 22117 52506 
11301 18459 95175 30819 34572 48337 93840 78571 58813 24325 73680 21466 61875 84390 42139 27358 64655 71511 69263 68332 
69255 15967 53986 35275 5419 17275 41915 82741 39657 55354 11054 33480 79983 15916 58419 38643 19550 24579 51818 42976 
14463 38375 41658 356 1644 94333 28223 24231 30991 69043 52398 24301 35843 76227 2880 53894 84744 41328 57588 61810 
18677 42758 33138 83795 14963 86470 27429 24230 98327 85148 3040 99964 37978 34879 15260 55393 19507 23793 71214 77429 
70477 43870 80431 34728 9202 62317 10944 44068 78250 13888 14028 70106 91280 74613 89280 51097 65267 2992 18768 67477 
11114 57484 4189 3735 84785 61436 3666 73785 14339 36384 92149 99229 95450 44503 20013 56551 35934 84065 54622 2939 
52463 32984 43681 60960 81328 28547 44076 68789 59816 36929 22153 61473 87922 79559 87653 57095 93078 64324 25038 8740 
89067 51327 82756 76448 98022 9479 16742 92444 74708 38824 26407 10154 5027 53260 10892 9400 95151 98534 33818 84207 
30516 34704 50017 98507 75579 82645 16689 68226 98571 69165 91043 70369 94051 69117 97610 16998 71432 68133 57289 16691 
15504 37851 99902 44511 83248 71412 69962 11377 89641 52818 86430 6542 15960 33668 7152 2289 19812 22523 28354 91057 
54386 56728 6396 67085 36573 36431 88560 89974 82795 51669 76710 12838 73394 22292 18603 87555 62451 45352 87641 1653 
93713 83158 67935 83825 9030 43042 8897 10537 25217 57605 41365 93777 35873 81061 60597 45145 22705 43561 15122 22528 
14844 94347 85074 54182 44854 51208 69097 31741 72197 69942 4264 73185 89888 89939 76077 18770 12080 80486 57229 17241 
83754 75493 38253 83985 61431 64064 77722 92173 497 88039 21502 68547 53853 55831 25785 20388 3401 68348 15804 64687 
84931 10799 72813 36911 40983 85573 71334 40652 33409 19749 16705 38344 40707 63838 36795 13284 52174 72838 17979 17068 
27299 43826 89581 18016 76118 47120 74962 54343 82119 5745 57963 31016 63337 8157 23116 99125 66057 60731 22483 94303 
15655 45261 45699 64063 80481 70078 11386 27644 18471 73459 83415 26522 97957 85844 72004 80810 56271 26346 39911 33375 
33320 63454 21205 97266 94493 63139 55313 76635 94058 14933 70848 17739 83754 55610 92279 34616 63322 16343 6307 18951 
44893 40582 34501 80519 59312 57877 36457 73334 6759 62936 71695 53770 75107 23477 36151 56554 36641 42774 69299 80820 
7173 39107 38679 63877 97849 60495 21015 89123 44063 68020 45012 11454 31597 59558 40881 55309 50373 79730 17002 39148 
68725 69033 49837 29659 25932 96390 89430 33696 9703 45712 50402 63819 48408 38163 94043 2 50116 77875 64009 37894 
28316 79225 96096 25049 69344 30454 56471 63649 63997 27338 38764 26381 82742 74928 59384 94316 42157 34745 21272 21834 
38863 32744 64087 47096 83632 67706 30257 86548 55681 62412 16326 59217 35024 5414 46151 59982 33117 67215 44808 4227 
85546 25162 36206 61282 59655 87850 88803 2360 14022 68306 35977 41235 93181 82809 6877 74309 49603 48588 31428 22757 
73958 55846 96082 30389 36905 57685 18440 96221 98509 85235 50496 44024 77405 11537 71722 24644 69097 62571 68924 20889 
18549 68238 94157 18749 74684 2949 82414 19597 32118 6474 49908 6867 61918 36065 70672 21073 93779 59429 60621 14237 
11925 46249 10024 94638 16129 65007 83014 78297 44196 49744 46204 97164 41721 81813 58297 38125 53779 34173 4144 9308 
8392 54027 96810 27972 68643