55200 94965 80402 65608 12631 98433 19620 25312 81308 81243 45333 5192 85075 53225 45943 64446 44932 75473 56693 17715 
5337 48339 82830 96511 2187 8255 10933 60303 53571 29006 10212 4383 10581 16018 81879 59182 79590 61694 25205 80418 
94052 38918 25286 42435 73849 7919 91646 62367 22280 27693 32245 79095 5707 53177 79751 58921 45637 82128 98116 99217 
15742 91725 2799 13091 89421 69472 42789 94417 41319 31338 58253 8825 45333 77465 63822 77365 76714 72253 99878 16939 
46158 55928 92040 5735 6429 13313 49105 48808 26135 53966 92648 30272 81598 75593 16788 38651 32851 24934 34601 77559 
13357 38817 50214 41958 1367 35921 16393 23490 8835 75114 96945 8175 98587 9001 70818 53070 26823 19440 1939 38597 
95196 38045 87845 57948 26460 78859 90943 67018 4696 67758 32020 48805 5864 30512 17932 45221 47985 30913 72071 14602 
65784 16339 39889 60253 55520 85898 88368 10697 23088 34375 34245 35343 74672 90947 8961 98399 14952 53103 21877 40756 
0 44289 61878 81062 35768 89511 27403 8316 73808 52164 16704 46312 45312 35266 9855 6498 37112 40116 12307 51245 
43634 87191 33787 89061 42614 18532 28378 75849 24299 50427 65567 41577 5013 97437 39553 94067 87638 90300 87303 97626 
56359 82622 62466 34630 4952 86936 32793 39868 37149 96841 36128 8827 36517 36234 60514 36935 22830 78305 80108 93748 
25532 38598 74803 86106 58424 72352 70101 12356 95220 20478 86881 7418 63485 33427 28796 47037 59159 62650 25986 80018 
19282 86633 76621 31685 70035 67321 31654 41467 22686 94751 2112 24824 24105 82637 33650 38979 12739 63733 74740 49467 
12127 84092 63641 35305 44229 92623 3205 58862 39226 80355 80179 36743 57209 70215 73062 37461 67575 1265 83007 26665 
7212 56583 99683 51564 50161 56533 63058 17442 72567 95420 95519 764 43633 88070 12756 5202 24152 10442 77826 19968 
76662 48952 83614 3484 36422 74547 67964 31785 33912 74410 97095 5555 34929 91758 12271 71660 54296 34885 77402 86324 
33042 52469 49701 11203 86747 56369 28894 28033 98359 36172 17128 38500 27602 72852 68190 95904 91664 22604 16547 2542 
17485 25875 40114 84011 46071 94825 1392 34773 4272 14672 96074 68844 95156 34660 147 76053 9645 92012 14122 99060 
47673 32021 74429 45361 18068 68299 70575 33996 16808 12283 39950 53103 53244 22603 84445 55890 82959 85955 55458 39036 
89848 52152 32972 99119 70367 38141 72798 81349 66360 42469 91262 79044 60780 73782 90868 37924 43745 98195 69357 93625 
96969 75517 28888 86883 90189 91111 88660 71896 51896 97969 50891 47995 23322 8168 16698 14835 32540 93705 19741 23396 
21245 48167 61586 65953 79512 15026 29693 34052 79730 16081 21051 66380 53478 13485 69321 44351 26426 22255 46996 51038 
30710 78948 46270 32091 39953 43795 86021 80762 13079 60172 26757 21899 24785 32157 3185 61358 77060 78526 33465 2734 
28720 28622 99114 97110 70652 95945 56398 13098 77618 36633 36766 92776 17798 74140 54480 52307 56258 40 18672 11992 
94706 23097 77315 12157 47884 75524 51506 76079 59331 70766 86982 64596 95260 80722 42678 45868 62377 1432 52141 17318 
77287 69065 10885 53508 99867 88257 10072 44008 87745 3546 8463 17148 81028 99897 52793 1318 2707 31343 71847 95301 
72275 26298 30093 74238 9283 83500 10898 14061 93537 10725 60984 82955 99654 65025 99205 99389 36832 24429 19860 83386 
27146 80687 89191 54799 67360 12456 86544 8906 16369 36 49264 82942 94527 72576 92330 7679 24421 2714 44420 43699 
68211 740 19469 63558 850 60939 79311 1753 30201 65744 76527 38007 19906 22014 58173 20715 14309 63556 89392 30982 
45490 18918 35204 5047 65583 27245 83054 29013 57352 27880 45924 7800 21410 91676 30765 22693 58316 9027 20909 30616 
57298 25180 85050 13445 59731 68584 6153 23987 44331 48180 72026 64233 97539 24015 46766 95059 94086 64600 70832 5208 
21024 12694 19110 60437 53238 21566 15953 98784 15090 4732 24030 39461 72881 19411 76487 97498 73137 48628 73779 18314 
16711 14717 22734 29334 82171 90863 38785 75923 4242 49717 56152 70562 52857 98773 48495 15745 55718 49728 4913 77815 
22286 15624 3854 15502 57495 40602 96746 86993 94495 73927 38786 11306 28130 12352 30733 40771 91076 9743 36796 59295 
73214 84808 79444 28423 25935 97219 53721 97451 38999 71523 60062 86298 13429 77684 96320 5158 68416 62912 7060 63509 
46156 97402 43267 39820 75561 64004 80919 65064 96971 23818 69778 28549 9267 55838 25054 2578 12134 50879 95568 95619 
44585 26802 64048 89491 50008 20022 48178 67155 96895 9184 83806 24715 57779 81719 62488 23301 33880 22840 80743 9360 
67609 93434 15086 36697 31752 18341 11838 50245 6506 32709 42989 91317 4020 95319 40289 63782 47584 65237 865 79114 
95393 54954 8282 15925 39424 66926 2919 10126 22772 8260 55899 90177 25902 61157 64906 85505 64886 7838 1434 89511 
92727 86991 18804 88495 46771 72342 99649 33909 40515 74296 10141 42199 95026 25226 15393 55107 72113 97805 90536 74991 
83131 60670 5082 56848 60270 13413 34450 70831 25106 27276 33594 34475 67190 93187 55117 65080 69668 55587 6469 97809 
35497 77912 35189 93165 82130 82514 45780 31138 60414 63735 63955 71464 61440 60 26186 27739 8055 58943 24297 11769 
95278 72549 76589 47439 4167 96987 3039 44783 88127 1481 73361 54126 65883 52461 12168 14461 27210 69809 19020 73796 
94243 36094 33509 387 87574 92523 20682 13341 62226 66031 27073 29919 89848 8091 69450 87928 68748 15299 14317 58530 
27207 41435 86208 3893 50917 95868 59418 46523 59533 17848 34631 80887 94414 91218 42552 68647 9273 44916 99014 22558 
40253 78738 39585 50293 60774 7507 3638 87026 57351 70618 39430 31845 18803 43108 30976 68324 77487 72378 69719 54638 
58885 34283 21091 44078 56544 71328 86426 15089 49599 93982 88522 55881 38459 16239 65384 30611 18762 79478 69584 45498 
48216 12798 11076 97065 14307 18192 18144 56442 38080 68162 80280 33217 41667 19312 74847 20998 16536 41894 17584 51174 
4976 88397 39769 84361 97247 13348 38859 58321 54816 23498 20922 84181 55097 67600 68484 80198 14283 64333 41517 8395 
4759 69733 8063 86378 99379 60601 44723 62988 11798 84347 8376 6580 4048 498 27142 26341 78735 46760 50645 27300 
55373 95242 38815 77727 28767 86130 15787 15232 75792 53562 12949 29023 56715 37101 49341 88984 85347 8591 95450 83487 
93616 79585 16071 3042 58420 44422 93939 34337 66158 62026 8027 33604 28624 88272 27451 5400 48257 23653 75161 19604 
39326 76600 42305 21468 70799 13212 68944 32248 16019 17614 19203 3785 43514 56817 89452 92693 22904 37386 5195 55319 
64806 37577 69704 50887 75723 38854 9623 6960 59890 16694 44443 7986 19927 25418 55507 35395 41293 92926 5049 76753 
90934 26953 96698 98993 78604 38431 53308 27243 50277 26949 85462 28108 73412 49466 4682 46600 8382 33644 2183 47345 
33021 89507 52127 69842 66602 91237 98262 77407 84386 98692 85390 52209 56823 61628 46724 40069 52657 47584 23633 53862 
63784 15347 10385 260 19259 97500 39009 56141 76159 5264 5055 21651 9646 83178 79016 71831 85918 65561 10471 87391 
1467 69692 2058 51149 52572 32697 73939 30841 54423 73980 11577 79700 64596 9352 58891 46839 1568 45579 48372 97770 
26644 52482 59256 55442 289 5856 25939 34839 23037 67522 40242 1410 35372 44198 68161 58497 9166 70751 18576 81530 
63846 94134 33763 36158 57019 67209 59620 59993 76853 85606 54622 42862 99684 75235 78038 10126 8979 38203 26406 38473 
6928 98605 90754 80514 88065 41912 84363 99410 54856 85885 4407 77256 97274 31108 73536 49637 19517 11539 95348 13457 
33868 64277 3384 67381 19294 61230 60516 56720 39711 73453 75733 73225 26052 64115 17594 88268 31267 53011 87301 85182 
40084 58261 37324 66973 43166 71345 99876 52456 58278 98885 63833 84380 2265 73893 32112 31713 79168 68677 5376 19454 
75053 28789 21214 71401 19535 68124 21124 58558 264 89343 83528 26105 54157 79485 15642 14768 2883 74895 58978 73301 
3975 41731 85777 14857 64320 27796 86624 17379 77181 17120 90979 22980 6663 10453 79627 47901 36646 4716 29749 90383 
23708 28841 3150 96313 99505 40663 53211 31156 70671 86208 77421 78716 93692 68059 93566 30801 32964 26769 85035 43425 
32621 47458 9459 71604 89264 93221 15780 6274 98277 93146 75610 16810 31365 24714 22914 25142 30721 93019 27713 80219 
5246 40939 24519 83241 55596 76835 29292 87032 62467 10063 32784 85755 36332 49613 88962 34718 46517 50984 37535 92462 
40202 36250 36831 76593 13961 43063 52026 75695 53813 6487 90468 53256 67545 27224 7993 61905 81390 82336 61393 18383 
11948 94787 85053 5721 37488 13310 83344 64270 38187 50420 24905 78592 69224 25391 34361 11242 58362 27439 46996 68616 
52391 76527 39252 69596 23092 48622 82752 42245 63693 21827 10556 81843 14562 42967 46799 68188 22851 19554 90457 13203 
17040 74015 13451 78374 41523 63432 71026 89116 23965 32284 24412 76986 71474 77600 28281 68258 24036 57613 17332 9534 
56404 33351 69903 29041 88664 36091 47150 39261 8313 93026 57025 42463 71366 27907 49593 19510 13454 50323 14307 54966 
94453 91554 56671 25988 6483 2695 65549 2426 7099 79901 84325 45451 78260 23834 31830 69764 30289 42113 73138 5684 
49873 95190 3831 2014 5931 81707 13689 99004 65862 24555 53932 44315 81604 34492 65635 82391 22899 73879 47324 59996 
6406 68833 8447 28664 36772 85571 63037 90178 20662 54719 31709 44340 50814 78320 50995 22165 24653 93126 63725 41564 
63012 26785 32761 34170 44914 12246 20974 94894 45901 41477 17843 89537 44408 88442 41224 52762 8836 73463 45782 37729 
4151 95497 30649 37744 17887 55885 9631 19335 11265 72852 46772 94841 22867 8460 39012 23350 60665 17707 49924 48629 
37599 65175 52677 90156 91598 91401 90704 97839 17360 57582 5148 22917 5595 66616 25597 93579 84118 44724 38390 63439 
60393 15096 44538 38610 59808 3049 82645 35665 6788 80983 92163 62275 14276 18953 83376 90697 12579 47330 53421 43775 
75451 12141 67320 87753 4593 79900 12942 94122 69750 99228 4200 32750 25327 90130 35378 68616 87392 99229 22210 14891 
86335 9395 25659 94101 21648 56204 27094 46738 32230 68632 52725 61521 91393 4148 25609 66746 13965 69015 24020 1017 
88092 82103 80938 3431 8369 89007 3872 67415 82681 79281 38045 80418 28886 51814 99825 44539 36646 36519 62721 99987 
1707 24500 14544 56945 76405 4980 2273 63257 63862 45439 92149 41257 46435 24528 68393 4801 73107 22027 4700 65956 
83663 10759 42445 50341 54937 94031 80073 40731 94623 96554 22846 68938 8878 36368 837 19638 26667 15115 28955 45357 
14382 24069 18355 70231 32317 47239 19580 47094 85769 77645 98427 27387 50850 27710 87488 60454 4733 29763 21403 79778 
26 85186 18758 37146 75126 39800 56133 89074 83779 928 1176 30077 87342 14352 88212 94254 46171 60138 66625 74522 
27214 10751 28094 59415 21520 76029 34182 15459 70516 24898 56026 18741 16420 18398 46067 13215 99191 89985 98270 31365 
18178 66373 21883 24996 88703 72794 84741 18860 54515 11961 54985 55615 9651 94037 19047 11074 68589 48367 19272 87390 
90618 95174 83040 96402 37353 9327 31610 74895 84775 20202 84401 27736 4478 25859 46001 47359 87991 56199 28084 56573 
27378 78043 73639 71907 1814 58276 95212 35870 11677 74932 96842 78847 22613 63617 72148 1753 14842 80202 17512 9262 
15176 19546 96856 95321 44109 25499 78832 73560 12720 49780 76037 84781 20598 84644 58393 70844 72354 22658 42946 28462 
73250 22947 99310 49550 16147 82746 23356 25577 52619 76416 30001 37013 14302 12304 55572 95334 69001 38593 21543 3996 
37625 82516 97413 922 71927 38783 53331 92709 49932 38382 64396 73811 84346 30276 16279 96830 64815 36508 46343 7434 
8287 97698 25816 32816 14278 21384 72110 35742 14323 9470 24411 23066 2393 41715 57592 92575 47662 2893 45386 70023 
58080 46640 67551 99426 48842 61190 63203 56374 71209 28724 1041 27909 73729 71858 50330 94582 12040 57751 95038 61304 
37043 63331 33242 58444 59403 53105 55162 64387 19163 64097 92258 6170 37167 87709 24073 99649 84283 18020 92249 86506 
37090 80851 57890 98899 88766 43022 19342 54877 54262 77815 10364 89421 68319 7906 94855 62461 39103 81865 41163 42102 
30346 34839 53034 10426 27661 75720 45116 87378 67320 26278 98209 10528 9782 2747 65375 34351 8724 51124 39551 81675 
65187 23350 79436 68565 93015 55029 47484 68417 58885 88299 78568 73877 62869 99446 71719 25684 45737 97578 89710 96095 
71807 16087 88347 13029 75422 56690 28996 43403 13508 82433 52696 45614 170 24154 61446 47313 30455 47518 75887 17690 
9141 15337 24805 81712 73175 92035 98673 1709 14930 53223 7222 20200 71073 23166 6841 23835 94952 61776 81420 93104 
16242 65666 94028 63113 90835 96713 46451 38986 17943 76392 53984 37435 23264 95462 73631 72354 13756 55568 70184 20662 
30591 46995 96299 3037 11105 86126 4048 28954 27412 75486 17980 69182 19064 44359 85317 81635 21156 46043 83866 86040 
65951 8619 68299 75591 60050 13792 49622 25280 10171 72697 23347 32931 66906 66416 46567 54977 7480 55064 44274 6998 
44669 91296 7280 41618 57618 57002 93501 78642 89931 33970 48423 6572 56511 78246 99352 13442 59165 12348 86366 75363 
27516 64269 17764 93931 41056 28173 75090 43523 64511 29069 82702 68255 44303 53873 18435 79571 6175 39511 34731 16182 
55488 66676 15100 2758 26764 47617 97341 46362 9025 69170 5961 72610 27855 70490 19506 338 22564 22394 83414 46099 
55961 69816 10412 92268 70028 98589 12560 46751 47120 78515 46678 55246 93739 10855 93233 78366 6572 85890 67080 66442 
85128 51211 57869 90514 76673 64540 78421 337 83688 48455 17605 93547 76678 95369 49852 81549 52012 86877 72630 81374 
74090 33058 92750 93148 87167 88702 10039 77750 3459 17650 71564 29406 92524 42100 21249 44070 32032 35365 56838 3304 
59770 38218 78471 87173 31440 33989 10128 78596 92550 63291 38017 21336 97312 44957 94124 58066 13672 66290 77687 74374 
79447 10547 44807 56016 76155 73239 80131 32066 44922 65090 49003 79587 37182 46470 56496 90427 21686 74248 79291 96415 
74245 59719 26106 51805 85215 57998 85461 75314 79839 47746 7144 16026 2175 97822 71988 96019 70530 48895 86406 80778 
64048 51260 65393 16679 15992 74848 19567 99341 91187 10340 62944 61049 10935 10435 45099 57595 2994 85347 9275 58151 
29709 71071 72978 57383 9657 15500 94959 64407 35972 90719 82186 82362 92250 10237 96887 57235 84138 41245 98473 58033 
83085 59375 11161 97183 72442 11682 96513 62729 6175 34511 96169 75976 97981 74533 71020 65358 14098 71879 68986 24144 
4638 51912 61285 99455 71712 52372 92515 4337 55458 82708 38650 31236 58492 25164 91733 96180 743 29928 17556 74801 
77205 23555 45899 65765 98271 26890 2631 79624 81525 72108 31358 8598 99622 34732 65715 37495 45146 11364 3586 70787 
32706 28145 11899 70591 21218 69202 62571 67642 51284 5959 86248 78690 41378 49637 56477 42621 96245 17320 3140 2443 
36998 48099 15587 98678 69065 80247 32180 23699 21419 21073 92699 22607 20955 91063 56508 75781 84947 3802 41763 59911 
87881 69816 6851 83774 55383 75767 70199 53575 44768 30900 45570 54543 34775 57027 69648 42307 74636 37093 73581 64620 
79329 70851 9125 63949 41615 83410 28640 98130 68267 81549 52437 50617 40594 38088 6732 60928 18636 7711 303 33107 
23043 97285 15505 19851 89264 71667 60235 15123 24598 75523 61827 45582 164 97452 53432 91870 56421 49451 55203 28179 
18683 55606 484 33131 28061 59881 27031 16934 75941 62159 63700 96694 91697 41029 82980 48032 97880 77149 21511 85677 
9932 80443 69998 76095 3214 17652 59781 19470 72907 93795 24912 63548 29265 85032 29706 21759 7578 96446 84308 61289 
64684 16779 34754 30434 51841 37697 72458 67621 49052 62165 8991 48815 33743 92370 77995 98871 7438 94828 2669 79774 
78967 45532 91710 95984 22086 27047 58519 28487 514 11651 79920 48242 39857 21964 13407 13479 82268 60764 70283 46074 
22133 11376 3136 85312 32859 86928 13195 82659 9560 37981 86154 84481 23697 51757 67695 43492 21712 20384 80596 69339 
83301 55687 29072 19496 97548 83606 3486 25667 67133 99081 22382 84775 85928 8347 28954 78802 79231 77917 54584 40845 
39641 42993 92712 66083 29931 18051 39261 12519 46776 82553 11850 44898 5057 62217 21507 40843 84507 45374 18816 87969 
63942 49039 15093 36615 48691 15346 22700 85927 49175 10241 69289 23013 16979 68926 30687 10067 47830 18798 75370 69994 
42897 87320 74414 61306 6006 3545 20566 61185 84450 17690 23881 25961 26824 42091 67996 20698 9361 23233 81985 23354 
72425 76391 55643 94435 50890 32208 87458 46121 94093 16638 56413 4992 6748 88708 53896 49779 76014 91847 15627 38541 
49996 6201 26633 79591 94448 9141 69410 21784 35913 18645 95572 97121 73362 20180 89072 23738 87882 95435 94655 18573 
18727 38257 46519 75911 54067 30424 53201 29201 3032 3181 10306 28879 51784 95194 57152 6398 92778 4633 4790 24694 
4502 94319 97033 21905 16405 91004 74512 85471 92863 38828 39554 51048 68328 83683 48619 87702 73585 37038 84432 64639 
96900 61063 7081 79751 21911 62705 95839 25380 80753 43167 36040 57808 6176 76703 11572 47415 59684 74471 66445 46483 
14558 88498 10249 14696 92990 5384 65133 38519 67971 39272 95155 44572 40867 78026 49419 35456 87595 45345 27905 86928 
10800 95818 87194 98460 11760 48020 21478 25993 45453 57468 57626 53734 95831 51695 11344 82390 84950 96531 92725 23401 
67194 34957 19280 67529 69777 35000 46839 95700 90907 10467 23052 83390 91825 85494 18847 9179 69095 34310 56927 6468 
1414 10052 21955 92441 19512 8876 67346 32568 82601 73402 33535 31695 50644 41060 48833 58317 38152 40435 60095 88386 
82630 18492 74033 63983 58791 55477 46792 89754 82799 52705 24540 12281 30088 99143 12565 59119 74799 39719 31790 14712 
76240 91311 16146 88042 44284 86594 43801 96248 63631 2871 17989 44603 77847 63001 89987 63377 53027 12666 35911 19670 
23764 8601 1739 94545 6467 83830 16658 18457 7847 52023 81460 2288 36140 92495 84328 89725 64382 93988 27673 94711 
22480 34578 32133 25582 12602 30562 73008 21124 36084 79209 51752 78582 64240 41187 55359 18069 25909 55978 14258 99426 
30760 60660 59380 72103 42352 1004 17244 22779 22801 63515 91484 81869 50030 44282 67678 13998 73177 35713 84691 28265 
41279 83617 49551 11057 75240 59313 63894 73637 76396 32864 80225 10425 76950 31586 24645 17219 15107 60429 33541 87959 
27563 73144 37451 59659 12307 20525 25479 57259 12945 62193 60696 78255 29209 71149 7437 1954 87365 58320 77487 9750 
82760 97715 17153 34128 14881 59800 24061 13237 82148 45574 99933 43280 23227 16648 90703 34345 71723 55432 4581 12962 
68806 95423 39646 55919 34887 4977 86234 60876 67873 54159 41104 28469 26596 70557 18055 16991 73001 55423 62367 55959 
84494 65674 48010 53809 37414 84114 53194 79292 77883 86049 24821 8515 65201 58626 64389 82051 5354 24451 33434 44190 
31594 49790 95892 38540 62482 46085 32950 22384 82579 71983 80789 14598 43487 65901 11654 11955 2367 53740 12230 17991 
47213 35655 21498 54223 4218 26720 73233 20379 15440 15870 48985 56581 46352 81038 43723 72611 9875 77933 32653 67517 
31751 4978 18087 56372 31056 9545 67434 13696 36567 90820 64244 77131 94684 61795 70598 30101 91992 97758 39218 64528 
11826 32106 46562 81896 45273 29936 73837 99578 30469 29963 9073 88762 40094 13544 71677 97503 98638 82833 36046 2695 
36600 82365 9243 32957 43476 42093 99559 28776 29436 74746 96739 62994 73077 59957 79253 66562 33604 82325 82229 49697 
78600 95693 37484 50355 55250 66723 14276 55171 60631 29110 51538 72960 4735 62819 57916 30290 21953 77658 20335 96448 
74499 96767 70112 37596 87123 60681 68992 18837 53724 15105 26182 34839 39725 3445 50966 81468 56619 42403 10640 7186 
12169 83940 24168 52883 86757 56294 85057 32665 89892 85584 2341 43428 44399 91331 86908 26474 90773 36532 13885 38872 
20314 783 82422 84112 52834 19626 98556 97113 8052 77838 54602 19994 60974 36938 60178 45204 32018 69451 57819 29035 
25050 71207 37702 36641 89388 49080 66247 7064 4958 16567 53203 10702 35460 57773 80837 72018 7426 56429 7308 69156 
90656 5420 38800 19616 47447 43221 91297 48352 77240 49599 37258 49851 55093 51641 57255 39975 30836 35816 48390 8420 
80696 81926 29384 3322 869 91019 90525 99812 64886 99401 76762 32454 25037 42660 98636 44418 65371 77698 69415 11981 
90351 96054 52076 88417 47242 86015 47107 12238 97808 24262 4956 38719 78602 88643 85975 6710 74808 51426 67928 82867 
65276 1607 61222 54593 57567 91754 78043 27314 54751 49816 33161 57791 51552 9755 21317 20741 29800 78734 83348 26012 
74038 14458 30853 53422 10444 371 89536 14782 20926 50394 32942 53407 69395 27238 51852 38136 870 82493 12962 35469 
49184 47694 93570 48019 89204 47451 62742 14575 25320 27266 2529 92807 48624 60410 43799 38626 98151 83426 20089 81112 
93552 82287 71903 17957 78016 91791 95270 40385 38332 73472 55336 15077 57545 31833 89034 46176 47288 25002 12328 53045 
86074 10352 41608 49543 98859 98854 98169 72884 35280 63027 74666 97233 52696 10267 52448 57111 94618 94749 47166 71734 
93702 45309 50010 91032 86718 44729 21524 85024 53775 65695 29449 71803 19438 2036 86691 64826 25461 84267 73816 39434 
79445 50132 68963 30232 23778 76155 16571 93494 16623 86676 65049 25026 53842 41308 38683 63417 47339 70074 13405 29395 
20572 32891 24043 83833 39923 66549 42554 63488 36053 99045 38789 81695 93277 34702 9050 69447 27514 46690 61206 21169 
97084 37041 9041 23931 18751 51437 43726 42795 65374 83505 32032 19303 84812 18553 85563 6892 46330 92509 24447 492 
67542 72529 49198 98285 94600 95612 47708 72887 5818 59480 34814 21943 94428 76913 70939 24063 91254 89840 89913