61224 46762 67798 14459 64658 28098 15098 42550 94212 85208 59671 36369 60111 63435 51728 35083 39034 65917 67014 66433 
65386 69852 61714 69050 44678 60267 32264 31811 77876 870 62702 71743 17510 6040 39245 93536 54095 39569 9370 13455 
66337 51125 62137 22993 9488 55781 60910 73399 80559 97196 98391 24106 10654 63200 60318 86820 96953 87341 74191 10148 
61867 85094 55703 9287 55401 95509 90464 62586 92333 4149 56426 14528 69317 14288 20659 32388 20192 85341 46337 33438 
25405 59577 28730 61062 74847 11325 70714 48045 78185 89633 97153 19628 93766 48354 96796 9029 88628 15737 35529 82807 
36105 87169 65650 4646 92007 11373 15186 34129 12004 47008 28063 70350 29771 72058 99267 7696 80567 11067 79777 75992 
89318 72736 3164 28208 43256 92635 26302 65967 33207 84756 36356 11433 3340 84321 81038 90120 52114 39916 51992 22819 
53276 11318 82655 27870 98035 5821 293 16053 58234 14868 17294 71860 46291 81657 32717 69872 26269 98335 69871 79124 
27365 49253 42626 17780 49097 87297 36095 52549 71279 4708 63054 45378 52973 91162 94316 45004 56962 57502 53011 61236 
42376 27001 3091 21211 50884 36533 2987 83028 85825 54047 16581 32972 50844 63566 95501 78452 83897 70316 30091 37022 
65101 32143 87405 67243 10275 67392 12968 82787 65278 64045 45024 6245 27161 31879 97565 61497 4237 15330 60964 39884 
25548 62079 80410 40124 61626 37946 93989 25868 89872 76912 84127 23492 22287 48801 35528 62469 4121 69207 96438 2200 
35746 8916 21026 64345 33987 93820 21496 98304 15473 63695 47335 51790 67798 61661 30043 46810 67246 19409 98134 78568 
57573 68048 45507 42401 14846 71450 13999 67085 51169 10791 13494 70428 38697 56423 97555 40945 3092 24118 79276 20531 
28638 97877 97027 54681 50975 90077 23792 40072 40475 90558 10958 8733 82772 65271 85411 49133 97391 66512 92730 53738 
38923 96216 28402 96525 23302 26091 62500 51288 86366 60008 84010 75155 79953 15686 23550 81355 89282 61483 99370 52949 
18296 76632 43296 18461 67819 60419 1817 94035 34883 45295 21583 85692 67721 31912 70669 57598 93322 366 71740 85458 
61563 21794 29077 43522 38181 8772 45218 78642 44698 21466 22688 47032 96551 35324 46526 4552 63886 52964 85736 99940 
19489 39554 89612 40803 40913 80436 64566 3113 11465 67150 68343 30072 47715 68402 48111 63763 61822 96412 89947 70971 
66633 8437 26747 44325 18748 11772 79493 91610 12538 94349 63122 24401 94137 50647 6682 36577 28700 97464 79066 11860 
47375 60449 74553 10343 68913 95879 91839 41259 39418 11929 95847 44474 52048 74660 33867 20367 87503 57194 16370 42791 
92969 24747 94 2480 76052 30323 30355 30445 91027 61385 37544 54015 5515 84548 28079 88817 43623 34315 74230 5215 
60174 21504 25612 93585 35428 78898 57157 76253 5349 58772 26545 90177 57699 22464 72978 74222 60039 59453 77316 94146 
9343 21336 72256 43698 42763 63259 34216 71000 8904 9452 70727 18084 40721 95590 76701 45120 1843 27851 96198 69285 
2971 22330 46741 64519 68723 26626 88164 95309 10870 82745 39616 60722 20483 89145 79006 29213 57660 59216 70525 94628 
70154 56622 20984 90650 33508 77520 70098 23125 40713 21791 1089 22533 7676 79725 49514 71576 16471 21213 80271 67624 
24561 3563 1576 37368 67656 63188 13985 92495 66750 91278 45177 50170 37058 34594 13270 76925 4814 64286 18775 66854 
60498 54214 92887 6506 74937 70767 77026 19130 96160 65425 46651 39506 38304 23880 72349 50452 67040 31372 28631 97107 
90400 89387 72631 33665 22908 91755 81626 74711 91774 73629 66486 86896 68441 75260 1090 48413 22348 28129 49462 74493 
31753 25819 84540 79821 74074 82149 81321 32039 29313 19525 60124 53698 14839 42300 13850 44271 89669 59152 49480 54657 
55987 47653 76676 1403 13841 71320 71012 27034 40134 9820 87414 2273 32968 14348 29339 67825 90466 95864 78315 89897 
58963 32367 70782 25759 85432 9742 96033 51978 21204 93257 48191 94991 16136 56234 7823 72639 80289 86679 12534 70819 
90597 61600 19770 16535 72922 92957 6409 45972 59941 91195 94011 54225 84181 2076 7881 41966 67887 54395 10338 61337 
55744 34724 19867 33877 39370 61298 87600 47964 68399 93940 7884 28123 32795 7 32545 37573 1439 70596 8343 64155 
38209 88594 69954 96985 64539 64652 47581 5773 281 60024 51328 77959 43879 92527 5989 76140 84724 29579 35617 1149 
27491 73885 85150 89364 90092 49681 78857 92642 742 66796 12702 97773 10331 99834 73135 27959 64471 97784 86235 14209 
37369 34245 96560 76252 54937 3648 33786 68919 83581 46698 60656 67269 64304 28035 61665 83922 64668 93025 51575 43034 
41577 5486 73941 95049 18094 16233 66669 63423 44961 70432 64503 14358 63951 21778 3545 56440 71068 20760 77542 42562 
34341 77107 30834 26597 3260 51938 53152 77666 32729 31122 33227 3822 81730 86241 69261 38619 96698 35271 92011 6739 
58876 5217 1022 39472 97936 88845 95576 86746 91874 51110 15054 44798 80216 38818 18240 55135 32015 54643 82299 45216 
62329 10920 19425 6025 64974 1858 53871 68972 11421 67516 18136 79842 48407 79478 85843 47556 281 45018 29674 26584 
40231 82956 72497 18401 92963 99675 30005 78057 1187 11947 47861 18482 49713 87999 30420 86658 97627 92933 10622 416 
87526 79338 77910 90995 10941 60878 80798 1756 25935 71442 50812 21449 51697 52351 15734 45186 64108 99261 51651 658 
98483 54953 31041 20817 40461 28649 87933 21206 90318 73105 82080 36742 64456 64633 57940 88642 18355 8634 20086 15397 
54692 26929 55220 14022 5545 10942 65268 20016 61664 81482 98620 53088 60924 41099 54126 66561 69133 74509 26181 35295 
28676 69572 34802 1134 83735 57542 89108 54154 2112 57997 53011 52298 52185 19986 64296 29586 98960 69342 33277 4615 
48250 14969 96170 53016 12778 63106 22481 46219 8076 33020 57327 31816 17484 7312 70840 95349 98547 82452 17530 78049 
43102 10781 11255 40429 72976 34390 94134 26356 76316 30643 49082 62704 37757 35018 53970 41657 44192 35183 94470 1371 
34733 33050 57628 99862 56359 57271 17530 43573 92652 7149 46627 91203 40756 79580 96604 54339 18109 47631 439 57942 
52943 50817 66259 10148 37751