16876 83232 3917 73410 52285 69800 41465 16521 87156 3614 55204 41730 60014 83724 25586 31278 24272 37267 26662 51415 
81275 23419 74704 86707 8442 74498 90251 92535 59471 35088 73942 64359 42345 8427 46046 68858 33540 34167 31851 75022 
99255 35190 10445 85413 6593 69581 63449 97204 5798 47234 32752 15528 44132 67238 51841 95493 13314 63513 49101 58870 
20127 65247 93293 35092 3077 15176 65658 64996 63500 15649 71245 29154 27332 7319 10267 30533 30724 58888 8977 66012 
94643 33695 94121 91925 22896 13632 66744 51106 57846 27317 36941 87926 51452 62273 15897 29316 73956 22067 6618 16845 
7247 92915 52431 65775 64704 50136 44286 19599 23675 18753 35864 17265 83701 31612 62287 50906 20264 39043 26124 68161 
86913 19405 52814 3911 98864 40421 60978 88423 87443 84367 42180 32643 91651 72651 62714 22597 56887 3390 98101 6104 
63754 52367 27332 70071 2502 38645 59584 16914 4442 87347 61130 26984 80758 93727 83043 23774 59662 58332 15344 91885 
65797 36822 38638 20389 9943 51549 84461 39060 15791 9635 55979 11189 45325 64073 3330 91719 93829 34897 18189 30959 
93289 39632 25695 50248 74539 29784 60472 77972 9501 87309 55665 42489 88365 78561 15996 78692 69504 65996 91431 41702 
28701 35097 73760 26295 2924 29923 35430 12515 69224 32037 49124 44615 22852 10281 37106 77017 3006 37485 21636 34516 
73008 48012 67448 72011 54596 1601 93266 36049 35662 3614 74600 65103 20111 62811 80025 92895 82870 40030 91808 97004 
98815 34187 18350 8883 12688 21741 11592 16197 98786 40236 9050 22598 75237 8841 18798 6627 95608 72320 68593 50537 
67394 13390 82472 58637 19223 89087 47491 52555 72138 95098 94267 70063 4348 28182 93277 8118 80364 81258 9952 24360 
64471 97342 57961 97303 10311 95786 41741 77124 94956 80882 73156 68785 78612 15472 10009 15328 45078 27448 54849 36264 
50395 88221 21434 99410 62207 20810 20726 72701 41865 47159 34739 60354 25305 7256 14725 57826 4395 47859 79195 4938 
6653 32764 59898 56220 99601 60857 66835 51281 59530 32005 43161 13211 23640 40874 56617 97750 33981 8037 59202 15060 
45104 97111 34856 53418 42177 61016 53143 88083 33653 46187 66471 79071 68911 46058 12095 64882 26228 39446 45356 4615 
35239 39158 38360 89698 18822 35035 11382 3077 96151 66865 99151 30967 54113 88532 72591 48100 80859 866 60238 4727 
60902 53466 29722 8835 17735 63916 92001 94232 61043 166 27726 11941 21075 63957 43967 43165 49213 77754 42502 29926 
94722 38737 94481 72846 66343 42704 76323 87009 90259 18199 68684 65397 65081 75761 2837 21392 31469 24079 93225 92141 
26043 57283 95344 90839 30796 30876 62076 44167 24657 83596 28530 87896 25918 86879 46853 1861 4990 72369 28706 70370 
26041 56689 9987 19582 27235 48158 74750 43383 2142 5719 46666 35400 5180 73560 12393 10758 42623 83595 19777 37819 
10835 78671 44968 6354 79665 72150 14713 76802 68779 97790 54007 4735 7622 41264 76491 8849 58006 40143 33468 92128 
24296 33371 94981 50404 34172 44 52365 23852 38175 88761 39937 2312 82114 60356 9929 2064 44337 219 96832 29984 
8072 1075 27437 63699 31379 23132 28480 58387 32945 925 62256 99623 83644 9472 91009 24228 9186 22270 33843 57248 
71426 34841 66107 26474 72092 13812 87946 90811 76906 87244 56666 31276 34099 36378 7993 64728 95517 93703 85758 20514 
69343 84054 94701 97396 54956 63563 43020 34142 2397 46999 61429 476 30937 11478 4833 77870 33822 298 80384 93254 
7406 48185 94290 55219 51894 51387 95895 95826 16357 58029 26506 69075 97390 1106 48891 9828 83703 19231 21743 16209 
34238 97978 40727 70439 7769 81329 62541 43867 19479 75317 98332 93053 84446 17109 83477 31052 39829 89038 24404 42227 
94112 93236 84084 83624 48509 16848 20490 16590 66032 4662 87247 74063 68618 76595 95855 58044 27095 24146 72847 20196 
69686 75935 57316 94428 44160 25331 58966 49753 31133 51835 591 54655 70078 42126 61987 87106 13679 73455 27956 66575 
12514 2681 53258 83294 97432 4592 50142 11943 90716 57253 94105 85951 38387 18829 70584 67205 4130 98071 79756 75709 
61112 84211 93950 17625 46799 13503 46744 32889 29790 80563 5781 44873 83273 95699 71341 92962 88490 72103 22847 9162 
56321