79781 94911 23577 40874 81492 67214 68183 28109 18857 8528 54223 53809 16747 29985 62776 3481 40622 51818 772 14424 
97048 95821 38681 88203 47845 5184 97058 17434 12724 14065 84522 30410 64853 90143 76936 21859 410 2663 7331 46677 
43101 37947 70112 80510 82186 92510 9943 71444 66659 37775 53974 64664 55341 58181 69959 38390 25886 27278 35449 40362 
22222 64673 5763 37149 52144 79825 54973 22767 81086 44471 21237 15904 13799 12149 20429 90436 99192 45999 40306 9494 
58539 33165 82640 20587 51005 95941 13413 92918 8534 16127 81860 34090 516 33709 80526 65797 68618 14091 46755 59967 
82440 21540 86180 65032 37649 40804 1625 31259 93371 3224 14587 4712 24850 66324 13173 38760 59513 60026 1499 71041 
17012 81355 22368 94276 57974 27812 8120 67623 46894 20413 90684 17193 47416 74372 20126 4784 36577 75900 65140 25161 
7038 27767 89511 60382 94554 23327 23274 44008 27478 89216 60359 50081 15942 3669 63457 55241 81916 91385 44290 45530 
86535 42946 69995 33009 2216 89823 69023 69008 39070 58627 13724 56561 78934 91646 61161 49279 48240 49949 36235 11358 
17286 4059 49360 74527 56585 12048 31896 33144 65394 77609 83869 57502 81300 80302 37114 34365 10175 73486 87777 99667 
25689 57007 25689 65681 85904 54650 23832 73091 56566 20171 74412 8342 58426 23086 60860 55355 64142 17185 87209 97 
55221 50161 81004 40417 56965 14963 79233 9534 60067 82937 87447 20205 11168 68385 86842 35982 12447 88613 39834 99491 
40853 34944 54690 44813 60975 48479 89548 66292 65019 75370 88253 95962 15135 51953 51511 66198 32047 78942 88388 27151 
6444 58165 77119 74011 67204 74837 63833 14399 84851 91205 51733 43171 51733 74019 18776 80491 35786 49683 48536 68110 
31184 84282 61527 98044 97372 26314 85836 56153 16047 48910 37560 32435 20066 55921 31547 78187 17041 14753 87806 11970 
17075 39027 327 46269 23876 67166 45913 91346 39001 27343 92856 27270 77971 84869 74902 1519 2396 40415 35892 87215 
84530 12793 31696 24753 79479 13848 83064 80262 59901 45159 36407 72471 99517 3260 25507 70146 59633 29336 33027 69357 
61095 53460 65360 27373 30289 6011 34805 57756 9220 55486 96414 23769 35181 44099 32145 88006 21382 45496 36630 54556 
94150 41941 31319 13194 10376 2009 61968 70467 75283 28677 73396 27184 53725 108 47411 37133 50525 53093 15790 88138 
7362 42744 73664 98330 12453 47701 91239 67142 94339 92071 95680 50174 54215 82565 31541 68951 56426 93458 63897 59291 
51845 18500 27093 79280 36320 22649 72417 6373 77904 41974 27042 77533 99385 24387 99971 20413 51016 97278 22459 8367 
9073 37674 13722 70403 48869 1911 4372 32556 1175 92248 2775 53072 86325 26450 52123 98329 67441 80200 30676 10293 
99972 60775 70826 70228 67260 84643 8648 61225 33864 84638 5098 31995 54294 86504 29772 98510 48461 17120 8231 60715 
84592 99711 80682 2439 9691 21101 51683 88574 44573 34937 61415 43489 326 90543 40482 83324 71473 30220 68227 63925 
98815 85053 64933 20308 49555 25269 80844 57558 13960 41644 72295 92483 3282 11236 51914 26606 43122 60102 19937 20995 
19991 77808 11782 62240 51946 5035 21238 33458 27443 34310 52734 91885 57051 72298 62443 13701 71884 61058 71319 92278 
10167 52220 41902 54863 71351 34880 27515 24324 96634 2270 30885 58399 45065 19566 83048 41351 95019 91567 95352 70142 
76851 29984 19966 78179 35698 74045 67919 19235 19450 82243 59816 95820 22897 82884 96425 29674 52584 60154 20727 54250 
3362 79507 85302 9777 3669 83895 68095 52283 65597 99654 71796 84579 84977 73657 63637 77839 94625 39148 98010 67905 
54231 81354 13794 85520 38608 12327 68113 37118 51578 5454 53603 18821 61017 40899 38588 31514 25347 38886 27423 31498 
68321 48554 85073 22493 84258 82297 24828 80923 67271 96575 47431 70836 14312 65781 16884 45291 36251 13524 33418 53663 
49237 37402 77589 12323 84636 59270 40623 60480 63228 95387 80804 18798 62125 65225 18565 77668 19500 32449 74707 3990 
2677 88410 11690 72898 18674 870 11341 33112 82005 45390 45722 92714 94606 44477 93101 39856 63907 85569 37822 20929 
76044 43711 10470 1953 41332 27248 32225 35565 88011 27783 34803 80213 15432 43201 37552 18722 92911 83902 77139 28180 
22755 60625 48799 470 32803 44739 72195 49188 20918 25259 30236 71540 74909 30257 96062 15238 29727 63132 68732 8531 
5726 17572 65947 3557 1603 74676 18457 29606 60473 72195 46184 80991 6799 39501 72122 87613 75827 61321 91099 44384 
48130 65169 74782 66705 36357 48138 71972 82092 18710 71066 47878 53263 70879 86329 56934 20289 38258 7328 28552 41532 
19648 66442 69263 40914 92436 53315 44736 11386 69010 94179 65845 25785 95468 71028 94806 44469 42327 32506 51658 76460 
7567 54612 77270 9855 26696 78263 73605 88032 46345 16502 88171 16238 59087 26435 75059 73210 18985 5090 88356 58310 
54269 94833 49063 63083 99812 257 62741 4386 89019 29463 41756 63482 74332 92940 80814 12232 70331 82040 78074 6487 
53252 19698 70563 16010 86023 63756 11473 56154 81798 48633 55988 15101 53359 66940 27267 67785 28393 18046 8228 74189 
68763 83121 93588 23645 48772 25380 11333 49738 52578 1666 32715 67030 64816 41935 37450 21967 66098 80340 27711 38037 
77942 98324 25437 26747 42679 91582 57561 12242 86326 20419 69331 52893 85571 34092 71427 15842 53793 21839 72734 32713 
45542 9405 93017 9164 39616 75387 42787 7801 75872 73133 49535 28180 82832 52475 97898 78008 93764 40564 53542 23736 
16296 11907 39645 31861 94990 98306 9470 13030 73311 54048 28883 60538 25451 87432 42126 22821 48375 45672 76226 67886 
93889 19838 97900 23493 24510 23518 54037 42941 37918 79221 21482 22505 97620 58020 82850 40988 61542 32891 31642 52447 
77673 14836 14224 69307 26031 51521 38614 57520 43894 12864 63906 25181 90958 82064 60312 63813 59287 27831 90816 90467 
20893 30263 48321 13095 13098 75814 97079 86317 5271 44574 51856 82775 48597 16522 1114 6321 55714 60870 73338 74746 
83502 52195 82003 33945 83340 89555 35147 65835 88087 98494 99715 33594 59961 2787 75156 92707 90900 31861 54975 74959 
79338 71656 10145 88035 99474 83401 28437 22047 47583 1681 74724 61128 10720 20774 54549 43549 47311 77048 72163 21053 
31106 44206 3965 61667 88419 57986 49492 88495 62937 40488 96186 80143 58457 46332 89252 8429 97807 61171 22175 2358 
48811 40806 20541 82211 11188 79669 26193 13611 61424 7431 66835 20968 97091 77208 48041 13638 78160 88709 25179 49707 
63043 23335 9022 58343 74494 57555 4913 37915 91274 36558 33787 29118 18487 15306 715 10502 95201 61555 54446 76768 
21021 66646 23937 48928 59620 6071 35296 50465 63138 24854 654 41818 25567 63959 72811 68715 98095 42923 87474 70030 
38525 82131 87035 29745 86658 83833 37927 42815 14050 71992 55124 71887 29123 47508 72343 10101 90186 94884 28736 76796 
40897 1317 10103 60275 77678 28985 67671 79825 43139 40687 15453 93487 57099 51750 61338 22501 13514 97830 56646 5366 
27357 71484 78155 57091 24367 45717 16453 17214 25237 84686 62097 40025 34570 76103 23356 84079 15995 30380 82821 29991 
55055 51648 26972 49512 97800 12080 32274 34686 82838 34548 9944 50777 82451 93779 23099 90620 23146 74763 47102 98334 
22619 97393 65367 89521 73373 75782 50003 70701 55198 5578 3171 64055 32817 7261 4861 76771 974 86905 97285 65247 
19931 1196 6061 24128 28643 28864 25469 40195 58352 38689 53884 38669 95031 88497 76275 51044 84869 77643 92694 44759 
71830 52217 94444 58973 75255 34155 80062 42378 17090 15770 58534 36373 95111 899 44044 88315 46181 31324 66674 35875 
10591 32014 21300 20088 19398 6595 77087 12644 38339 5698 61590 87594 68763 29408 31370 1496 96247 78762 60030 60503 
57899 82385 80112 24735 38213 94145 33046 94110 20950 71672 95201 27065 95566 8367 50674 54198 69346 63875 41711 9656 
91670 63392 67591 9727 75314 75801 83974 81628 77713 87939 97155 72717 49722 397 2386 70835 76489 84202 72021 42126 
33852 94328 44462 58676 8707 81510 30670 50970 64023 78202 35072 88575 38026 7110 63219 24231 3221 45486 22582 32942 
2362 25347 95666 53751 92984 28489 52431 3212 59156 24997 29153 81238 60730 10317 37535 62292 88156 3328 79663 34860 
29163 47911 98454 53925 80400 5099 10973 38186 89587 49816 45715 83046 26842 43820 36814 38564 10389 67188 89867 92077 
91868 74696 808 85414 84347 58806 53351 42159 83681 49870 28461 91235 96231 62984 8834 45339 19430 37189 23701 74624 
82197 60549 24084 59146 58991 6971 23845 28742 52648 11969 86614 69090 95666 49997 86322 67015 92570 14199 50206 76169 
57431 11296 72263 734 27275 24578 13333 84131 69080 90769 86344 69507 49630 51077 18778 52456 35066 53312 74818 31062 
3705 50242 77265 36147 51498 12661 80120 3717 2084 89044 77674 11665 14968 87281 25137 41774 29195 71373 64605 39214 
34292 27166 71440 28769 9408 72033 77731 80770 17151 20479 86510 99749 19188 76792 43369 5088 42266 40662 14900 55817 
3529 79897 86290 14078 70746 13276 59839 16190 4561 70796 28726 24698 54328 14693 98175 33431 91791 11056 17240 66812 
52721 65882 89649 48720 53484 26161 22259 88580 58699 1578 73458 94548 23910 87244 9545 10371 38649 92227 31436 7812 
43154 979 31869 89857 10690 45580 12152 53463 24227 92164 11355 17369 76120 82681 7412 80996 55239 39569 31079 8452 
24496 16248 65035 96431 43025 124 81465 96198 24366 92366 18459 88530 36596 70635 30768 43401 60296 22183 95227 25826 
62329 94489 98896 4721 63937 60883 13509 74625 13677 59639 82759 30857 74423 89457 19022 10820 29793 57427 91294 78292 
53707 28721 4807 5973 71516 83576 70662 67499 33231 48815 58228 62988 52352 34978 87481 37989 91865 8540 69177 10117 
51598 70535 17189 94533 89506 20015 91873 69128 46073 36051 57674 53624 89260 8103 54837 7826 7975 65505 80515 82201 
7062 57648 15064 39101 18474 46115 64330 23294 96754 42426 86724 57008 66579 92863 56943 14586 71705 13089 31804 80717 
67763 13136 31673 85959 9953 95610 34426 23407 87745 70668 80060 83515 83558 75436 88405 44482 16797 6715 39282 24710 
2326 38810 7204 23667 5385 37457 45594 55038 37846 47567 18899 3082 86875 57772 78862 94824 705 47237 68689 27958 
875 88590 99770 69714 52827 64756 58906 79917 65445 89504 45888 16634 74436 40226 42460 31015 27016 35673 10585 76877 
42179 59160 84713 6548 6554 96766 90247 31028 96706 47925 59154 69431 9081 71126 99174 70872 62494 79116 97342 46241 
17042 88712 99075 85645 66938 49306 6948 11665 9828 31176 54773 17055 56014 65069 9890 18875 68363 58590 61382 48489 
97351 4817 18458 86232 38290 8285 60277 72264 69049 16914 78090 6343 15545 77931 24360 61607 94504 38164 65248 19494 
9469 48228 50790 94301 22060 66543 52620 67007 42943 42697 339 3047 72654 97281 70162 27910 3643 70449 19765 94919 
26428 54064 10736 47657 62852 45394 54506 98260 22995 85286 53253 26807 50022 81042 12775 56735 81946 6498 38984 25687 
82522 2225 25596 71946 66245 79524 93024 77671 17161 80241 35862 34827 51551 72853 42181 52307 94107 99933 24686 69584 
73310 27964 6793 34545 1173 13549 84401 80658 78436 67191 86755 71469 47654 54679 22335 86807 74765 66927 33019 77816 
63061 86006 31812 40582 27066 47730 65980 92081 71038 76096 32468 4766 94090 88330 72199 5306 2068 33276 66445 65051 
17346 60782 28929 59684 20159 6007 86069 76409 39944 23673 57206 70513 20526 62331 11839 3612 61957 86893 96972 20185 
27053 12577 50246 1129 7460 82319 64721 71574 60329 37800 71520 9854 52855 70826 30269 17674 3775 24392 73367 20358 
65762 9742 75325 90172 65006 79566 80687 13794 92373 68625 34014 98711 27746 91960 48553 10875 39735 37455 60219 7200 
32966 73149 58798 68229 72953 75781 6175 98812 35351 43522 82949 28640 96985 42679 16735 60283 30429 70822 81716 22437 
85980 60400 85402 49817 31850 64634 98789 35354 73827 42261 91641 44534 20287 16089 17614 69103 43496 99092 96757 90601 
97238 26440 36050 67284 11928 67425 12914 90561 63442 70579 54675 24564 83936 81420 68902 77859 94573 23183 11183 87930 
46199 7090 46166 33057 55178 99214 9336 62412 28052 14342 5408 7923 13256 10193 5857 96429 14415 3098 8322 16372 
60289 26424 60732 72915 68115 96619 1434 4360 9198 60927 27810 80465 46399 18771 29324 32804 18849 66445 93337 88532 
4184 39155 54741 64707 72833 94960 19260 81459 50819 35660 55104 38473 60503 66310 38031 8629 9001 18890 60768 36097 
64115 91803 88679 2743 55907 28405 89338 44063 98053 49606 49035 89527 42042 240 93560 46832 76521 43541 56359 30027 
26317 76664 82237 80681 98894 55029 64956 53224 98405 42776 4239 46038 65064 5718 50256 60731 54346 24712 48865 50129 
47018 24098 71198 87652 19825 71117 75099 58238 7089 74040 11428 48224 73186 3096 64602 34375 866 30562 40445 1167 
73703 83762 78630 36081 83688 23059 6642 75168 65013 51409 45676 9817 66517 20854 20864 40867 58512 94447 56739 84355 
11136 46803 75978 894 80468 76801 88249 45281 60381 2679 7218 49384 43004 27307 27495 77435 22599 9022 33603 20296 
54298 83172 42896 60411 47207 20020 52130 63014 36505 90531 84465 28735 19727 87601 34583 53285 73080 96286 56004 3181 
36898 58376 94670 78675 37049 80869 54432 81487 93275 87100 86556 28153 59546 75201 99491 97336 81408 912 56742 64040 
72243 61287 90538 50929 90449 51153 66714 3354 41423 74187 158 82150 10623 29559 42503 82934 75509 73483 27279 86153 
86123 74557 24037 30366 81673 28318 83355 12954 66123 71080 95416 972 32799 56030 95047 96251 39783 72201 28731 57583 
60870 14534 97662 59376 43245 2789 17070 1586 70897 60952 8261 97050 66850 30558 58158 14225 81890 81590 9433 63407 
20563 67748 36098 11116 77852 59709 71969 70263 7761 32580 87971 48762 43054 13050 95004 608 10465 31705 21934 99819 
73827 75980 19841 6326 73261 50617 3579 97138 5348 69173 69140 5427 11020 73574 89817 34257 78343 40323 86507 83421 
50771 2350 88293 97273 82254 5939 6050 45914 75233 40195 11994 62897 69373 21737 25643 6759 57063 73696 93915 7502 
60195 80340 46972 74686 76758 42604 56084 76666 43533 43144 16071 5215 69254 45630 56856 49562 6627 57812 73461 24235 
48854 52608 31423 13940 85202 48206 98404 5237 72184 97811 21003 89212 58767 45899 4093 47590 47153 2735 38939 64089 
49711 98040 31651 7600 23113 92230 26262 553 62365 19832 27420 6084 14551 41663 87755 10560 29067 9774 38195 7165 
56785 59587 65962 74738 54635 38663 49096 17657 29880 19667 83403 63515 39479 95333 27632 47490 82020 82244 89674 79760 
27037 53956 56653 38959 41506 25137 1090 62342 27213 81265 4639 75912 53535 46671 53089 27923 39179 65102 75742 30991 
95978 61704 49971 31747 47034 74768 9390 713 90380 52093 17381 70042 55867 13911 76732 53499 58740 58514 92082 2847 
51709 39125 58962 14479 72273 47127 71222 36247 33999 95380 74398 87638 62917 36933 93429 41003 31847 34314 80624 32429 
53725 47448 8961 17019 21974 67928 61990 52356 70781 755 15439 6808 73021 44100 49597 19608 74842 72134 55761 43214 
45484 60241 75236 12914 1518 85156 90570 60902 76173 27728 61520 45953 39766 34551 31218 81992 97807 64730 12557 23730 
35783 49082 48330 50972 41970 72978 67204 20275 42749 40010 35533 43697 88250 8012 347 56792 13906 50449 15295 3993 
28783 92826 60569 19354 49557 41029 16075 85525 97939 54748 20200 48485 28909 98180 99942 20135 83447 13984 91919 4718 
45262 82239 94253 46366 95083 58022 9788 65861 10967 35451 95208 49406 47738 92855 36773 4373 43769 8583 44250 34968 
9136 92432 82769 53661 24683 57544 46365 78570 30366 388 88294 80548 95971 48641 18538 34289 60545 11520 72635 42911 
47361 49745 91240 48744 5476 91197 88547 77889 98628 99523 15830 88735 33104 91165 44421 89144 62000 14988 2742 91858 
72006 69930 65505 45123 50226 48030 49679 68264 81937 96854 78050 68232 20829 61706 26188 77925 65994 87857 89544 7020 
81752 12559 4027 31462 92137 88852 68346 99419 52450 47423 96378 46721 2139 62458 60899 53800 44971 63677 35422 1805 
6978 96478 47012 70691 64266 36195 14950 14308 83884 147 32471 75033 30698 57668 71479 48113 9638 74361 27015 15875 
71312 4759 12331 23871 8512 16432 75338 1051 98563 12489 31596 49732 97547 97363 24498 22722 15565 48753 51514 46292 
69836 7781 8954 50442 2706 34988 34522 8957 91372 75948 8842 22461 56627 49332 39981 44512 75595 57547 58834 59022 
4286 97730 57677 57539 19250 98889 94062 60729 4583 96505 70685 78624 10600 4328 62186 89967 64978 75403 36092 66968 
78957 24017 18019 28399 26169 46719 19023 53766 50407 45794 83197 39828 99968 75865 26529 48717 22715 38903 86339 15922 
31347 74702 74821 88886 17572 23945 59530 95556 53554 22979 44854 1322 33674 13682 42074 76433 64672 12080 72951 82977 
24243 38981 78458 93556 90831 54777 14618 45901 91148 71635 47784 46234 37039 87807 16190 52738 94638 36644 91827 59169 
2282 27791 11662 62442 76432 63410 50427 82487 69372 5277 28508 5885 15282 17305 45432 67819 34968 60034 30743 61707 
90477 47675 65506 16487 25787 26201 41716 17719 21155 72756 52216 69896 10823 31902 27900 38792 58022 51715 71533 62158 
87572 46296 73923 41088 26666 86563 53792 24769 71203 13811 38714 85134 23600 32332 65804 55289 6188 1794 42041 72768 
29856 10707 41656 35783 71876 38764 76363 98267 77302 25605 25377 12958 63800 3802 27456 83571 70254 39788 43245 46612 
98684 38406 29863 99828 84597 66494 55339 30613 10602 11428 27761 55427 10742 47905 18757 32788 26563 78411 109 78279 
10951 95327 50644 83407 92484 79657 96044 79918 79308 62328 23695 36403 44959 67174 60366 14003 84432 38906 60343 72123 
4596 97004 96511 76516 99042 83634 49342 76696 27758 91260 36905 85667 82902 16947 33316 73516 53260 53070 79461 89131 
84263 19683 51554 7355 64051 44849 24910 54830 84901 38783 84113 93468 90264 46884 89377 9437 89153 33754 38147 11292 
42407 83369 82501 10085 7518 61245 94744 95161 3091 45075 78069 6239 28723 50965 42855 16112 9522 48765 22147 28387 
68844 19838 51688 88285 61860 80546 13822 72602 67870 60027 11567 8638 64422 51611 73409 47203 69833 5647 29829 4300 
26698 45253 59558 36311 86365 9900 76010 22372 34940 59021 18653 54964 94245 20294 45839 90962 77049 36678 93774 49531 
51859 90793 17746 58637 90920 4650 82437 57132 33458 63786 69468 66107 41156 18329 53615 55598 66771 57531 55703 57248 
50200 65637 4673 69918 17211 80835 92426 19355 85696 20174 59244 15562 93106 34550 29014 22008 71187 51220 74152 48756 
31628 51572 14846 40645 99267 99986 67773 74389 86948 91606 90777 1892 28 8563 97080 75533 55370 32018 88363 98367 
95994 66063 90086 26578 23834 44453 37336 83423 92057 13767 94840 23627 50709 1762 22947 6687 57959 34718 31174 49174 
66992 30263 60223 77483 74003 95123 9753 69310 17526 3982 3303 683 9015 97541 99287 41283 61136 2653 76445 5879 
27732 17676 49350 70113 96832 90702 1740 49542 7624 27261 21691 7380 29272 54155 41849 7624 17003 23343 98146 63686 
71132 54295 75251 19689 82339 943 56904 16392 34983 66441 61330 39145 85599 84103 1568 52334 79350 65 80934 65294 
93461 36046 47928 34899 62187 65029 53399 27338 92924 9684 92997 3924 92102 72021 15074 59533 72964 48738 53545 97533 
2908 9880 67902 35089 65174 84912 83518 54563 77409 44705 78922 18176 8604 18061 87610 76185 6567 81011 69835 56217 
127 20039 10846 4399 1139 59503 42803 43893 44523 85535 42319 58698 12418 29855 16521 84482 56087 22967 17207 42161 
47695 78962 58780 36097 41446 67055 5201 24102 87539 45749 39587 2066 2324 56438 64573 96522 20237 63381 73263 79728 
80735 99950 71635 13090 50069 18035 9189 98507 54856 68882 69467 75351 17910 12134 83064 10610 32565 62693 28537 6262 
42051 25548 79578 90888 97713 36165 26366 65490 64374 12914 30856 91018 52284 86439 93856 21195 76110 48561 8424 44342 
50255 4407 70832 71725 5320 13283 76783 48505 74981 40021 15534 88055 89276 93416 28780 81265 19644 99608 4218 17391 
4700 80576 24580 18372 49519 66034 53942 8067 32298 85573 67196 30681 76171 73595 78276 65053 99314 60393 80919 889 
86189 59019 55572 9998 12753 65882 94025 64661 21633 97046 92582 81206 4742 12120 19569 88621 19867 48349 53944 29173 
86600 1225 54456 71671 57403 18864 66793 64122 42063 8462 14117 95204 93950 64884 58352 66144 9749 13252 54339 60978 
31705 68961 41768 27679 76791 27630 14958 25927 95414 76830 59653 56291 51053 40505 29115 46862 74261 70921 24371 99639 
21890 96712 11454 96024 88219 64498 69159 41128 87590 22631 19718 29600 31538 43105 34117 52672 49131 56801 93930 59844 
38691 90946 45286 87630 85215 99160 71798 17852 68788 26198 51486 90272 94312 66466 82228 77053 95081 55797 20302 53072 
91974 10033 51034 73090 40157 84659 68035 23463 4769 45221 31384 69665 92106 58128 69454 40188 97121 5360 16338 54418 
45446 13356 17891 61549 61866 91201 85278 51482 54653 22021 55033 52525 68796 20484 4797 91579 22416 90102 37942 27352 
79695 43584 22492 30947 15995 60477 86553 17621 21562 19713 14712 1245 64730 98615 67401 99986 95100 17259 72017 24393 
23607 67997 30703 40721 33606 68944 41687 35038 2041 9822 95129 47999 94801 92231 20164 9188 73386 2538 2914 19917 
41972 12039 12583 94594 52974 82754 47375 79188 12334 30221 9165 76579 76437 80863 29606 57368 61080 1833 11225 65808 
50757 978 17993 17105 60829 91246 28628 90902 62935 71219 33178 20330 13963 67374 44795 43894 32051 80425 10533 85975 
38429 67137 44850 48674 25691 11091 97754 22959 57794 39812 59786 54209 6328 33422 74068 93840 54809 52405 84190 2272 
74232 81560 60969 68028 48573 46999 57573 36333 30049 34167 76694 7608 22311 70525 3096 91913 73570 40128 18299 66714 
68492 16818 79531 13999 91033 39364 56202 70905 80371 44927 13827 51741 15624 99008 61973 33643 32378 24768 85894 60286 
6616 10748 69443 43389 33502 9965 99963 70501 82475 3541 99415 92946 63033 97748 53728 6122 59043 16105 72711 57035
