58632 92869 61424 20469 32042 98249 52806 32646 61230 25546 4270 52002 74687 30049 71972 82135 41329 64235 27259 11787 
25885 12966 48380 38488 98991 95251 20039 3426 26073 63889 94636 66929 35488 10254 29776 54980 37802 38368 28058 1419 
16355 24609 13802 80534 90159 98168 68339 54880 2009 94477 37237 81366 94492 60351 73119 19477 95782 77064 29336 28121 
45098 64027 66756 80197 92094 78653 33771 59552 74045 32825 23083 10715 71655 78709 65358 18959 13314 76722 7270 61547 
96051 79555 45611 43533 45136 93242 39322 75620 69052 52178 89236 67179 27069 35830 43683 82539 10077 8334 34095 83541 
34756 86325 91776 59092 21027 60231 34560 82933 51824 34536 89906 27808 78384 90067 13507 28500 94890 35881 5804 38940 
47831 51613 64070 81665 12511 1973 38072 69219 46639 32301 46941 28781 14527 26683 31634 32945 3558 62096 49781 24243 
22092 92483 59174 70469 34359 22671 98508 74830 91978 78240 39703 74269 1689 43084 85931 83705 88619 11628 34659 84407 
44592 71553 85704 76245 1908 57447 94615 83995 83485 6986 9433 59421 77357 64803 51671 28963 65687 19172 8740 67089 
73176 37826 61214 94286 39184 52388 28449 89862 29616 65413 74052 87498 47208 56855 77837 80935 62086 99489 99621 25510 
4021 16279 3082 67176 81144 35673 79834 34488 87165 50711 73314 69459 84327 86900 25543 88413 64849 31359 87774 35841 
48040 87208 54095 17369 86764 94645 52741 76991 72592 39218 88621 64479 24849 96327 75684 7070 43266 37306 32449 88686 
8738 82059 84558 94652 11188 54431 95298 99272 63636 27839 61350 67115 74094 27836 36439 72197 29189 86832 53503 81011 
13129 87494 87023 95562 95646 11395 98257 58323 52486 85025 43296 79951 41805 22743 70086 55302 11221 53020 60960 93878 
11309 48288 6926 61299 72874 91264 65450 92412 3291 70374 81848 35148 5812 61237 94183 14897 99785 57856 43867 90724 
33901 65184 69856 1051 17826 82632 50140 1969 20493 80567 19212 39345 71842 46746 39821 2099 51851 90060 30150 70087 
61731 99891 31723 61927 47352 10977 40355 33529 85395 76353 29593 31327 2987 80070 72767 34346 55532 54782 46497 54483 
58918 73864 83240 285 69456 73857 83442 25453 54909 15108 78954 96698 53528 33961 4792 80546 45576 95429 25080 24151 
42237 78689 93378 25426 30885 21290 32303 70508 51283 75782 44047 22511 72776 9973 26532 29849 63771 22652 47198 49839 
95338 42845 85671 42514 74415 31853 87603 86213 40058 69406 95052 29657 25498 88353 96422 44626 33310 24494 14291 54406 
18043 51201 1336 41212 91668 97358 45203 90719 34800 34405 19849 84011 80609 21534 22224 6976 6972 86540 13264 42279 
34908 10933 16905 5004 41501 41838 84820 48 92433 1280 89144 86226 25771 20695 35502 23057 68824 41751 7714 74972 
71052 55162 49803 27151 8703 95058 93521 14189 11654 8585 22645 8443 99593 42568 40788 83053 77718 57526 79343 89164 
94133 68513 8582 19755 60843 1694 88355 51705 49337 37002 55716 51275 43143 49730 46067 11234 45358 30099 3365 6350 
72392 8496 83109 57405 30610 29747 69722 98070 46002 27532 35328 77326 95606 63100 86794 97211 16472 72761 61646 73342 
48701 30655 32740 46168 4855 39387 60932 73639 97209 80845 44705 82295 28283 92111 82421 41061 72927 54643 6262 35823 
56648 12327 30719 45538 32695 32432 55353 94708 10417 32904 57809 86600 70140 3634 1831 6602 68841 13131 47234 7178 
54982 94900 37015 17892 22055 65319 55855 31694 10537 74876 83223 76552 56974 9642 62038 86399 60194 83325 90405 69049 
74118 92320 70776 65157 56599 49017 37113 45247 44982 73536 83857 67351 19116 56717 58436 34172 50690 30094 99338 74856 
30261 65992 93427 26693 49423 1780 30685 58015 67071 20110 70146 1693 93470 60815 50082 27611 94998 27079 47345 67067 
29054 69604 59719 19169 81939 96597 76363 25550 27596 38544 94046 17245 19447 97499 6131 94804 25499 63746 26304 67413 
62504 3392 26289 17065 31904 18961 6781 15691 92970 5953 32970 27352 18831 99454 82548 65560 19231 64157 26706 27963 
90016 60005 38789 24562 85610 8747 17705 94057 65745 49781 84373 52335 50318 22310 77142 668 45530 73470 30493 57557 
45701 81171 23854 8848 26574 51312 16556 66654 24885 51277 97240 27981 88376 24865 93848 31285 83014 15767 2446 99805 
42061 92024 32612 43846 74229 65724 54671 53714 40143 60057 32156 4237 48288 16028 15301 32958 21572 54774 44902 51507 
3626 33436 89198 87470 85683 38380 86495 7394 63801 58384 86793 22848 88687 26261 9014 38197 75834 26029 48383 58411 
22926 27933 27484 21578 11670 74319 84749 891 82550 51661 25845 20719 95963 95736 20785 66193 1035 49475 22771 24421 
60416 86543 69752 72982 62053 40677 30848 11670 9933 31475 83642 55436 55565 47443 30044 82280 37575 98239 41970 41948 
1859 44548 84550 19742 88171 77318 81978 78658 49680 76070 77030 81899 16924 13878 20647 16516 17977 56924 37906 20332 
23906 35451 41144 83364 80314 88442 36341 78249 97027 67788 76042 67395 50845 89243 98585 60034 11444 27428 31234 19336 
29821 34081 74242 8801 51613 88755 9594 34947 15556 66781 8461 80594 83543 20793 83870 41143 7052 94875 71824 16933 
27426 78381 57546 36694 61780 37962 70379 78310 93482 63782 81322 49088 65522 87728 36606 92786 44158 13843 26168 12804 
3195 14623 76424 96857 22498 36719 27808 50367 248 67925 26294 78409 87129 86484 99720 21497 6188 77776 17714 54495 
72280 34317 54021 39084 34187 27863 49880 68321 67541 50574 92972 18400 53068 86782 34690 32136 24725 61652 82330 5368 
26904 34486 63713 5157 63790 16508 80061 49388 612 81917 62048 16476 62364 78643 96978 84200 77100 82486 67042 56969 
4092 82991 96967 86807 42493 46712 37073 87949 11403 39104 18241 93543 77455 59422 24021 87797 78044 17018 64354 69729 
76148 7665 99654 30514 10181 41566 42477 27818 18886 44398 20815 17865 57603 15167 10485 6575 8093 63577 86428 16301 
17786 50323 10712 43930 50264 56634 7614 50903 54431 5168 7235 96653 83695 80144 32767 38005 48019 15882 57937 91313 
80903 6701 84401 26000 89984 68480 56955 97844 46872 73158 75284 27469 12388 70861 69446 35159 6454 70868 40963 94355 
36345 49576 3881 65908 62974 84853 94424 20972 39690 83335 87021 66264 54847 12833 78881 9392 24436 9817 79790 58957 
76585 34790 34399 16398 22174 80000 68069 53388 15299 90934 27503 59103 6063 90125 45191 66218 14651 41 60245 8665 
38229 98310 15059 73511 83785 79209 69274 51889 24471 30954 4687 37079 7823 7151 82511 98376 97473 13662 87721 85254 
94296 1068 25746 99779 10967 96199 72785 8858 17527 32595 2625 12898 46218 31873 57291 47117 784 94600 77702 43995 
79877 69731 5093 69943 10608 44418 37938 76796 7243 21483 97695 25613 53274 12394 63973 57380 97457 86197 97066 60878 
13615 96361 31863 96242 36823 85507 55314 71693 1921 65144 87809 45411 52444 60666 36725 16351 68340 59965 66592 31076 
1024 91713 72011 42020 92755 43398 71275 74000 97138 12437 95959 40875 16561 58787 6646 28508 93548 38227 45039 9414 
14722 90013 66291 49510 17773 86936 88736 52617 53222 2188 2695 36659 76894 31587 45649 80952 84606 80501 56053 58955 
23313 80379 60640 78428 44891 86948 91054 76096 32428 25572 73314 80410 11839 66627 62207 21705 66841 37426 50028 11663 
59474 6121 97668 32116 86529 26402 58023 68604 93463 41564 87375 48251 6277 60198 46280 49559 94691 53618 32204 3971 
69917 16762 96902 16728 58003 64341 99047 85839 52339 78652 59603 88057 1060 8473 76927 2267 38029 16218 44371 15609 
29154 89923 39884 26313 1073 16588 96737 73233 74951 42738 11392 13127 59717 45458 43610 72310 66980 16817 44580 27501 
21733 4777 7270 45270 51127 78907 60070 75783 73672 29544 68311 89360 53360 51347 25488 3243 61019 60485 98609 62162 
28416 50150 86295 39363 13131 92616 90997 9144 51371 82878 49125 15816 19443 42939 4920 29316 83772 96037 80725 22710 
67153 94211 13161 92864 30754 241 2061 29978 5436 92051 47066 94205 20324 35023 36232 36245 88375 82498 9829 58545 
20250 50373 58970 6932 62260 96241 59454 33302 71002 20542 4978 15185 74029 29562 38790 35561 83085 27449 58065 6805 
69234 62983 51919 78510 34391 90891 85033 70692 87734 92956 87306 74713 96593 43754 76492 3799 59535 69009 16282 81832 
82038 10380 60358 68941 85562 67152 24187 97190 12070 58179 71571 67612 57563 59650 58055 63984 98853 18699 10845 2730 
64133 19306 88056 66028 6895 4238 44119 70715 57924 16233 66657 77203 24305 57474 92958 67123 51846 31023 10774 97089 
27861 51536 9992 6182 4055 78583 41345 7297 98018 43803 25305 40067 30331 87695 97527 10785 77106 71054 10202 31093 
90453 50924 76873 89794 38098 69102 56845 29690 94861 89955 96223 80901 81520 58419 90735 78228 28507 95842 18913 72346 
59967 59322 64006 14650 31432 22051 62708 45023 11611 8328 23961 68706 77097 62183 27384 15475 43784 68158 55966 78598 
26024 47562 39879 50537 27416 28438 6896 48070 68557 69183 50966 32713 5407 13443 43696 34034 44379 36184 93503 72627 
97243 447 20582 25626 43170 29002 27713 34155 56166 13761 69638 45960 7586 44807 43051 11541 67913 83440 51721 57157 
35161 44958 89591 75604 2249 36570 33398 3446 40758 55128 58832 15322 33807 52622 59751 27992 86612 71751 54753 97520 
64867 16391 19670 94079 51128 19470 81328 15027 63170 93976 10710 39828 82509 73472 83892 92687 62630 50236 92263 49611 
938 10315 81203 92804 40932 57315 83902 46298 3521 21115 23803 98792 92732 11199 18461 24539 2944 45449 9156 63090 
9766 95420 98574 36568 74769 4723 83412 58929 23928 26735 18722 39613 78040 39656 79938 2301 45371 84578 38156 70017 
84320 51686 50409 28635 20263 36707 96548 39613 12624 50740 92107 76189 24883 17896 1661 38423 42933 27822 95271 38774 
72234 30521 31166 25880 53676 47961 5024 87843 90700 46502 99118 43732 19473 70834 17970 2203 63715 60831 62436 54891 
12861 4379 24867 7919 83202 58468 19150 20649 656 42092 77423 15530 22831 12925 35573 48365 54385 99239 13987 27664 
3112 72102 65343 28447 54114 45262 49628 61466 46190 36618 66242 85970 25500 33389 12146 35230 26768 67135 31453 4909 
1509 23156 39543 23756 97068 48221 59879 65466 8540 18026 25897 68260 55280 23710 32335 62 46979 85467 10272 70419 
54990 91842 82125 53756 46641 54740 62263 36471 84523 23787 67380 35042 14791 82887 36982 29200 51010 98642 50949 63884 
53083 60412 64490 79200 86301 80750 2248 73039 43048 40916 75004 50357 83716 50921 21484 99051 87549 53429 32778 64006 
43053 15491 74170 73144 21002 70408 12798 14349 30059 23366 27422 10687 56370 56281 70158 3270 33189 43292 53767 47735 
26156 15298 65544 59339 71492 88086 64963 26607 94622 62090 7931 58574 2678 45166 86283 79632 98941 72201 70674 33271 
34909 86893 43858 86940 26075 69933 74102 30001 40198 16466 87137 72076 9631 70774 15258 33442 2589 88514 33462 47602 
46895 35406 84657 9526 6477 51457 86191 51452 45923 88471 6773 61193 26945 65286 21616 71779 35821 61503 65697 24079 
20114 85080 37624 51239 58233 60534 29104 23519 41003 16369 21009 16377 48700 77373 12132 40721 95099 46530 47836 84717 
76153 32956 61634 75552 9776 87033 82787 35016 72056 37178 24631 52792 44692 36494 53266 33838 94194 39505 7400 7227 
47154 66476 1861 36013 97244 39009 64260 93588 34507 29843 36876 19818 52219 73794 17507 31778 7148 60910 34758 69339 
37507 219 81479 57501 6186 33268 92342 70481 26296 30318 88868 7426 21304 58090 85975 85134 10127 79784 68292 49341 
66900 55048 44905 8371 35169 19561 15730 46203 22222 62795 20010 41878 39669 44698 43033 21529 26729 47543 58186 75780 
87411 2630 73579 26281 91262 25797 13497 16157 52140 37320 25940 86192 99357 99833 64360 76111 329 73333 19557 22395 
17579 82536 70475 34082 95407 71766 59567 98165 49667 58670 42859 11430 78971 7728 49094 31822 72875 55122 43714 45205 
5893 36473 68911 35259 39983 37593 75680 10219 74300 45383 86146 98104 47020 45861 48834 27918 85397 86482 19020 67689 
87000 9959 81187 72741 29139 2116 72160 73689 15270 85684 88231 53897 84782 44504 52992 98443 9637 49865 86012 40016 
26830 82616 43572 59971 26785 31555 80924 80374 97729 30632 72248 59741 43140 55650 78454 20578 17469 2054 7502 67420 
70171 37335 60347 69323 38481 14324 40490 67612 63319 16239 80169 17710 19095 67493 66124 67987 18145 77158 53339 92986 
72633 20469 55622 26440 3023 4810 97158 81556 61946 89250 90011 78355 5529 14714 55201 7212 46853 11664 56438 530 
73644 80253 60967 54699 17706 87614 68111 20757 22447 15136 2129 34449 98553 96091 98620 43021 83068 41988 79589 4496 
75146 82707 62713 38871 56716 86084 86527 41968 46823 19443 19659 76356 26615 46682 15284 57936 8178 96528 82468 92681 
65792 51513 99324 42167 9343 75733 42234 61837 38220 6962 80778 96007 58421 2181 86839 65234 73330 2756 16356 88591 
36805 61278 63710 32230 63385 52199 56029 35305 6737 83023 55264 38906 58347 34518 35742 17312 70643 19105 88462 29094 
15763 64725 10308 41902 73460 49095 73755 80817 38778 79332 63084 14085 87135 91326 54403 17268 26043 16123 62864 76734 
95924 47743 68063 72194 54152 3520 88178 61011 53884 87373 49741 44080 3042 96738 11462 40345 81444 22508 32037 30681 
12436 14516 5076 60757 76739 89787 24171 89809 57660 80629 52762 88220 39419 69569 22253 42770 47742 79300 80249 52728 
37305 47394 80774 54167 62382 6764 73567 23439 19138 71282 95984 97307 44584 75364 89603 34202 24958 86914 38232 94239 
46805 66261 98011 42026 91101 84567 75597 79222 36040 45458 92393 21079 83746 59138 34650 81450 6004 74943 19509 41849 
56065 81287 93598 23770 11295 6016 69919 54494 25251 95295 80192 18907 88481 3428 95784 17621 94177 65550 32482 8039 
41416 98131 65553 81203 80641 9951 50039 9487 22935 48154 99493 32653 53393 55739 22984 24591 386 88994 25933 47715 
60568 16718 18156 95791 11263 95300 14727 31834 4126 62917 18997 93756 10889 84230 40513 88882 94635 91585 13999 15176 
45899 56917 62568 68917 23028 73657 54732 90553 66001 20106 99549 35906 58443 73416 52451 56886 1749 2751 3990 11047 
50419 10881 76495 87305 14316 72772 66582 50381 28832 2321 93678 71590 18895 41601 45281 27726 7132 76640 4878 83800 
96425 44189 64893 21270 38617 11265 95153 70196 65633 25508 52302 28270 81587 92364 29106 41063 59161 52554 83744 73377 
65093 89259 78841 33767 69563 18652 89394 23840 79572 71604 9522 72990 74896 9676 37567 52708 2989 3023 42096 81139 
61735 43167 49934 79635 65184 47549 29323 69934 50339 46839 71563 84457 35926 77864 71566 8959 66120 18315 87593 4851 
43445 24011 32182 12644 18420 67894 16176 86609 80281 88310 65834 33529 48326 87622 25064 90554 81953 25006 53160 95208 
69251 70469 25463 90337 46216 82116 59796 85477 33013 35404 33925 47197 88379 4877 10636 97772 82627 91213 78970 8229 
48232 84049 74098 47312 91526 26671 80400 61302 37061 16915 62531 42718 46580 79645 86278 29994 59762 12806 235 81197 
24192 18965 91354 24527 92584 41767 98680 24845 44627 25037 61451 82559 61822 36885 16184 206 45564 6004 6823 53131 
16845 47726 3724 12907 54290 58910 43262 5727 46504 77271 60761 75031 65950 7593 61428 17369 62947 20935 71712 68514 
16700 96490 51275 27925 72507 92140 41358 41750 70768 86267 48604 78594 86971 84745 21785 43016 18336 81678 71253 7743 
86327 42080 85650 1107 86961 30604 60202 54712 52495 44774 16368 72914 59720 67791 53253 81276 15644 80390 43004 8648 
39499 89800 16055 67607 22626 39982 13610 16832 34490 67522 87376 55504 41794 73679 93371 45016 50496 92678 7143 37325 
45454 18678 46160 36971 40883 8514 17718 88810 61981 23206 54804 64271 47642 45097 79337 51213 17955 56109 32157 63958 
58792 13013 17541 40850 65727 55460 48489 54093 52093 62190 60723 3864 17071 12320 60723 837 93794 15150 30747 61319 
26463 16074 43518 47697 21873 11344 69254 83253 67964 97144 5029 84894 22853 32800 33804 6594 64236 31487 66143 76723 
92446 78229 64383 27398 61037 28620 60639 12833 20236 9094 78608 41405 92412 30469 94241 87358 65080 30253 34863 44518 
37913 82807 93302 63029 12928 60747 50209 35141 16324 26650 1495 77848 67051 50430 52671 33004 56452 98434 65426 130 
56479 33271 60583 38018 28235 57904 40949 86399 97571 66233 97206 68724 69988 19369 62114 91593 62952 50466 27315 72574 
81144 44769 25680 43061 68914 66631 29917 5330 75439 4666 24938 66030 32568 54122 65161 45914 68203 97479 13874 32196 
65998 14296 32883 64444 63958 33708 4977 74015 81784 57624 35209 27561 91796 29656 5842 37175 67559 52905 46911 19844 
78981 21231 23061 82730 82677 70490 94595 83732 66631 96268 32169 44994 91542 58478 29424 61479 46423 79517 31160 14913 
72686 89047 14339 54425 28534 4132 14724 13537 92846 17067 12291 23614 31683 57100 34372 94578 51063 6144 88038 14384 
59599 8862 51215 58950 91038 71019 70482 12740 14060 8906 93312 22317 486 28383 3085 35367 40697 71992 3913 37391 
54661 47175 77590 15419 91285 15189 51370 68138 70803 20053 82191 62336 78350 47580 6538 7090 34745 78173 92825 34059 
87178 67452 51196 60066 24012 68991 68372 11646 58894 87058 44450 89556 43060 1746 81338 67148 52289 15896 24227 55351 
62484 27262 35310 13187 21517 78781 61068 87365 77066 99362 73171 37328 66849 41156 53931 16685 62731 50347 24757 73479 
45057 69095 82414 16747 64283 57599 66819 25817 91319 89403 35902 11754 48738 10566 21319 94056 73819 93769 35506 70433 
50854 44706 38107 50259 37564 51210 82694 70507 31275 20808 5258 74541 43626 2905 21429 40487 8535 76359 58889 35141 
42240 43482 14110 65632 32191 67129 65558 25399 2274 14929 6835 28997 83384 72431 87759 32099 35639 65454 22790 46924 
19041 95634 63702 21281 21891 70801 74064 63959 26678 9880 65756 37726 73012 86599 65182 47444 43166 99814 12802 69731 
82809 76447 38631 65817 24590 2026 20822 11172 971 41536 34016 71898 75499 92665 99242 19445 24951 27817 37533 70055 
38679 43048 75029 45508 62728 91307 20439 89314 12989 76066 36925 60020 42196 53740 28206 3694 61755 79029 86823 80539 
8016 40698 63867 44541 54054 9351 98916 22366 17225 91189 51789 57808 77942 24183 50380 69081 74742 10309 42275 73920 
14433 47600 31522 11516 43869 29658 1652 1116 95169 17292 34501 18109 42307 8474 21213 3352 34667 4394 56298 12113 
76398 91679 54943 83491 29562 78913 755 34385 76076 84137 80577 56059 81678 72849 93478 18482 75600 93295 85273 27251 
38049 6366 68315 62263 15739 50357 44126 73708 18492 20731 19051 82422 27836 79618 99337 64452 1854 3378 7136 63520 
28553 14968 13210 4052 81317 27178 11847 4765 94513 18614 87083 86943 90934 34183 47149 87561 32628 39166 74249 76386 
14764 37487 74748 3161 74919 6275 51483 22834 56584 3100 111 67260 88397 5099 85538 5552 41153 2385 995 61914 
73978 35262 95144 45502 37699 99199 4611 764 16272 3904 79250 60824 61878 52403 76463 24412 88532 19493 74374 56808 
10306 70727 8489 85600 1888 50695 60946 41898 76114 4829 49903 51981 5216 3530 21188 63060 56504 89153 51984 83020 
72796 36838 92671 77684 38096 41921 60547 13401 76383 23790 23239 65173 43100 49882 18277 69577 1254 48882 21726 62084 
88050 96763 40076 84392 16889 84120 85406 17849 63224 97976 59713 79310 55952 19887 39694 65265 9069 38268 1567 31028 
24975 92560 34536 21210 78403 86596 67486 95032 53548 73608 89220 3534 49178 58030 20080 87090 73735 95967 73494 90348 
56324 71486 37631 23209 55714 34030 55961 96973 16284 73330 45943 25166 97040 44734 63598 64686 21558 4655 13478 82434 
23236 27004 34741 85546 32444 53144 97358 59981 90578 22784 97039 68959 48156 4714 7212 6286 23046 34097 51857 18286 
48413 1691 61014 93127 23364 84406 69445 5274 93801 68542 9177 10810 55197 59523 47604 87350 17275 34814 21879 84837 
28009 42884 74855 97433 5930 94982 94291 58470 58902 84845 99433 9564 94024 66133 84545 47419 68792 94051 7809 81969 
35828 70281 16610 10790 90528 52101 66972 50148 23548 36768 51878 9247 65603 18576 93311 65554 30435 3545 16414 48710 
1570 24593 48694 35736 63711 53151 92266 72406 87383 28540 46970 44771 47245 90414 91486 30015 5378 31875 59924 74655 
1823 54331 76196 57450 29840 38421 14564 41569 57899 2578 63718 34426 51297 74048 17835 10967 93598 53101 38896 38166 
89576 49269 43115 19334 82118 47652 29447 61564 20434 22972 49884 4761 24843 89939 5 42175 2195 2974 72049 37020 
23948 6363 1381 17787 82384 77917 50668 36735 18246 26476 92856 78313 14610 7766 87205 42574 77785 57874 83365 85199 
44277 6499 29087 33678 57021 35121 54554 30327 30615 39032 54301 86356 2024 82600 65609 37280 16910 13442 72337 68345 
62769 45224 20110 14133 61021 9864 35710 19056 18045 95288 4478 33788 90011 53438 48361 7067 19553 93065 32440 80108 
45502 8671 65179 10247 36485 4457 89448 20035 23754 69553 12239 65739 66529 56285 23880 26596 87182 53696 15463 13147 
67432 62932 5882 69934 85336 15430 23555 86475 39174 51113 44312 10236 6063 19835 42841 55872 44530 77512 78664 2045 
79243 82062 63048 61866 63859 31053 44354 28609 18618 69983 9775 43233 85941 3168 36382 52579 20663 39777 48854 12375 
32961 66909 41538 16274 99849 20852 71216 58709 34540 10041 87877 87408 90927 36882 82597 53178 45065 10086 16866 9475 
76673 27900 80829 81709 93115 41860 14516 51629 25898 80155 75431 70967 65919 80112 95503 78606 59170 20836 98922 5661 
28464 20386 60238 37627 31676 56239 42740 29422 77068 1141 52266 1346 76117 29752 40747 27465 50400 59066 35128 76907 
87868 55885 45678 54954 66351 51241 56361 82299 44203 56201 37198 57519 92356 74181 32152 97328 88210 15073 96716 55123 
77360 32019 35308 47445 79319 30779 2406 59805 65910 47334 98278 65989 82950 55628 8878 25462 54453 26096 6249 15154 
83401 58706 81383 72738 92691 61262 71969 79614 44284 40445 44802 25586 34127 54122 47836 14008 86774 88225 43702 53981 
55283 66943 99832 64644 99033 54408 35907 54457 88243 38168 16296 53287 61879 69618 81822 52738 25632 10713 37640 58249 
91810 41127 29341 23278 33602 43873 23485 79670 65470 73356 67654 99906 38425 2218 55263 50055 86153 85926 71919 57431 
25330 87935 11567 49235 96701 41923 16599 26348 72066 61662 92689 22104 87484 68891 65876 33 66183 14409 86729 95506 
94499 85780 46400 49876 92352 55241 47300 24905 9952 41687 61101 66160 26379 46662 12853 69777 97947 77789 48906 31421 
9492 20922 52011 98599 75175 85638 41486 48775 18056 60350 74746 57744 32416 68544 74504 77724 88599 75840 71571 2959 
44675 38903 82452 96943 9607 64066 89005 25414 597 27115 13191 35588 41436 76382 61654 63757 18622 78314 62723 36273 
3748 55885 57122 75485 64013 14670 70934 4811 226 77672 16970 38530 58112 85629 84590 4998 63085 35671 83500 60429 
22637 48297 48131 38100 94581 35059 11026 21257 35090 60965 30290 25422 70707 18556 62714 4996 22759 47506 36439 77894 
6862 6681 92713 39191 71310 95548 4617 58696 18930 87522 40690 23730 18323 3115 31410 53860 19939 65611 87338 95050 
25856 40668 41601 47679 82636 53299 77385 25105 87428 19469 89170 49031 28895 66071 68366 92812 99355 97389 2120 40372 
9650 9730 57581 97673 19843 2972 39591 270 40017 68106 51618 37061 85932 84083 55291 51547 37039 10 27177 92645 
83974 82006 15261 7374 159 98878 57968 18263 18221 91379 36775 40030 86387 2135 5722 58969 36312 89258 18061 66274 
70436 59123 8262 64550 45820 69613 10564 87748 74991 47906 81040 3784 21144 63058 59823 64316 56277 73144 30605 6111 
96618 43371 23266 26924 8428 63166 8210 183 92471 38091 81273 11170 90165 19340 96154 36895 68160 4971 19372 73032 
25115 4697 49866 5838 31346 80551 22033 63530 48021 24689 2888 91233 32149 72097 32426 556 5506 50377 97656 91575 
73409 39649 31329 43016 99690 99482 32875 97259 762 6017 37754 88084 88491 5608 7701 44538 85689 20324 90641 95708 
83814 56403 93117 20633 49867 98436 29248 30424 87000 5921 91445 43959 8991 85768 20344 15929 87358 83538 20945 94109 
35831 62724 63949 67540 57758 66337 20121 48290 11665 17481 94426 89479 10716 3387 24731 99286 59065 79557 46245 66911 
99586 21093 47966 47143 15623 48212 44618 93491 24091 12962 7130 40665 98616 20329 10435 99747 41943 75858 70433 31818 
9357 75237 68738 66586 97608 92446 48408 95948 67223 13335 44998 13986 4835 63194 15780 98498 64228 76110 20420 71510 
52797 30312 87697 5514 82696 7198 94483 42987 60699 95353 55233 66360 10723 87162 63947 24564 81196 83516 16051 13518 
30468 3285 21300 56953 70040 30604 25933 58416 29912 32733 2455 75122 3540 70376 47616 27654 12079 66990 24376 75794 
82087 32183 15597 80110 72615 34771 67348 97133 81616 65015 38211 19377 74671 47697 41543 95044 14200 18872 39378 4169 
19161 91877 59588 66562 95154 35539 2658 62724 12107 61871 6755 52859 18901 87397 24159 73912 12884 12848 29169 28628 
24327 79816 88183 78088 74780 8406 55302 39948 45510 25874 75372 78040 78709 46642 68902 92060 49127 40378 15878 4956 
23259 4405 73977 5897 3763 86528 59126 56336 31521 81415 55941 26150 61178 34708 67784 6259 69586 19858 28289 3084 
37907 97563 57162 4276 6288 2151 15714 74621 73852 29611 54812 37712 32031 63087 67812 1419 74057 73066 96344 42697 
61403 56312 16223 87911 8626 73095 33305 81078 21245 29117 67609 16206 36952 72349 89942 40776 29578 69807 38888 21591 
1576 30071 58289 38004 85145 56110 97074 5623 97802 23042 50498 76063 55386 66866 27186 60609 47303 85091 94004 17071 
99359 84415 73014 51623 72170 14767 29135 88719 13993 21128 55127 53743 98327 59943 95251 20455 80388 18787 73323 3591 
22858 70984 72166 33946 38213 46931 31796 83882 65705 78244 43801 15257 31549 81616 85693 73133 80008 50386 94445 18215 
25183 89222 17713 8720 45669 96367 22324 21781 8195 99645 47463 68652 2275 70461 42709 32640 83902 98248 13815 52904 
11284 85660 57278 75300 32517 61830 49578 16156 60229 52172 49871 46274 96032 35050 51616 95578 11522 19013 55139 38188 
26801 3200 10926 32125 45590 3824 89808 95499 82295 60224 19500 16759 77439 50840 29747 69169 59148 37359 81056 6822 
45525 63314 64707 1206 34889 7410 76951 34534 30644 79841 78828 78937 28567 34462 84278 14108 19303 2201 11687 13632 
44574 25063 6236 32793 84412 6872 41165 29130 19752 84902 40319 88530 1950 87601 56605 90661 469 19034 6203 18258 
9372 27087 69663 48479 91201 19686 48671 84216 86790 85095 97659 130 22278 51066 68310 94557 79986 24081 93710 94622 
36323 77945 35480 22673 91280 37985 12999 96526 20604 29855 2849 66207 4835 20228 82848 77371 52741 50584 48633 56389 
97390 66784 19513 34083 27459 67361 16569 77912 39332 38544 46235 76062 20478 10766 90500 34671 55922 4007 18951 54765 
99386 19450 32442 95262 14940 42648 89249 76101 52313 66962 78138 86714 1446 28409 43576 98121 66344 3758 24360 74203 
6378 84298 19767 26255 29385 64238 21513 12420 25321 90887 65964 29522 57300 55789 32031 96904 4990 37453 75685 83788 
16392 3249 97568 7921 79315 56845 40581 21856 74131 60741 76042 14628 72157 35963 42952 66547 8412 22795 52650 31351 
44921 74864 2425 9970 59764 1832 47717 30688 7258 11425 72424 1965 73001 95202 60931 29053 18053 38407 64896 62313 
52430 7186 43948 95164 83807 87672 1119 82740 67677 22345 37622 37139 40084 46298 67646 85356 78632 7583 6627 37733 
84162 51254 28128 88019 24900 39615 25262 44869 66869 81511 93737 33300 80878 77777 92286 81817 63599 20679 27930 129 
15749 73687 61243 3697 89104 90753 51422 56256 79942 26510 89628 32685 37420 45737 3778 55440 64190 89871 2888 50848 
40244 67206 60086 96123 69216 73807 12076 13818 72089 31620 87158 17416 67696 30346 57597 35362 58128 71312 64157 40121 
42022 3932 30193 26562 56466 93300 97929 63315 81126 77533 76758 89669 48518 93455 23864 45324 45724 90631 42607 625 
5647 71187 21383 19738 21138 56276 8123 44348 4733 51502 97300 96955 53755 78920 11412 30687 88502 31564 4433 20883 
3467 96740 42528 5902 65275 9446 72018 85335 88730 59378 13058 68169 65073 75638 17813 61453 82315 86661 45491 23699 
8202 76391 26928 35777 67543 58150 2630 88888 83019 84858 66296 70452 67876 1162 27217 69995 33057 54535 16419 75191 
2718 64001 46279 20644 55966 52192 27503 65867 49283 15541 10435 19876 68449 75169 48105 32985 65033 38495 94215 93401 
36227 63328 32397 36699 57054 25933 21122 94385 43710 52000 15050 88504 91454 37373 17973 81126 73677 70735 50412 8190 
66858 52210 38716 87340 66858 67991 65848 66707 71912 93313 82838 39907 58643 53043 15593 13891 95899 22140 75429 59346 
59666 18283 10106 92814 10899 46208 4982 93797 95654 87682 824 15434 65660 88325 17144 69730 22737 83433 14261 60440 
69356 40064 22277 52786 15626 82047 61938 59926 64703 18905 50930 6614 66813 27064 16353 92881 56981 63279 37669 94137 
58377 73532 38589 36070 72889 49878 4937 11755 62989 80208 59250 72258 3250 74254 92549 89956 80207 53049 96925 25672 
55266 68457 29809 53611 49169 40110 15535 95979 22286 6714 30537 78558 28206 10412 2476 2267 45036 8598 59358 46352 
71295 28188 91553 79811 68327 73827 1951 53130 61481 3379 88078 31585 95374 34876 67670 99796 92538 79483 22767 25028 
33683 28788 65648 77210 18989 93307 90222 86247 83197 2541 18430 28647 15314 34135 38584 94822 14418 78142 58758 77668 
40063 28963 63257 14829 80973 76709 8638 42748 58660 90876 99424 42867 88453 9600 78609 31452 30544 76934 84157 76177 
21618 53932 74453 42592 91228 59328 82686 89451 25026 53491 94939 92631 81722 62520 1833 23666 49740 48896 54177 86380 
90964 13088 48868 37842 20020 21978 24329 17971 58247 26309 90921 43562 98850 85349 88504 92212 43663 604 84702 76508 
44951 44076 51266 44328 22863 53606 68097 9326 86709 36408 68022 31914 26017 36015 96518 7055 59605 55208 69691 93662 
20883 99472 99814 30184 2134 44011 49656 89879 70376 82427 97879 25883 93723 85166 27947 92696 80270 24629 39275 49042 
9114 93713 86139 39268 39197 16080 52741 38764 92252 85623 52504 62786 51353 96072 41739 18278 43091 35282 88674 93992 
34923 66280 67959 72653 25482 26065 42708 46806 84004 96087 67527 47440 85901 78113 11483 30752 55621 80194 11399 41121 
60071 87323 29554 75788 40846 78560 58534 52857 71422 56018 17698 54539 15384 57609 31861 99225 52931 53100 70500 32780 
10210 71691 9592 12576 82533 40233 89452 89527 22249 87144 15128 34856 43788 21936 7026 12544 18916 18805 2881 22930 
55131 58867 80962 32414 88034 65308 16030 82195 1631 35879 63703 52132 50568 30552 1274 64246 18736 21858 46390 81257 
69606 77515 61492 27521 56283 14593 92624 24237 16599 79483 80794 73139 87898 29896 91044 15754 20110 50490 9027 29357 
55340 8797 78290 75125 3376 44025 77849 41266 86761 94823 14432 24852 34664 29736 46296 16448 65734 8940 32667 32700 
87157 99147 73371 33839 87308 59341 76155 20897 73191 49546 95963 78790 20825 2767 20934 95000 55205 97006 50179 65402 
6907 9856 62464 91634 49008 7267 99091 8495 39016 73150 84382 39685 85529 71652 33734 32909 82410 39161 64279 6446 
40000 37789 67173 74619 91967 74368 99463 81987 30263 47365 37617 42085 86637 86502 37743 91412 74668 84955 58438 57638 
44276 58020 32715 17971 43225 29254 92801 36876 67788 40237 13537 77604 94443 53908 13079 96617 87268 9573 69903 62986 
70771 78973 72700 79940 84762 99495 97565 95250 5244 28698 47625 19338 71148 6064 69310 98894 26286 84833 78066 62898 
71310 40728 82046 97969 45499 78487 20259 99064 97508 546 62536 9283 85047 38939 22203 74077 81824 57516 81161 74702 
28185 81251 92760 20163 10141 26168 67305 19985 77805 50851 76438 71370 15337 36677 3541 51161 44779 35506 13252 81719 
93329 21361 53228 1234 23988 8879 6946 92087 71654 13636 93361 88616 76689 50019 79126 73737 14459 57063 2206 52952 
78732 93081 85734 86332 13356 1162 32078 72085 87078 47912 62369 56576 83410 14614 27253 65784 52231 87363 10987 64251 
91715 95088 31114 59436 42767 87518 22975 33684 4900 18107 33372 18718 82386 98895 48057 4343 35721 39179 87265 3671 
10667 91818 61584 71065 16469 28276 39701 39630 23345 63327 89578 25145 50279 40369 19159 61869 55585 38613 95053 17258 
21968 91936 7214 7148 29409 15535 58349 88110 40392 28898 33356 23265 55377 53468 72423 2704 49962 9509 90107 2624 
98412 54600 20424 35105 70660 77424 39852 14528 56179 4761 48688 44219 10206 2660 56239 8187 36434 32527 19616 97257 
54077 31688 23683 94481 20408 22660 75770 23673 8674 91776 58457 52911 17326 37387 61964 90923 5316 902 47803 92186 
91365 48086 97018 43781 20159 88122 22400 12465 51709 80143 84196 11706 83156 42438 11527 50882 4287 64588 529 47693 
88281 9345 41931 52283 43054 76073 17122 51611 40048 74387 13885 8414 1410 1576 70414 76820 58663 83787 73698 96365 
35751 9835 3868 46539 15448 6028 55908 80790 20202 28135 24999 33368 10985 32052 55639 97203 29047 46611 95823 18182 
8507 83022 70143 54044 99950 70431 74360 90933 94579 35902 85518 886 46779 31181 28184 24226 46537 84972 53371 16943 
66524 56940 41613 61567 47836 3097 42342 62653 97430 71093 91243 79818 45494 62408 43630 41221 28527 74736 76223 50309 
21110 50649 36950 35431 24209 1193 52080 92288 26508 47119 53836 56864 50972 12562 56575 77517 36194 81012 35308 22947 
94268 70244 81776 46632 64045 13114 66805 32858 98162 45469 68125 63256 16627 10373 23159 34935 28249 37557 95605 93084 
90809 50618 64609 7199 56485 62601 77201 33906 20823 41203 70586 4935 1695 67543 98048 78411 82176 18418 76858 12899 
5548 2270 58713 84523 45967 52782 23166 79745 77545 68147 46429 43812 87176 65029 49316 12688 44649 29599 74599 85216 
54905 87299 22845 31654 78420 8662 86068 10810 11245 96356 29410 4150 3669 81926 65377 99186 98076 28080 16297 9287 
80756 80108 74897 44314 37978 76212