83704 8863 72115 7865 13247 58307 66034 76650 51114 92092 26001 99365 5443 86538 7260 55420 4654 60871 94616 11318 
23367 1743 45016 78277 70459 47902 11727 63705 46705 77522 42416 90495 46677 54333 81873 51098 128 86044 70732 10144 
77785 9247 97406 65043 78233 26019 87397 69919 82969 92436 30031 45504 13427 69049 340 27422 28956 79633 57662 27277 
82562 28968 82483 93319 29696 3480 22157 95990 37575 22725 86510 549 59974 65316 97451 3668 24120 83552 88110 62122 
82160 53692 15170 39509 40804 66033 74624 67888 73082 54954 65234 85971 79602 96884 69180 97174 43264 60420 18927 16803 
2836 94263 26002 99605 2986 39586 46592 674 77061 7165 86858 38554 14971 90785 29324 86171 86946 20486 37123 64048 
34453 14009 51602 21016 67723 44103 38453 34013 13316 63752 28914 29518 79761 77735 19945 23839 42899 97912 34433 61919 
60452 98010 13675 82760 84409 53039 74948 62646 78070 77337 93117 57061 30347 24575 81305 41931 76538 5566 68526 31668 
75253 42555 38556 92438 85670 27460 1975 64455 29875 72236 71576 91754 34558 76688 2725 56938 16600 92431 67370 61363 
63191 30130 15615 73024 19836 62650 90058 34906 86646 1563 56919 51110 91877 50148 23342 17866 11571 99 39148 44119 
79028 79145 80316 70372 19621 72062 65376 19993 93971 19848 50457 84109 8845 6237 88327 89664 79531 35428 59023 86885 
89944 46833 71051 30033 10228 14966 44310 15081 90695 88168 991 46552 92951 13741 12209 15435 66575 22747 67202 52240 
44168 6185 55414 49041 79438 50344 77049 33100 8294 29065 73241 59462 6147 70489 95275 71658 50591 82691 10174 20018 
34285 6499 74275 55190 27461 77321 15355 7756 38668 19777 59111 10005 2353 37621 47702 6918 31680 75145 36664 95324 
97644 63607 68350 3261 10970 42666 84097 7249 39623 88969 47037 7562 6590 22324 97607 40292 29008 82986 31160 71700 
43316 67601 4138 46435 67067 83124 3623 86342 81170 75101 81784 6088 31108 29656 21039 46475 55724 63302 63131 39082 
35207 69479 85039 87943 29279 87006 25243 3828 39626 57226 65162 84427 72228 91474 55758 26992 7715 51358 15462 59084 
12626 15658 98210 14653 41042 75265 81709 50842 85097 95462 87549 67977 57609 92317 66072 37031 65489 65300 5503 61934 
35748 54661 33418 4626 32210 47096 83164 97679 73905 8513 7581 20953 46180 25980 12828 12461 75675 85418 61722 25700 
62449 74290 10438 14762 14967 62949 41468 24236 52429 1488 50555 71669 85858 60492 63836 76195 43815 41420 61553 61430 
83346 88139 13261 33178 33844 67120 93452 27839 15363 95655 98083 49912 90667 20049 81693 66761 18999 13664 55541 85159 
32319 56084 50396 70994 42003 90017 70453 78344 81959 42233 41976 31576 11594 72774 8580 38895 28121 52415 96219 61633 
23433 30479 13147 62733 2719 2452 59425 2093 35470 30364 67796 5320 53612 57661 97315 87408 47538 40645 93519 39793 
73523 85426 80546 17821 71255 67585 93558 67111 91668 81151 53818 46172 57085 19359 27414 13861 99066 38647 38439 1184 
87057 36913 85339 48667 70559 63093 70645 84137 70471 542 52977 32004 96488 62783 44604 64955 84745 45795 59900 22633 
52129 48779 73447 69518 91156 50995 64731 44606 16942 10309 64251 52187 50541 54633 60911 21479 2189 41178 45481 77601 
74773 25860 65133 56052 87353 13105 48677 75367 41303 75257 62970 28272 76302 86511 2537 9554 72375 10416 72752 87784 
46514 43969 18100 40984 22481 19371 36341 43233 24844 5091 7764 27653 17296 47635 75330 46382 63570 36896 61742 6046 
25833 27677 96449 36907 24678 10059 39446 46854 64742 97809 14087 55281 41060 61738 9239 59465 41391 11539 16410 55486 
88910 70854 58114 23434 47439 71623 26852 796 27304 907 3841 3304 80666 93342 95562 49744 38798 62546 63214 11723 
25391 32774 83563 25637 49683 52228 89524 982 75782 57191 36818 59444 17804 83742 11167 20270 18931 48240 83670 56897 
73340 25809 49231 33693 76998 5444 29521 53142 60290 80033 21765 61330 82462 5118 31387 32766 54929 3614 37447 47137 
82194 63823 24745 5036 31165 24634 81055 80436 53079 68046 89406 5632 27007 55463 61919 3980 8386 18613 49495 59007 
15319 24264 85261 1885 56914 19325 4175 8622 97705 56888 77957 3905 93878 43300 91343 59968 25932 84306 62371 56712 
51937 32553 31446 26948 75390 93230 56866 66441 77811 10519 23178 55501 11607 64988 25288 54381 62015 50334 89266 10909 
93632 45603 44768 93883 52500 93845 54639 16810 81638 15031 24256 77196 27734 10136 89977 11237 52897 9007 96187 21454 
71588 48552 51844 45235 73895 51223 94426 3204 19819 6492 87761 80395 23217 15367 91922 95265 57028 66544 83509 80073 
96640 90590 48655 59420 17447 5102 54329 40720 93159 26787 13621 72832 40333 93051 84873 58555 27191 61680 80324 99187 
55300 14681 58262 45431 2594 97236 36979 26068 20419 17883 42489 15645 64643 5744 81691 17473 89269 87512 62081 21408 
13547 18160 30963 2167 15464 92570 81545 92137 83253 3686 24961 10306 74885 99131 59758 83045 1123 58226 26509 75093 
54354 73749 49405 55884 41731 30210 29220 93207 72060 47020 94599 58910 87765 27637 18848 85066 19278 23950 94656 82245 
37025 39963 4932 86386 3940 98499 67813 38105 79990 5742 81893 51166 75261 87717 82527 56201 29337 45140 16801 47837 
87557 85748 30548 87432 42797 66093 798 99425 61873 64865 23127 30251 41966 69122 14726 25371 59961 60552 777 61227 
75064 6950 59173 81738 548 37769 24895 42511 23378 31493 29066 85890 8177 94724 93680 29136 14353 11688 34238 40381 
93812 24652 91673 76297 54883 77491 97580 99678 62973 64240 8437 18232 757 86395 73134 91931 28316 33391 71653 96701 
79331 51788 2631 66502 66281 69357 61181 6702 77997 78911 64334 89496 34770 78044 7709 11741 75760 12057 92782 11077 
16859 95033 19376 80529 62915 27714 73239 30334 7263 15426 98882 24695 92158 37653 22762 74024 13365 73276 74574 86240 
92668 68125 41325 87974 41838 38069 10110 50615 43612 35605 30554 94795 14420 82850 37293 11384 27926 40115 10771 40033 
27896 74153 57640 8642 19145 41198 24884 46405 44203 52051 13783 24706 25534 10211 8064 18052 32059 2275 33029 4649 
361 76008 5574 84737 2484 95880 25607 97906 52179 91113 82174 89864 79606 81857 80797 79508 90628 21739 10711 16801 
95261 33117 703 7253 70132 67371 29319 85812 17672 2912 21127 92959 37717 87295 98053 95329 8584 45682 22315 654 
54248 66210 74454 34806 77721 54483 63755 27711 90575 80272 80094 99482 35014 24281 60730 16023 81028 88564 2150 87799 
9070 16955 62486 39211 36408 13118 49112 13189 62897 34687 72710 75919 98738 21797 86797 90536 94266 57365 33645 28947 
35940 80592 20528 62005 36807 63203 92037 15833 12648 75047 8043 3428 43939 17912 86403 81723 77563 51135 81120 78440 
46533 41962 16687 15626 71552 62379 45985 58832 96518 34805 68044 72839 50225 69473 20644 82130 59689 3287 44127 79573 
15071 70969 35262 22505 68021 38780 38429 57547 16864 44134 88403 27164 59440 75696 40008 84259 4639 37988 92804 69762 
89270 61994 61725 33727 41020 18706 27876 39685 49632 96646 39360 57444 20498 17981 64680 98515 58152 85047 58120 86016 
11733 99028 10736 74811 14653 26140 23196 49059 29997 3744 89203 23424 16199 34262 72519 28203 50443 79675 21852 4050 
46113 67375 28078 75051 11041 83603 66274 47906 59098 15360 74467 15410 95195 5647 96361 71608 76504 9616 89602 93764 
58806 83507 9933 34972 86677 11283 61272 79569 17397 35448 40230 34854 36026 30598 75849 10534 39359 64464 45621 88629 
73529 29200 25773 31257 89285 83393 28626 98924 49529 39922 24142 14761 38510 905 79295 95306 75159 28163 75709 79898 
96638 27582 85029 13499 23837 26180 97797 38396 95401 92885 1053 62477 90140 49170 37659 38615 32554 78987 28691 13296 
65255 63864 31652 35985 97209 60545 41025 91978 75591 37145 14914 37294 89648 29133 70540 25730 38194 49501 35902 3675 
9901 86136 30820 96700 56657 85958 9407 32951 4052 40786 57079 31402 27932 24180 76778 33196 30773 10058 62459 26656 
71876 73151 86409 42492 97117 81502 46520 75035 54787 59082 56442 11490 20076 17747 50899 11584 47939 84420 85400 31529 
77495 57680 93879 87044 95973 27029 39122 76994 50320 41475 85303 38879 65945 79500 73414 31510 29307 77508 92521 98386 
66528 40834 19965 46951 69460 18018 49343 91652 95050 90172 75344 31207 7130 61052 39548 66903 24958 82948 49954 96096 
10234 8654 18921 88533 24519 33127 51665 75488 16288 43499 49681 61511 45624 30028 68797 37395 59067 80484 16068 40659 
85088 72957 78697 88932 32931 42644 10460 31792 57209 17161 55016 59334 20895 97503 9826 36381 16076 76057 19028 7438 
406 83780 83222 5207 17775 98150 35769 42366 32712 51494 57851 27167 5894 19199 36156 66458 68782 22012 17211 27540 
48581 77719 75000 94016 20220 50088 26714 67213 96077 86812 25959 67922 90795 97121 85003 25087 12157 70515 24404 85931 
11031 74451 99651 86957 88466 19187 36653 11248 4761 29870 8108 94856 77036 12971 76029 69087 75990 41549 46044 35397 
4123 58080 16164 28078 86641 90800 82450 10635 37015 16605 42927 8484 89225 65856 87232 26875 21218 50375 35311 47682 
97658 78852 38474 55341 66707 22526 51277 76826 46992 21748 80134 93489 22869 11710 57236 99390 89453 9776 95786 95958 
58001 49848 77118 17831 16121 35137 97838 39463 59342 14890 80841 9665 62095 12348 40333 61276 42430 64073 15222 33265 
4520 74519 54494 78456 37991 73873 5832 1692 94952 20348 93385 42883 64296 5342 912 48894 15218 36288 41304 54206 
54688 86642 51271 94424 85103 16409 42275 56763 10639 71509 17280 36697 83120 66004 38528 32272 19464 71460 25005 15296 
11782 87198 33258 60105 59210 13551 1496 963 87046 25470 7047 61749 48162 1747 23480 41590 92608 47539 78825 26984 
48991 4585 95033 7092 5158 97100 3755 55776 6524 2142 49555 93966 86822 29277 10913 70764 41178 630 44748 43141 
50891 61287 74537 1703 66547 69458 91488 87409 90671 45300 60855 12751 81915 96377 98147 86200 48142 20653 35395 42977 
62619 41747 54842 45923 41206 55602 95956 37808 36196 11681 1269 83836 70466 13629 96596 82962 81834 50720 91594 19888 
69517 66035 97686 59237 16200 70102 38411 2481 99321 587 66240 78201 71874 6578 68391 75710 77735 69012 64201 37797 
15420 33684 15373 97586 43276 39549 8360 8057 74984 22037 38456 55133 82309 23126 58487 81306 332 91588 83495 74987 
61295 22300 58259 208 67724 69177 90185 74944 99010 60713 15921 43787 31621 92665 21170 67251 60455 2915 95599 3065 
2637 17839 57138 92909 62366 59249 20587 863 30395 53256 55094 92926 74496 34123 52566 64360 65231 18130 80099 79586 
72594 86260 27417 56651 342 12710 52938 18734 81608 77185 77802 27201 27815 58131 36970 42078 77303 30375 54467 62970 
93186 45070 81673 34195 14997 88755 29294 23058 52525 3936 75754 78708 4287 56672 77864 21148 26884 87044 37786 71078 
90980 51519 48036 63620 40080 92499 32684 11776 35087 92210 882 99622 66775 78733 4274 73065 17463 40087 76271 55553 
83323 20665 93602 89769 9745 62295 44698 12157 88861 97471 96088 68220 33437 46986 30180 62947 17973 5038 98228 88564 
75720 87506 92937 58829 85242 39277 15205 75524 54312 66980 13678 2536 31175 35831 71301 74535 96811 22661 1236 46093 
88925 83714 51174 12645 66967 84784 92916 84107 5239 59985 56986 1052 39176 35811 24192 81355 36496 89920 84996 97269 
61738 14593 57099 60965 66537 15645 17673 18885 78797 44749 7178 318 16983 50246 44171 56355 21957 64559 65012 58305 
26720 19135 4684 19189 83752 24101 7818 18398 70367 39513 8746 18028 21958 60057 6957 86296 35998 87601 93074 53263 
28058 20726 63518 30778 4317 20404 95935 28939 25696 46057 12594 52926 69354 29548 83914 46253 67194 62003 57428 72605 
80208 65876 5560 5507 54488 36142 54624 65806 64335 87566 83873 15284 44416 7121 98169 11108 35890 41479 49779 14714 
57988 3030 25962 85549 43264 15630 69596 15934 64761 37917 50693 28704 32600 12592 12992 77840 66252 17086 63609 74982 
80460 92913 7346 23414 66484 56971 2512 69974 70644 1870 88259 75221 12434 53527 95339 94811 40566 92808 99117 9079 
39198 4514 95952 56169 94927 41680 80670 68682 83768 46339 53932 56304 44460 75369 24153 84546 8717 60347 39102 25521 
30858 31826 1176 72089 10561 13739 71834 42280 52532 26033 37748 62044 82845 59902 48990 55430 35376 73218 37203 66490 
92855 66893 64198 51521 85056 31639 16448 10039 54845 8289 8544 15456 99496 59289 5911 51356 72920 30849 76901 79430 
8810 31601 15693 8190 14289 25567 92374 11315 20828 5181 18436 59047 76514 44845 27716 23724 51612 6797 14009 65660 
14842 19043 27973 78156 10953 33237 56796 33803 18689 34205 50918 10404 61532 61623 24772 35344 33662 6506 78433 915 
38473 82416 93337 73895 30757 3796 50676 32906 98327 30671 21212 19108 73512 63343 6535 88964 63285 64318 42025 34126 
22249 95068 34172 57713 80600 45302 97592 52040 81175 7692 86109 24771 26177 10603 37739 50986 70351 41619 17835 58271 
23395 896 43343 70146 43040 33305 92021 60999 61653 11225 34407 61795 33470 2079 89586 45452 4733 88518 48970 94080 
81255 86656 1010 52040 29195 51962 94871 84280 36856 11970 274 54913 16011 52021 260 67443 4543 56032 92771 1150 
18466 68280 2685 21165 81931 83121 82191 77200 55005 3240 72891 64221 14276 48913 87603 2469 36062 33347 35027 98172 
80498 69481 28490 81581 55730 9101 52880 16277 94036 21247 43778 92757 63012 39204 28004 60677 58336 7683 11207 66650 
14993 8747 53016 52627 60406 1242 44159 31482 8226 84772 72466 79383 9112 71429 78416 95419 33145 76035 41364 78186 
99121 2342 85887 9120 18643 9478 43119 18705 28555 81712 88010 62927 13872 13970 63938 60866 8863 63912 76808 22491 
99726 1198 21885 3248 89181 53956 87569 36499 36414 73180 73947 10150 40540 45366 40491 15894 75982 94023 14583 29343 
73550 39047 80174 52974 97851 69030 77739 36242 4101 40744 31999 38864 16692 86061 1253 96340 8731 26948 94997 25415 
45607 96228 89648 79652 99665 86645 70375 90806 71496 59118 58541 30081 51062 60557 36625 74729 80197 11388 7371 93596 
92594 59000 69800 40065 99081 80219 9442 88262 81454 46060 35692 26310 55093 73057 71619 48829 68663 89651 98221 59225 
40363 54866 2112 99845 21016 3351 3214 2136 20059 45965 17523 87862 41768 67105 22560 84401 12657 86135 74550 88926 
15285 73842 74904 25585 30692 82277 10031 31889 24883 32234 27355 33587 45143 73193 89251 12391 92678 95512 48968 32697 
63773 65959 39691 33665 16079 2193 97030 47254 49732 12692 52687 81942 30481 85405 5164 22125 30087 91494 39941 97283 
22687 29200 17555 17348 67861 92049 18708 33565 46392 65238 28849 82073 4100 23726 73869 78284 19994 18103 94450 61136 
18407 55675 62235 40880 58237 71443 34523 8851 58009 8561 66524 18779 49933 43067 98296 77590 4852 93837 66920 96082 
39263 59871 43705 19044 88479 39747 86192 45996 98127 4923 76690 60354 51452 96275 41612 99488 24011 39717 2284 95370 
25103 41699 13985 20002 39739 76255 66631 68669 46774 21352 78209 18151 14978 74986 66311 34496 34327 75129 28403 95361 
80542 44655 26035 58370 41514 24397 39893 58236 38364 59967 45511 78893 87664 45627 15751 19170 33418 67557 71221 48870 
1796 56646 77732 48350 30168 75967 48492 58997 31192 80030 28931 28753 20428 9720 99698 83696 82466 4337 49650 96149 
7701 85560 30857 45388 31487 14397 47461 15991 12170 43069 40542 23749 77011 75214 76091 5629 98400 79 94355 19643 
96039 43443 67965 9613 76944 59757 15811 29765 64068 51776 29586 27202 3851 5083 53258 8134 60935 46768 68640 92242 
90814 60535 75515 20315 40844 50077 12792 72517 39839 64511 79378 15920 31465 91941 75443 83256 3896 92140 58497 92923 
7966 69242 96354 78100 42676 68065 81249 87372 5160 36527 42385 67984 93755 56854 72832 12242 32820 1621 23957 16080 
97237 84479 8651 50916 74887 54557 61741 94518 70129 17739 41362 86560 83968 1137 70953 86281 54109 8033 36534 54315 
32155 70585 1557 93197 92992 88999 12702 13746 13890 40372 13669 15987 71062 40768 34456 16775 23697 995 95613 33330 
61394 28232 38782 16404 54179 98554 51260 27546 42118 61436 58020 48873 66482 25050 19949 59829 41847 29396 39476 24501 
66722 77262 38711 6849 31828 86921 75165 22020 89212 19005 55267 12329 13925 72561 24294 96756 97410 92770 57847 4368 
19992 8253 32689 56075 39171 22996 24733 76235 5940 52114 6680 43209 85252 75529 5192 52017 16356 92365 80008 40508 
2248 94649 72791 88483 53847 16686 41562 49593 99278 51581 14176 90767 73389 35423 64861 26643 30440 63254 70412 56798 
41193 27430 52762 18736 89845 99682 45962 45126 98611 22586 22111 59212 47491 75216 29960 51979 81769 23366 82458 98554 
9092 71281 89225 46132 50007 97618 63604 94092 41961 86539 24483 41336 58211 28928 79068 96859 56079 52177 69467 29629 
9262 9162 61755 50244 73830 91558 58273 21299 49724 1733 95101 81005 2879 73195 87963 36918 87881 98215 1134 759 
26737 23478 79394 40571 79785 48995 82882 66749 6943 96296 13759 21721 78522 67699 10940 79528 84805 9151 90371 70336 
96783 3864 63797 17149 7962 89798 88172 5544 97275 5451 43280 79933 86357 31287 24895 70930 851 42926 17043 24813 
56499 53245 36721 37775 27689 16502 46443 88415 40223 76401 91326 34741 87880 88546 18935 24187 52389 52760 79033 66296 
16398 4867 13108 49509 85414 63636 46690 58464 14619 14030 82893 5656 41301 85469 73613 65606 73119 83589 97215 25420 
64852 28639 79154 50318 76090 48108 5307 84904 84165 84061 70398 53653 85518 57347 24009 10448 73748 50901 74618 91670 
92459 92142 6739 89959 78937 94623 66057 48509 51937 73994 4618 50911 81760 62403 98231 21944 16820 24194 80386 26092 
64027 51212 63400 84138 67921 82594 24204 18942 88020 54063 43650 16457 78650 55729 54885 66016 38664 14001 23134 40078 
22341 65856 46152 40597 98811 78888 8889 73242 67626 48780 46670 13578 22391 87710 94353 78853 78417 88646 8095 39015 
20673 15495 77459 82635 90205 17846 43039 35578 14824 18256 16083 74409 12619 2014 94165 26773 60256 46368 29923 40250 
39938 41518 51828 30126 95471 66735 29127 42580 45208 45932 3832 68849 22150 32091 63071 46028 4584 20477 43851 78988 
61055 14077 91627 39692 44751 48212 86764 49223 27126 96592 8138 32370 63373 64934 9422 59070 14703 75293 25588 38787 
90163 36954 38586 85367 19179 65729 34609 6014 79451 17046 94053 94201 92052 10340 32399 31971 41941 11588 98510 92565 
20104 13166 67773 88615 99344 35952 11775 2135 77968 55094 38252 45547 47686 88330 4382 73402 39362 22155 83328 14791 
35966 90300 45803 84237 94832 71837 98160 77079 62037 71869 20665 25015 31641 43062 60002 49825 42909 49189 3859 62556 
71492 57333 53182 45185 58940 24542 42083 62269 54453 83293 68498 81612 58037 55738 6785 61977 56237 60713 626 16640 
52708 51106 68215 94016 84467 35325 43615 26201 63054 16141 8889 75848 24855 26397 38146 46145 69449 31015 23317 98213 
2965 70146 87173 13547 71193 410 97526 70793 40379 39762 23894 51397 8168 44809 58600 1538 75426 92028 65786 83397 
4246 64825 14942 70668 27555 57034 36489 49458 2047 54981 26214 94701 96264 5208 98721 75570 72631 85537 13574 35997 
4057 87783 13673 35112 20692 53805 52439 9307 76582 22088 74007 18709 77736 47066 53708 23420 5622 72178 51914 71768 
71053 21321 46905 59024 39198 59391 19122 35838 5678 68391 40118 78218 64732 87642 63426 28412 9330 28783 71201 23690 
8164 80372 52470 36717 38473 27971 51149 45547 59802 85129 14822 4710 71771 53593 91354 99355 9866 74100 32192 43795 
58457 77150 82318 46716 55164 66845 93674 87109 70379 39930 95961 75289 95745 98789 51781 98918 76119 58703 5490 91534 
61171 31059 36934 63447 70785 72207 5569 40719 67417 38265 59700 82602 31314 5002 2005 3762 44087 70386 66017 13079 
88956 70108 21396 37773 23600 89195 32251 48459 18633 44919 64089 5238 86589 72020 36604 85033 52462 95175 7879 48381 
29829 45751 45813 51768 68903 43742 53999 2005 67901 37398 3820 77460 50597 60083 15209 6189 58830 38292 73569 46708 
22994 95892 68069 43467 84619 71274 79381 69866 23193 56449 86541 73623 6700 53784 40866 48465 47539 87932 69230 12887 
63603 47910 69335 14628 76130 90785 32777 87553 9483 63461 656 9254 91978 23226 52783 47 43465 14156 86649 92079 
36629 62050 48111 6936 50713 35254 59020 59915 48944 16368 72699 99367 55794 35584 1398 93748 64826 77163 50719 40054 
56054 95811 35473 5054 40238 31118 94306 1924 54163 895 21684 44763 90134 52907 95943 75345 12783 48123 37860 8797 
5364 3692 99545 64027 39698 8381 44809 9786 93015 12565 15253 11066 49584 99807 16303 17191 24277 77943 49580 35323 
48819 34640 46402 2833 77447 92019 94651 1054 7648 79998 58402 77130 6713 87556 32467 65851 20873 83904 67216 73828 
40093 2977 25557 61589 37060 47086 56470 39813 59545 34608 53468 81762 58457 5793 77266 20723 77352 58322 64701 42067 
15741 88083 53554 34474 87365 90281 75092 12370 75281 83972 13767 76783 21305 95248 91478 40806 15590 10750 81412 77123 
12290 73804 85097 68041 24183 36347 65792 9887 71591 54013 27759 13237 73754 3421 28299 77219 4524 93473 73642 98748 
52555 68219 41031 1076 12709 38227 91036 30984 73427 92114 42996 51590 67677 93847 53290 66518 74036 42255 99957 75490 
36612 40316 79550 97133 12364 65740 54856 88280 93651 21031 20633 79191 2264 16063 99530 54445 18123 76 26625 96405 
13694 16625 25687 14215 59169 86885 2603 95883 80102 20585 54550 48989 67179 2786 78262 92287 33964 84747 30853 94387 
77622 23818 60804 25725 78572 7250 19900 54306 41735 64554 78397 13502 62356 48761 92123 53144 63322 1274 87133 72218 
32644 30374 67647 74679 57716 80286 82196 78210 86232 83343 36842 81631 79908 56626 76444 35407 67890 39912 98975 93808 
27041 23920 61555 53732 58880 54362 31401 39555 28875 91362 40578 36210 54044 19988 22981 83883 29000 23485 32530 93457 
51368 5119 67688 46417 78026 62034 74967 3561 8417 36321 24691 9752 1455 2129 51270 25908 95922 76712 25062 12332 
84733 80556 76262 41516 81062 2107 9744 44823 1716 81830 44893 27827 68999 38969 65906 2062 60978 95252 71972 91135 
70497 32247 79207 96990 76370 82888 62814 55182 1285 51809 99667 83917 93113 90081 32094 84065 76049 10434 53064 2772 
39712 79593 19089 57200 47781 72781 28879 12549 13505 39759 71318 93285 77544 45762 16039 8594 25930 84096 50616 48446 
33673 13034 86217 11908 35504 67529 23750 27724 41686 90537 32782 95869 75327 71691 25037 87281 2427 64243 64105 65826 
93460 93518 81133 23815 1280 13541 28899 64676 45612 37151 73403 34206 31585 91952 17472 80977 27701 94581 15845 22222 
2513 88512 35088 20771 44856 64247 42070 18235 87682 292 47894 87752 35986 18998 64663 92600 21888 33575 5420 90034 
81255 58724 91745 51056 65140 65045 5154 72252 67642 81042 36532 93074 41274 95529 54618 76612 43921 1440 47486 80428 
95542 41075 18613 98195 48209 50316 13572 71886 38110 88868 37354 3909 32670 32612 93865 59306 51914 80493 92871 69993 
52765 24572 90974 72455 50752 28000 56369 58759 1229 17095 74561 15376 3353 60795 8602 78200 84651 15486 31736 79941 
4461 99271 77853 41203 30325 5805 78183 63394 27006 17398 78053 55730 51907 34991 99531 26443 16087 90606 74606 41765 
26159 28206 41543 89991 17750 48739 24111 57585 10544 42738 76702 94006 80546 70395 52586 66216 76 32460 39794 62681 
25816 16807 55711 12722 49328 32529 75269 87980 74740 61462 6794 39083 74724 55390 63584 93862 9908 71974 28696 37946 
70221 38907 3385 88857 7487 92399 96231 36985 74016 45553 40637 56483 96701 15600 36415 96166 16318 64587 77488 97062 
20419 46658 74097 87172 62418 60920 51749 58955 84471 46909 85503 46956 59484 43626 11523 20766 85607 24980 15816 40407 
13723 38624 54015 66625 15471 92617 21307 48919 92763 69468 26298 22323 19882 32601 60800 95511 8916 48894 38438 84098 
99344 83401 38224 82002 73488 82556 84485 47932 90074 97041 92937 80573 95720 37380 33257 30336 27174 42008 97428 82984 
61065 45137 33661 14184 76304 7719 95964 47958 78338 23434 95095 97960 59609 15992 53562 79880 74696 64231 83146 20657 
98668 25140 12814 70484 68881 5721 19514 18910 65343 69679 22251 57815 76122 5407 30693 90691 54204 33285 27483 13495 
29645 19886 11554 86385 86653 67246 67138 29750 85034 45952 52865 34955 24919 62730 5263 52636 60578 68589 30645 53661 
98543 19567 74626 10896 28090 38529 62741 52320 50956 56634 62709 78317 59987 18389 92024 20395 72271 73874 85695 74331 
46819 51549 25959 42428 95964 92517 52959 90390 46529 55767 29672 85482 19180 71721 43606 9496 23373 77550 32019 45564 
92026 73509 1488 95561 69041 46544 4440 53777 97135 85396 6221 38246 48324 82546 85965 23575 24899 60471 98113 82972 
15452 35539 76941 44738 94814 18897 86304 19480 71445 40486 91935 90694 61916 59750 73593 56395 21532 21401 65597 2616 
85536 96024 96588 87677 53328 86411 27408 90403 68304 17756 51672 89099 73077 23213 56631 19545 10414 93222 34506 30510 
81643 1381 40279 6988 69717 76467 30734 57001 39006 34469 6584 97039 32734 76036 63547 87584 81824 75156 15190 6389 
35202 90824 92677 65971 67930 63420 40879 66557 37923 93111 59438 73954 9260 9446 80193 31729 36878 66284 42967 19516 
89766 51680 65765 77082 46872 87677 79621 79377 86460 52340 15126 70971 72936 21591 16212 87321 80822 38574 39128 47519 
48069 35906 47470 86323 92491 39075 26085 31426 11333 66122 11859 62791 10688 26817 19007 74240 1300 62728 29536 7455 
88391 41719 59313 97031 28833 60148 22834 65964 57831 91555 9434 14440 95552 64689 31353 87144 87360 9689 77332 85078 
74275 94965 15006 152 13725 97301 50922 99312 74520 24161 23815 63580 73646 75603 85271 88119 23994 5801 45717 44539 
12231 18023 95434 93558 24760 10790 35013 4977 77422 79506 12561 97482 62413 44671 26867 13935 59486 28641 55116 75490 
51838 9903 18420 82739 97609 93120 72085 11296 67663 8904 54486 88128 53814 78170 84838 55743 46241 42683 36046 17870 
86670 55210 92179 30670 34189 13183 46606 30059 18129 16904 94565 82980 76816 78508 28515 92045 50004 25149 9878 83186 
97189 10164 85915 82902 24976 64631 93577 10064 36314 67936 17430 14989 51112 37734 51900 32799 24522 97722 56174 18074 
97333 88543 69268 94933 37470 89984 23945 86796 6268 29594 20203 73375 4666 29853 62165 77088 4660 52003 60614 35083 
93959 67642 47800 61829 7048 48718 93649 82528 81329 70814 66686 82989 81915 9543 95329 567 7490 6349 54032 24339 
96378 97230 44981 10172 29600 67552 87205 74035 51641 89050 81886 95484 56063 67404 99630 86601 51486 79597 7913 55219 
55360 40666 35478 17789 13583 91939 61748 33082 79162 43005 67577 29014 13967 7902 24189 79357 412 65269 92937 94563 
31762 10332 25337 82955 75164 57290 25556 94537 67956 7902 88235 45066 93552 7836 49731 72082 22762 71811 66037 84762 
16080 91135 89139 79682 42919 46424 55569 60501 41983 29789 63505 80542 22361 93142 14655 55894 74680 15756 32175 27726 
48813 63139 17598 30767 36999 54952 37720 67949 559 46831 62764 51214 73246 50481 74423 94850 83802 93172 29606 72377 
94212 7528 47143 62538 98011 4286 42796 27700 7068 82536 74137 42000 85546 8563 36085 10610 11576 32726 22277 61500 
20195 60947 1780 49324 9965 97943 86731 51702 51689 63515 70881 15495 7471 42969 57067 25211 44761 8272 40729 67369 
54260 81574 83552 67169 66438 21248 77815 8067 69251 16846 20595 22063 87696 72949 57649 66956 24065 77412 39045 75754 
57747 68025 68165 61561 27345 51766 62518 45034 69189 27517 13794 97380 50144 84677 33179 43880 66593 4133 20 19833 
2938 12466 54055 32727 79885 72186 97446 59404 60211 76738 59790 77891 89155 99783 21 91359 4962 77444 41891 39252 
8978 36985 46769 93005 50550 73906 97086 8602 72266 7221 24459 20899 55515 64789 69179 86790 73817 67298 64113 15425 
82583 63758 32470 88999 48444 80292 70893 41734 45303 89718 63845 49328 27438 10864 884 14138 73984 93366 93794 17415 
19286 40333 79215 28169 94103 55069 82087 27286 1320 19474 36010 32189 70351 44666 23782 74578 26396 78574 93989 11873 
81095 36834 6149 86941 33904 57591 90417 27669 49414 26709 91680 31396 81888 11093 90662 67177 78533 94464 71909 6777 
30204 75698 64186 86772 61416 97544 36910 52173 99138 69745 73803 67804 76441 44766 2507 76635 12426 90810 42985 204 
64378 37073 94244 13852 75631 92305 27126 24310 78977 95459 84222 6306 48849 57382 37160 27435 75487 23005 12847 86167 
94001 85896 94987 19680 99496 29977 75817 20591 41122 23895 23329 19164 55369 97516 52432 13512 5499 98462 79228 77804 
79504 97674 94299 47652 63965 13767 61251 58836 53229 88711 59519 71921 44381 60378 37808 56853 78790 59052 50710 27452 
79377 8263 65126 30305 71570 81271 5508 51284 8975 45564 29746 743 41674 19943 96490 37802 74785 41597 14495 3550 
55635 37065 1972 51197 99876 88730 51280 44848 55577 48849 14706 22812 59190 872 44567 33190 96966 69472 48982 76898 
68630 55295 49306 91531 40574 26327 88621 36286 76518 69540 32203 14478 14677 35488 73851 49522 87584 18230 85474 17961 
1105 59601 58640 48122 71330 37685 72843 30915 83628 56506 82399 15637 90122 80316 65484 78984 98728 34498 6864 25155 
72837 46715 17411 52698 3744 32924 92098 47449 66529 32361 24551 71591 35146 9421 41357 68217 90846 68515 16894 94725 
24673 56754 57217 14510 41459 11760 22527 79241 57216 35441 58262 90964 47194 20326 91229 91847 15891 53685 99914 25065 
57580 99100 76366 85392 58148 76523 31079 29431 21735 52166 3873 25939 94928 27669 93690 86778 57668 7837 3630 62510 
28592 82493 38910 74175 67522 6515 57215 74480 18820 48852 39025 99966 79975 89782 49317 86615 46805 11984 87118 99376 
97066 66871 51245 43641 31256 37695 84350 7229 41937 66813 14243 49891 51798 53862 63287 52304 9326 50330 70433 59741 
44637 49791 17159 27596 14656 75275 50544 17311 49782 15879 53477 22083 82149 32330 69738 56185 99737 42286 4320 57109 
7819 96750 57511 17427 4509 81885 65766 3969 1291 62829 55747 93433 18510 63134 31791 57239 44624 27932 44418 79537 
98160 99606 92810 41350 84488 17488 29766 58478 7705 53451 21718 92841 31399 29629 68138 81544 52711 9668 40223 57985 
78413 1201 92975 61148 73409 70491 62141 88200 89516 65644 97168 97903 67341 46793 34867 15086 80253 2945 49383 53511 
51349 79570 74439 15712 82336 67444 89685 43013 71181 49693 62706 58576 92855 26039 26932 88151 14617 31793 66139 43801 
90230 88190 54830 8834 61929 73887 73558 84387 82736 61719 45717 32273 8177 47873 951 51865 83 26588 83335 58390 
76849 31976 76535 18239 45818 9874 33471 57525 94673 4243 34763 45587 85173 80035 56040 80647 43814 16274 81117 33613 
67780 59427 10545 31828 13717 43276 34865 22386 51606 11614 20527 86074 57418 18972 907 59786 52784 28083 69965 39865 
91993 80984 78319 5324 30905 8044 69885 71184 94105 11471 84364 56497 751 37599 71085 38292 72233 72919 53505 58925 
7309 49450 42275 8522 64164 69602 99328 8185 27154 36289 46571 27755 32531 64493 78334 79395 6567 93891 65988 32385 
66952 45680 79798 99785 9617 73367 74923 16682 13840 79671 79394 98530 74121 79948 40178 91277 83905 59151 33707 87689 
13361 78814 68472 81784 17744 2755 11832 54468 92292 59639 20521 98493 55490 73057 2538 37234 97381 76194 14082 50430 
85644 46124 22261 48364 22429 17765 55429 45087 29068 86124 80905 63536 73590 10582 23229 19178 95572 8851 65591 19899 
69201 48042 46192 59003 47056 49665 4523 34652 24986 74469 57139 29516 37965 74512 98305 80954 94537 84049 48204 8764 
6930 97138 70150 91541 61793 74439 3910 89630 99908 65056 84925 71418 15143 89045 4247 82668 39218 75341 89161 34402 
44445 85219 44812 40018 58067 38408 27807 34522 82615 95970 85046 75578 15204 47465 58560 14887 89144 54073 36884 91117 
33093 77750 36806 1536 24621 92297 29573 94052 36830 25906 6556 1381 31989 641 47529 86168 1587 42539 12618 95161 
99032 63903 34462 64708 70720 82232 78853 25742 38963 71497 47999 75544 3402 756 47971 83430 86624 10234 13474 92880 
82935 68945 89103 18052 66239 60379 8202 27318 28419 62634 24596 59746 67504 11226 31820 98428 50974 12825 9047 27997 
86558 19703 30825 7851 56875 47316 65590 79353 48837 91952 72589 52909 43733 69924 12410 76144 46828 48852 46974 36556 
90213 55550 52172 91554 82271 72201 87674 48696 82253 27437 81771 64836 41570 53334 93717 23191 39782 10916 71200 31667 
88450 78066 15913 7056 16537 30577 10101 41761 95867 29652 91618 47248 84500 3367 9185 7929 74602 28564 3206 16427 
86703 75080 37284 44810 22203 68464 57626 2370 90660 34327 3730 62310 85416 2466 19710 92925 43091 68933 35675 33253 
21609 18475 91637 59064 60444 98185 34446 85008 58201 10718 93899 28862 43375 40684 40459 11009 14136 97341 67955 85792 
76453 87501 46643 57490 34932 10718 65303 95455 18921 7262 18663 80751 7995 68756 9327 7603 88592 1313 20961 7954 
73700 24159 31176 80494 81256 9767 44086 92649 72171 67886 11079 38262 23008 69309 40266 36474 91940 7068 71272 60845 
45881 36885 78743 25413 61178 31063 32368 55652 98352 91877 46760 11306 95935 18760 3152 8184 97142 86358 16135 2356 
57881 21213 55779 41441 22295 20775 17804 89508 52213 82904 88547 34551 94199 4374 61080 86868 33238 854 25546 10223 
65991 51980 32767 91800 78155 15902 71615 45047 70287 35698 59434 5021 71300 99545 10198 39760 1352 94744 4366 67231 
89843 22508 65546 94909 56415 63751 27031 72977 67660 4776 66181 50365 92089 43895 7498 97800 23796 43242 83316 32867 
26232 9777 24856 13632 15996 8235 6335 35715 65362 15291 39666 71823 9556 55043 564 10826 99967 23123 41727 93005 
70691 83564 94338 78131 10394 69899 31415 66890 30396 43419 66649 91556 97422 54594 65640 37550 9494 23854 10927 76468 
40278 31433 66359 91393 14998 81230 77681 43799 9033 57306 19620 99632 39681 5246 33263 55980 18735 26734 30700 50919 
98908 96048 42184 55393 43859 29819 6933 44299 27083 22449 1685 78942 3060 6624 88134 33479 5327 84076 87305 38785 
3303 4027 12999 50468 33398 61474 13740 7775 92645 18383 15049 91819 90805 43209 48165 93268 24465 7573 99533 9002 
15316 21272 21235 84056 22323 21274 96045 26151 12119 16911 46344 97215 19047 61324 98911 6663 72354 40224 17361 27940 
85821 85199 67058 95756 1885 90413 63768 60497 98920 45783 34928 90814 65862 75896 55969 71194 72 68008 88953 72134 
29376 97210 76034 84960 91441 33310 95560 53626 43286 86851 48063 78570 97206 93956 66919 68913 29963 21923 71670 80710 
20625 32392 20186 34823 18602 26009 33044 80070 37346 24708 10900 40963 67741 29025 65921 25036 88351 39314 1474 10153 
36271 14564 87368 48613 14044 57743 61772 19009 13164 18504 85783 48449 84516 47624 27634 52267 27694 26177 53152 17175 
36145 33813 85206 92425 80095 82515 98122 65713 45356 30939 1969 5745 32061 65425 50929 98397 48515 25028 97308 13216 
48628 86934 37412 99676 65980 2321 90888 23598 67753 47010 54926 80499 14406 94580 62875 11072 84396 37293 6419 90298 
25271 88593 87503 86773 49017 7278 28784 39266 34237 90308 91425 66610 41391 94537 80507 54285 1150 91730 64819 44637 
27338 12607 39452 33603 57265 50751 94700 47686 71375 96361 68685 91462 43704 88111 74553 1687 67226 32522 29520 79442 
67677 60455 48395 489 38885 64182 41847 72603 33966 14481 29257 30811 34309 32752 50777 71022 67879 29020 42020 33964 
95998 39506 88055 41170 43445 68583 38390 42062 33947 95423 16399 61938 74203 40039 63785 66448 66053 49961 63365 24345 
7201 80070 45764 91430 87603 47040 5649 8660 30196 45920 35510 68960 29441 71628 91332 95563 7945 10718 88803 49179 
97552 56902 87845 6532 16425 88429 67270 42928 10862 97664 81158 85033 39408 70665 95958 86390 36979 88100 3597 79006 
46938 41182 10464 24833 83967 97064 18765 8935 26234 29881 55097 49489 22781 48759 63359 24671 89375 68912 23596 94910 
10436 96808 29220 42252 13204 29230 21615 90749 7011 18928 72773 26 38217 82127 90106 26941 82204 29268 17577 58317 
59094 1410 62768 58245 72346 7529 59889 92756 22727 93952 79705 81736 22801 60529 33801 5030 25138 99377 11112 28243 
66430 5402 47427 38013 39719 54077 34524 53262 26308 23885 13369 66278 43204 51912 11169 87641 45473 11692 51885 65774 
80755 40713 96949 30691 15339 78301 5516 36531 41676 69784 47188 88337 68676 30721 43330 3679 15439 8332 72851 81197 
25004 33693 98776 31730 20885 58488 40246 7048 80192 28947 8325 76266 7141 70990 80783 18273 11896 85659 46425 76391 
57201 92092 14541 87858 75624 1566 51345 31327 40410 63566 63239 31955 69182 78687 99987 7645 34767 65249 46969 72537 
39538 15539 75614 3624 5346 48357 28153 3732 80948 36329 19662 37677 98572 57278 95707 27034 1224 44877 18073 31712 
24938 97372 76521 46243 89746 21946 74004 29819 58927 78182 93431 35451 50609 39131 50922 60911 88197 48857 28884 99889 
58069 96991 44888 42181 15602 42893 99793 79262 62649 18072 31182 60583 46669 66900 5050 22319 4445 98459 81149 803 
46264 69056 89001 15049 60150 53722 87918 49403 76484 90651 17371 42288 47288 84896 7608 92512 28976 53995 41694 23949 
67452 25996 16143 12218 86329 49211 33061 9683 30864 38868 28735 24895 36683 95507 50662 55422 10392 8985 17292 30648 
53324 35457 67401 33464 32405 68557 53872 95995 7121 91477 67629 77888 54317 37822 64614 44731 71289 67664 34813 78637 
39708 32696 49577 36110 43691 24932 50878 19512 80112 778 64460 14944 5351 92873 88582 25985 15877 19541 39275 14514 
70954 8859 6804 15785 21122 59367 85101 25152 84988 51503 4678 18498 63369 24316 40772 41999 1801 31100 67995 2634 
67671 93905 92919 32120 57492 12577 49815 64504 29849 65170 1168 36581 3235 20835 4629 29755 82255 43202 23088 84539 
84178 59747 93302 73870 42184 59270 39940 9153 68007 2824 86349 37011 82343 45604 6956 94383 94576 90277 71772 17906 
88228 32751 44737 29264 26238 43322 60316 15797 75399 32434 3455 30694 44194 49146 37852 76964 90765 65938 43040 99752 
21884 76650 88037 51013 85858 55218 69158 36252 875 10223 16839 21768 24382 5591 79242 36703 5757 42215 67764 10108 
35416 50542 42350 54814 90322 65992 22700 99261 50696 11916 27026 38941 30636 81617 43086 95086 55729 1104 50293 27434 
24312 41927 26337 21774 5103 57070 57258 7165 36910 40617 98660 28029 28561 24873 8311 63153 89782 35925 72029 39683 
63317 68780 38441 73698 64071 83682 29118 71066 12268 11972 45312 73650 96411 46476 28243 65275 81493 72124 58865 80166 
80631 86061 18427 77172 42916 23607 23288 86515 5470 64115 97196 45569 4527 2849 97714 95111 36691 53085 35930 30795 
91733 19836 83895 63442 39095 47908 67845 7287 53937 98120 97523 26491 60218 11432 87872 86664 14825 58973 4636 90419 
15544 19948 89518 91900 50538 25669 82864 54771 75378 69205 64354 51168 45333 17811 44935 16417 65066 43777 84555 99844 
47056 31826 92643 61756 16828 7191 13757 24048 71101 79586 95716 90057 89530 32096 92162 85072 83910 81341 91102 82411 
25042 64443 45247 40643 97851 61703 89931 4434 27185 78150 22514 74051 77000 22286 61234 75030 14163 769 36383 50041 
47669 31659 23985 38953 30279 81578 79615 46657 27926 17916 93298 8506 93364 11246 66246 11334 94302 30360 38123 33771 
85792 26838 76495 40709 26105 12411 8423 17530 15577 44657 36534 25727 72688 6707 12477 8950 64201 80841 43232 59536 
83437 73929 39395 39439 84796 91210 32124 69076 41403 75896 22726 13734 51985 23334 71590 83652 9905 7337 93999 44211 
59069 87315 33337 46745 1743 85101 2689 84326 67760 96923 43924 45324 83153 81560 34967 37629 33215 82966 30307 6891 
91024 83985 64559 88853 59705 70010 51247 22937 16278 43679 22176 55847 93831 31046 63669 62515 4057 1314 9105 71585 
69207 41518 60049 4169 34942 76705 14777 40737 26457 75625 32599 65143 29294 13158 64582 27937 302 16988 88216 5981 
96518 36850 36967 50969 98593 56600 63337 76368 758 94167 9494 45122 62249 75547 91579 10193 96057 12197 76632 85841 
78189 19713 12932 59859 80743 90260 11236 79349 39819 37145 17321 46814 31151 40149 49011 70042 66748 72559 67636 44210 
81130 30053 77703 75952 57100 31929 67728 17994 47221 37480 1372 50952 67320 52343 52641 64263 82883 14463 98437 96602 
7021 79645 50718 4132 58545 33222 46283 36006 81516 20591 51509 62332 68309 19426 79180 42391 16524 66352 2603 89578 
24618 24497 81842 82796 49090 46411 48276 45011 89302 52678 4424 89741 15445 49185 55396 80528 64778 84455 95831 24895 
33558 16358 78213 5058 14263 98028 57690 75121 31877 99277 51695 32358 24775 79151 48864 47158 71538 82719 31289 89447 
51448 92196 70433 87490 83152 23329 10568 76593 28053 80576 80683 68035 44713 59765 47152 18953 57714 12210 22590 48984 
46302 88551 54221 79314 18651 52898 95327 52017 63630 86561 92865 76698 20681 49519 4990 73875 97362 6421 54265 1427 
32627 54539 54751 62570 15480 69991 77175 96843 46526 17728 78601 3927 77490 66308 3275 9784 797 26432 62069 28453 
4433 49411 42372 88494 77706 36433 7148 70825 87676 37677 85452 190 37276 67123 78987 86620 59503 98130 37724 142 
74372 23044 15690 93574 41518 6459 12693 9814 47726 42203 54472 62613 99161 98978 73563 88162 93125 55293 96238 13952 
46777 22378 14937 2833 5033 89439 78144 9292 97015 91566 42429 74484 81855 56973 19738 71184 49284 32139 60409 59659 
11346 98143 99115 7185 52348 8281 13085 28481 93664 65041 95760 17788 21896 52462 23094 62933 57877 87842 27482 34888 
57017 14217 63574 35377 71901 16063 16335 16729 79675 91561 93324 63447 83781 14588 93312 70888 83125 39621 38922 38581 
43407 65564 72495 98974 78106 52816 93330 42036 6185 96266 76179 61078 70604 51129 46837 11961 40928 28050 97544 3970 
60550 73829 46495 79040 72903 13714 5581 87468 10648 27561 70274 91004 44189 50177 32365 15869 94550 41325 49767 38039 
81399 42280 44150 11723 54323 9362 49532 71661 56878 43749 46582 54718 42547 66204 21213 41365 35781 93892 47266 24886 
24697 32024 409 9990 4916 27748 6726 25681 32503 63313 21972 91670 51700 84905 98617 97149 98147 14106 73877 29874 
9553 66749 5027 97900 67224 16110 4366 85948 87628 81348 16808 74017 83360 70837 90093 46442 86989 23816 84544 36272 
49848 28867 51725 26133 5702 95284 52793 22087 97408 14565 53348 89281 91731 16774 78380 77973 87578 34588 8866 63284 
39073 90228 15182 64046 74155 84563 52670 83242 32144 56581 21522 8089 49550 11086 24221 43146 67832 57381 66043 34568 
97608 60718 82757 15483 39102 39105 43707 92490 23351 39712 17533 93872 14179 84309 50083 46529 26601 5131 13212 93772 
71611 59692 95113 18176 98895 74159 19580 46885 33034 54571 47039 84643 96653 25073 1404 39640 41424 12440 84791 68151 
44364 44067 23693 89737 69823 31019 19508 92657 99080 91968 83671 17315 23332 71660 49963 22994 58393 46280 26617 64775 
8828 97996 66652 86234 49103 73554 68655 10929 23367 2830 56299 1210 10357 30871 23932 62677 55366 165 86725 10483 
44098 39320 87732 90261 48774 9901 13590 80717 67947 73706 47346 47499 74067 51684 98171 64472 25243 27465 43896 16442 
96571 37783 32418 87691 79316 74174 58871 52941 41105 14521 10276 34943 47857 97163 50388 67232 11267 46608 26831 12768 
69653 73562 55491 74102 96356 42479 83364 19632 74769 15032 72395 48280 19225 69489 27564 31421 96639 47691 43912 4183 
46565 7304 60149 16079 72568 14610 39817 60197 29156 20554 44528 11366 60914 62564 7901 90230 41832 61518 61082 36128 
45297 51841 10759 86788 26862 79960 50240 1441 63665 53366 45410 99282 75397 20638 58988 53097 46101 72557 33528 70113 
43966 12916 15778 99778 84174 97975 69540 75810 67945 39642 59518 35054 51581 32584 33942 95781 81536 86145 75055 45507 
524 62921 62897 39825 50123 83952 17730 40124 83969 98388 50317 44804 96847 72502 20930 98138 87407 34913 7466 5437 
22073 27838 75365 23100 91283 5638 33158 20409 83958 89581 90946 1646 90945 3480 91939 24294 66962 98145 31506 57789 
42540 88620 19950 45473 68734 78024 58578 20262 29489 93281 47081 29937 96197 38141 43591 68917 60148 80673 19693 86168 
74452 39495 2775 1034 91829 34446 41761 48177 12680 59252 88649 73890 91113 81433 67356 77265 53138 90241 59314 62532 
58931 78873 70416 96714 63046 65207 4972 54120 13748 8220 81803 73579 85999 5 82165 98487 65221 76699 38714 35371 
36735 41799 86065 57284 58269 53222 99338 36721 81769 49380 33385 58980 61838 27588 27982 7377 95271 41394 75115 76101 
15129 43591 96189 56185 50883 6427 87801 53839 99382 33061 41452 31965 39357 5551 30753 60430 16209 2860 14036 15036 
96286 78526 4666 20211 58889 76858 46584 11539 1300 88618 92118 22848 80346 4478 33002 3358 92029 28284 18887 89636 
959 41956 93278 17832 87973 37619 52906 26011 4157 84339 4672 42543 81126 32299 21593 35903 33717 76264 18517 13536 
19875 1078 47005 15673 34245 39873 64138 70762 21858 91857 40682 53618 5833 79271 26622 7553 84779 20564 26889 64832 
41047 64940 83420 72917 96382 48872 494 47654 83345 71472 40637 4458 6923 73474 44122 10479 39787 6146 245 93457 
1499 76842 56652 92751 91045 55603 2082 28718 67876 95424 28159 33446 36844 80478 64338 51655 33929 60768 48488 50212 
2635 78646 37430 15359 91975 89655 84733 39961 24138 13999 60614 53178 15764 69927 9668 18546 61929 2145 61775 65209 
20513 64218 62846 42616 95758 91733 1665 46008 33161 73776 16172 11734 66455 34787 53079 997 29536 2835 91443 65653 
78300 60849 55683 61737 24564 65512 86356 73079 13381 51947 92886 18297 29974 25195 19781 30293 4614 89252 11507 32234 
73905 2039 81187 98086 67581 33346 43620 17801 55211 51915 66700 97878 80467 82773 2426 5116 16623 28586 10027 10641 
63708 58514 56856 40984 54578 9738 81726 89775 50946 85869 54104 25176 88485 9090 37216 78335 65802 40973 271 29747 
98967 96303 5599 47274 90316 89284 92801 30646 26151 50826 47659 31382 16522 82825 39628 68416 75536 52014 85997 48899 
37100 81935 42982 84284 88813 80700 385 58643 95381 96925 10676 86732 19220 46418 83197 44221 80499 85058 30270 92263 
16592 6667 21526 3644 81767 47257 81003 32412 46056 98100 17332 7039 51029 93921 55109 2404 15230 65857 96756 48661 
18912 42313 8 79550 40166 77484 28734 19416 90369 34047 5940 65807 62553 78263 70102 450 59971 41840 73750 58582 
36170 34378 25811 69208 8760 80082 32714 46667 84282 76522 91556 56304 1732 48099 85657 18669 47752 1161 1336 22779 
52128 59249 21013 71098 36630 56065 13623 65127 61299 10889 55316 77135 66554 82370 3969 29702 75275 94272 18733 41692 
60861 63763 61682 50254 84020 45966 73931 24836 67143 69181 30880 3505 90521 76604 8414 15359 45726 94808 6728 1943 
41758 81110 31459 59745 70670 61528 35056 12435 59669 34214 62167 45343 77975 30926 61254 53466 59964 6637 21663 56940 
58418 61762 17279 6714 84072 48449 52061 5581 34437 20770 9254 31108 31132 29636 43777 61853 21559 53683 16569 98624 
88745 55747 32719 39838 80884 47541 6074 66562 30288 85853 26352 40858 18090 81079 48870 28641 32475 33286 67459 17464 
48790 56623 68456 60516 32007 82677 93519 80157 40874 2849 65812 75943 41389 32829 27095 80187 45821 38092 21585 19610 
86186 28661 54230 19459 14945 5170 52250 39715 15102 9015 17777 25032 94028 8403 92415 81424 21377 29750 17542 21176 
18638 51893 62886 96789 61386 45699 49349 17557 69163 95863 66258 7728 93567 92679 88635 33156 53453 73845 12520 14879 
55657 38567 91254 32911 1415 24007 50964 56525 34216 55037 66220 17203 90905 11948 27024 47127 93191 1306 34212 93441 
9446 44683 51076 28103 54792 91833 89332 43365 60618 43288 87156 31811 99686 35960 38412 34071 40415 11197 3028 7602 
54859 46508 14779 50702 92922 22627 41226 37929 60923 44078 28366 97877 37672 6644 10107 73872 62482 45597 7367 10839 
11276 2243 63320 54636 25194 47796 46276 70223 88579 156 89290 82111 85115 73468 90079 85657 54112 31478 99359 18072 
81192 39392 79492 98487 75658 23348 83264 83345 3835 24359 75645 70849 41616 54284 558 55965 66122 51278 58913 52898 
84620 32969 13451 32802 71501 14916 95606 50427 46823 99464 63736 47643 54344 44773 83261 41813 80508 37036 20577 43475 
92246 75938 68520 9306 74183 23812 87355 89227 68913 27216 61928 89792 14869 81549 2310 644 60514 83290 62766 97977 
25577 28302 42556 68360 19134 78148 269 17215 68442 76572 1270 48666 92477 96923 10161 24871 20243 30783 85683 12796 
75442 73914 99812 20491 45085 5974 92249 48597 75196 99010 24754 44569 30966 75989 45215 83100 7533 38597 30930 82206 
46907 46769 85223 78620 43564 60820 27575 43310 42329 35232 27252 86150 22926 12131 92453 70939 9982 3446 54090 47377 
44082 95635 92365 99308 142 42890 3548 10802 14273 48527 8979 80326 23884 6057 44001 28903 88759 80152 90231 63909 
18483 17922 95133 9564 24120 77006 598 65973 23777 73309 36131 52526 13621 64950 54993 56067 1506 21662 46620 83079 
28708 59196 31228 28307 22860 4444 10820 60556 78839 33618 43036 87727 7123 49914 97507 19748 51019 41490 76997 22786 
86283 34853 91618 68669 64278 59618 2700 5828 89476 93394 92729 56645 67928 18101 27648 17506 53256 47652 69626 5036 
20309 94605 28531 13102 48830 79140 75504 18158 71881 37624 77351 42895 96521 23375 2649 67266 58807 68369 16525 95316 
7794 60621 81492 80932 12622 21462 19015 57658 48702 99798 68321 36890 83471 84322 24166 61704 68746 27635 27505 17409 
32196 9313 8267 6755 13215 28139 61584 67197 69863 64844 90723 95175 39887 4825 98801 16738 28111 55510 77063 64480 
58154 58343 30693 61331 31036 50632 71406 87918 40244 54462 56665 71682 24191 14244 97194 93862 58002 30328 48865 71446 
15428 18116 20630 90096 56444 16020 90541 23535 90741 74191 85662 11331 31810 45854 3342 74760 55317 49776 44272 2691 
27477 58863 70112 22614 13763 68189 99335 92003 5954 47695 19653 23583 22274 58150 76397 38053 45264 33347 20490 97823 
72477 60447