79934 89023 48138 22360 23847 33899 10712 25466 72808 12163 15866 93040 77982 19473 47963 11536 62248 14748 22120 91954 
66227 10912 34779 38124 78624 76381 18321 97503 96006 22093 68257 22429 67013 61676 14157 47092 40952 83220 63278 91927 
41512 53028 15582 60186 75950 17482 43182 32533 80197 38007 43689 34815 49279 44763 21764 98783 79718 58163 44608 51775 
86954 44236 68889 91591 40969 32746 18240 20279 6379 73057 29911 60784 51458 2177 56513 43231 45312 20746 65884 11060 
49855 82503 46664 56180 1513 23922 1313 77168 54516 84324 50276 57005 4254 71952 28444 93726 56749 3138 29055 81742 
54746 50551 94411 1649 64989 81682 28501 18295 13936 15935 4353 79998 42385 40092 91507 36684 53358 7339 69852 8526 
13535 32640 9507 99817 55123 20083 29801 12921 96288 81109 37291 86853 35289 97526 7810 32287 36867 72287 96334 65568 
21279 61661 17664 27262 8509 35005 8082 64550 79938 42670 17742 88894 17811 69987 608 97708 89308 1014 30764 28369 
60993 70403 76993 64790 66910 69316 16924 50248 41927 33268 63449 7901 54716 95496 69404 75520 72172 439 52061 7279 
69781 78921 27871 65415 18121 10718 13659 45727 83846 4285 19765 55691 41308 54597 43045 98603 3521 43563 50750 79458 
67995 13410 87398 30946 19613 32431 4437 1792 91166 799 98640 11140 61540 21993 54155 4571 92435 48242 72838 7637 
13606 71006 85788 28909 59225 16970 14139 28205 362 23541 1017 79352 7806 16821 48538 32026 3788 61499 16275 30656 
53644 19792 45140 73027 30712 67260 16697 77624 91356 39147 66677 1347 33083 58939 36186 2425 85258 16121 23189 34744 
4104 73185 87559 90716 2713 70746 94843 85778 10906 9480 14424 34732 57686 56350 50921 26650 33508 48077 14694 10473 
8747 14433 33432 7100 43974 64562 66543 93660 77066 72780 30621 74855 6087 47085 42171 8854 34075 15603 2114 27649 
77414 56701 49747 84418 10655 62057 59212 14568 8973 12637 69473 77704 95573 38076 76112 67321 33567 46667 16265 70039 
32981 90632 72066 23247 43698 38704 52947 31286 44715 2671 75092 78521 98852 1207 26316 99686 49448 62053 69738 98895 
43481 92414 33966 85390 88038 22267 70450 36166 52839 47376 76210 41427 78038 96590 33274 8645 78364 20948 62319 94947 
91957 19218 12664 87183 83153 42428 44327 5045 45304 1352 20226 44374 39557 98940 7972 8953 54609 11718 80810 80313 
49264 63379 68563 80820 64915 90726 85965 3737 83853 85843 52530 50091 46831 69974 49188 51757 80742 24083 42979 24402 
2553 66391 40443 18394 98392 47399 30730 33261 41248 75951 77276 69871 93258 87644 43543 28743 96516 7399 53494 65409 
35543 71331 22640 10219 8761 7784 76005 21152 3777 31793 1376 76454 41940 42844 4233 22931 20152 35506 57534 36907 
16388 21953 87644 58371 81054 90476 70095 98958 60847 5174 10499 80299 23473 38487 39481 3492 31205 39312 49926 13290 
19586 92985 74612 74781 77865 35201 54102 43430 53205 49202 73224 76125 95426 50041 1901 36785 93404 97998 21659 81343 
38836 8360 74552 87607 66364 87160 80156 73216 76262 74691 19754 99889 60208 74970 25698 52823 58470 25222 61620 56572 
1568 23638 3203 2014 56705 67908 84651 79229 98104 7385 28983 94786 106 28655 45250 53290 84641 70719 10642 55450 
50656 41360 26277 34964 19596 28373 30503 80063 56604 38229 22545 28029 78674 17493 12634 15225 61360 12667 64364 14003 
13980 86032 90187 39865 33862 97973 97497 13267 3988 24890 20744 19187 13745 17510 95964 9464 26509 74807 2886 54401 
64061 50895 60810 20404 32829 56059 24892 64824 86381 66297 71022 8058 48284 61383 12641 74569 78596 83982 60049 89746 
50515 33520 16874 18863 88631 29705 97260 3536 32001 91203 57621 47919 88003 96000 96797 15498 56816 12011 44292 84618 
66770 79078 23632 28101 9011 16453 9496 62857 89523 38567 34768 79162 16885 57118 46831 49866 45300 56631 50149 10999 
48264 3186 28732 77527 85876 92591 57074 60263 69199 54944 71121 14097 72653 99915 28291 79902 47595 51647 92813 51483 
77878 45093 90277 24115 44414 60505 36339 75950 51655 21379 49619 26243 75106 7700 25625 69426 53810 10937 88871 102 
41931 52068 20928 54229 6341 76820 63962 94689 30433 65744 5242 65739 25766 60762 45010 5614 76123 94988 28003 48780 
18302 30291 93701 78987 15613 9896 82447 45862 2216 78985 16006 49346 24022 99854 87442 80904 77415 53414 30102 85471 
5571 65378 91369 95629 37653 90374 86844 11053 87933 74406 94201 37200 51677 11197 98446 39717 6404 73186 72204 67851 
36164 7499 34768 76033 24988 17690 44952 49767 54690 68197 68523 61327 30835 42354 78023 41411 21 49547 9081 30762 
77343 19194 81960 72985 87443 95611 30967 29511 23583 97040 87155 64988 47302 83693 40382 83423 70009 23815 72578 77826 
23175 92883 57965 22488 48411 68601 94259 46960 7237 5417 80402 81590 21984 10407 91338 68488 29609 29892 15938 19674 
681 83598 56995 45579 24050 94383 82567 5826 63561 24552 1925 78612 96181 84364 61179 91645 23492 58964 5531 43788 
19926 82446 95953 61672 14791 95660 96655 50773 50817 41229 49272 14011 14040 56376 62894 66892 46367 93296 11237 41594 
73462 96686 13577 92831 38040 35318 79932 61271 88943 24672 17524 20730 86948 32227 48928 2664 47305 56340 79484 56772 
93103 67802 85279 20926 77565 56915 183 26165 87918 24872 51293 86943 39471 94027 32626 16024 85066 78870 24688 14996 
43148 21601 61570 39491 51182 95377 69805 55774 58728 75442 15374 42316 67658 70728 52730 92061 18407 39607 58641 46959 
65002 38283 7992 53033 13175 76667 21737 0 1443 81031 70488 40641 78234 64865 49728 54126 83713 27409 88683 88730 
27890 31442 10157 54809 71173 61488 98315 69456 48536 98387 43165 10609 30701 87526 12280 26924 33292 48346 35432 62127 
55092 44144 97921 3834 85825 22117 46674 35946 61371 51902 87014 13935 74018 17149 89971 92809 36375 84188 83355 56217 
55058 64632 47260 12586 88825 92163 7575 75348 83574 65196 36676 33189 58049 65508 60750 2415 95775 51441 76015 67141 
10502 66803 12875 30194 59973 81986 89579 67077 72200 99809 67476 9169 13395 88248 18224 34400 80043 62399 41289 54532 
37427 71300 58605 23980 35068 31345 38616 92288 14178 93603 27341 12862 58893 15831 96505 92981 66461 28811 72669 99850 
67722 3559 48142 46764 40942 14300 75137 78221 14770 84805 22149 41103 58175 86932 44643 65662 21528 87691 89440 18405 
45654 54974 27272 88993 62160 37381 91538 87425 33508 42437 9997 36441 93984 41620 38454 11581 537 15869 40292 81843 
21711 56289 44436 88172 99521 50566 44629 25390 65208 542 13865 71135 28392 60915 22097 57067 5702 27205 43482 5500 
94642 61812 13872 22021 96536 74445 22557 23732 82242 52029 90828 82883 37504 70457 53675 7710 48165 89216 38026 77013 
30413 90313 81567 55997 40000 72861 59633 39217 91994 56870 19103 36793 94414 73032 22218 50295 37178 15120 49298 53649 
83632 38997 83361 87665 9427 25263 90101 2466 80110 42545 29231 36162 81621 58170 93956 64432 40446 89352 9632 720 
25155 16858 14348 1292 33860 19063 47237 42140 34681 36028 57410 10114 6216 75985 74470 89338 74411 58698 14027 83730 
34771 90970 40402 39545 20788 70570 33088 36231 74942 62074 96895 60821 96969 12829 85364 95766 74959 16810 24967 96145 
97742 80114 60696 34202 63853 95069 52018 17645 5024 54469 30719 3416 75814 59255 30292 37337 77213 76127 49592 31226 
38270 66266 59436 25071 8002 40447 58040 22600 21693 93507 5073 17794 51708 26991 2556 70633 31636 52303 73177 35316 
66998 89193 24126 72016 21101 88894 45827 91930 64536 29369 96343 81783 9919 77891 54586 43335 25381 99880 36314 51344 
24924 92627 41548 34046 73626 34086 8337 96343 31129 31979 53742 41749 57187 25230 14472 15192 97202 26421 26642 78927 
28133 98141 14655 57173 91098 18648 44060 16273 51330 24096 37687 30117 1692 58678 47990 25 83227 7 7032 12993 
31719 89503 99359 12462 1764 69388 38180 78420 98215 37456 39756 5360 21810 13091 93179 54821 23423 89045 13475 38357 
41832 62910 27499 40584 48737 69787 53782 99369 1799 78608 2106 23649 1802 12656 25864 56704 10521 25946 38171 21596 
85247 1465 42847 30151 37069 14302 38857 41262 33844 50183 54757 51536 46942 78213 7381 27145 37 11334 62690 79737 
69614 47877 60368 95133 86955 64951 21547 86474 42688 4697 25206 10365 49778 97042 18115 15266 61673 18269 96260 73895 
36881 93618 36897 13692 79468 94962 26810 72304 78570 94764 36698 17189 6888 45623 23006 31502 37928 63439 25472 65881 
77561 74613 3507 73077 6799 51811 32131 79129 66434 25477 81584 80692 14411 92526 90916 86025 37908 39001 84057 41029 
13806 82241 71395 37466 44165 84323 12935 84519 79125 41238 7290 58438 83177 80767 37847 54461 38363 85468 52788 67244 
7828 53568 48938 34192 63644 19198 64476 99984 73863 57605 63709 89990 18227 32132 45300 22660 20588 70591 77792 59148 
2539 12342 38767 70783 78918 98644 63198 59278 29085 52653 5727 76375 23612 59789 22599 23892 22629 70829 95916 56623 
13687 24232 79691 91878 5227 47714 22904 69572 78541 28167 24007 96478 37393 2000 31580 64756 71822 86918 60188 43995 
16838 5914 66121 68985 90348 75556 50683 55513 39619 32036 95760 89416 22008 36874 25281 24594 25595 73675 45134 46931 
12704 36387 26977 51676 34378 3745 39875 6354 59857 77608 83980 47133 70615 96348 60369 54707 52197 43776 35666 26932 
44306 23944 18087 51223 59932 81500 4275 53788 10170 20183 97885 6920 53313 1742 10573 84587 63410 85894 53443 45214 
8913 91670 48095 67631 83580 91698 40974 40343 35972 54807 35003 44479 27695 27842 79814 99955 58144 46030 71763 12872 
58037 48236 5787 79469 14687 91009 59690 72310 99038 67743 31298 90524 23709 89349 23837 46679 68944 34754 49593 28184 
48320 87788 54687 24145 7773 41466 10259 19228 36010 88551 29096 43778 87837 55608 79713 23461 94061 97457 29104 72262 
84141 2197 28502 74000 41107 10757 94652 81471 73645 92250 26315 61132 61782 21028 10303 62728 55107 1608 92111 5139 
8616 58663 41946 56924 26374 99737 86892 47238 95241 9079 50152 66768 67816 68523 95983 39287 17354 86427 88261 69375 
13968 95361 31455 5268 93844 63876 43195 15623 44677 50230 68 58452 80241 19155 34278 89753 60334 48170 90858 48181 
89093 7286 93278 49888 8059 85010 3170 72338 37720 27214 25916 97527 96373 84191 64882 14447 99210 95458 68901 95864 
38080 66880 79568 18543 85325 47774 86309 11440 84848 76811 87059 97247 14943 67607 41883 17510 75601 53507 68853 71687 
20070 84189 38554 73688 71123 65580 8737 94501 6388 84458 15927 68932 81090 82454 71897 81049 42846 63655 78802 61390 
55624 82252 70456 66934 67498 93479 59870 75321 9061 2116 50046 32761 67788 87865 48758 2530 33303 15352 32467 76425 
67484 80563 10270 14906 34196 32310 81991 41163 96009 85171 41340 36505 92 93210 74448 31154 22074 49438 46142 39187 
19943 32815 95627 58596 87064 43948 30494 54501 70115 4749 94279 62235 14479 73464 63754 88992 15904 44626 90008 71946 
87066 98955 38693 20502 67323 71701 79608 16790 47956 27391 18010 64277 51571 91572 14926 25018 7452 94935 2053 66622 
79902 22599 56231 93263 53075 74831 5496 62857 89867 27680 32551 52630 95738 60335 18100 53759 63928 62011 18092 56734 
11367 1409 32865 66590 98719 21662 11084 45298 42447 67800 53722 84574 61811 8204 20092 80265 14319 27394 44160 37408 
80867 54553 76357 96726 26232 29297 24225 45185 28732 29411 10041 5475 74830 77798 3541 35403 81196 74695 21114 27075 
23756 20147 49080 28455 15001 42140 25516 26404 16843 28764 294 60709 96822 35883 37281 27509 28291 51341 58937 81590 
79946 97972 22599 29217 64399 6718 60197 78566 15945 40044 28972 80060 5158 37230 12350 70250 48931 12543 85088 3777 
89494 4075 26397 95606 1358 27863 78287 53313 69453 25167 73538 11255 14590 26809 58323 36800 33282 91693 70673 80444 
5268 75050 12310 99934 37461 27426 97629 61940 22313 23228 89938 85002 77608 93376 88822 14229 32850 39163 79670 30634 
81776 99159 81483 71079 42596 9785 79693 20367 52907 85022 58684 68365 12703 86221 52 70406 26506 65979 60240 75314 
60546 17740 43973 50068 85352 90452 99573 17861 98381 97444 12643 24431 41079 57320 87447 74454 35329 91909 14302 50326 
29931 16285 26558 29534 14584 76002 36695 87556 37934 55901 34351 92431 39646 31738 39108 40011 63863 93787 96476 86282 
14159 55229 82553 18418 25869 96178 28629 34451 70957 6563 20517 66562 96792 22859 43205 12121 41868 40530 22222 91469 
58043 4950 37030 7777 67770 85677 37366 7576 35456 98088 73229 98569 69562 17548 53696 36025 30511 28955 67627 56011 
7734 40319 69016 50916 28188 10895 7073 76800 46337 19482 83083 95807 52703 73694 2921 43248 51943 94945 31820 52527 
90604 70984 57828 85991 2411 79362 5970 485 98531 67248 46225 76896 29773 72481 87407 44603 98517 18316 52596 81156 
19243 10394 29657 73361 95853 77466 96678 12654 48906 17687 11786 70041 4875 48564 67834 18522 46572 52154 83981 2977 
69721 16478 44688 18106 42464 28741 20743 19931 84347 73074 55966 52386 61290 45936 9570 39551 6909 81152 69471 47743 
71589 98361 20335 16352 93442 37811 60094 9976 15134 38141 77972 72071 60857 2776 99351 4792 94311 31309 41621 50893 
59157 2095 6141 68504 2429 76093 34013 67558 68641 53092 1534 89839 60578 84172 67368 52272 47716 51371 22097 8060 
82872 12764 62012 29487 62831 21895 36574 20962 45796 41404 38349 11083 87045 8546 93889 79150 37801 10693 24256 1385 
34819 68756 18347 13424 84264 75084 72826 55246 23033 38333 98219 38269 63847 86984 74867 20213 66173 70850 18925 88621 
15966 11708 90542 70500 54756 78048 22991 18818 48693 42504 44654 577 99631 13978 79363 17957 87878 84539 35904 6696 
43681 82569 76717 10961 4385 23934 68995 1961 8207 66395 18589 40256 76056 63782 11898 6189 64882 26246 79944 62293 
17905 68485 55844 82858 21664 89269 99951 27279 76436 71554 53099 99194 48107 86217 52057 17493 44241 59739 18322 87250 
70333 5766 76036 53585 18206 56322 53459 63074 45628 50991 98860 85990 14051 91618 78773 84934 74433 35423 99803 16818 
81795 7905 46165 18917 37992 31590 61481 3010 3988 94771 67181 31354 72602 14271 50716 17475 38630 48808 22739 17770 
56970 25864 73978 17581 83733 58723 78928 10375 84073 73686 19755 64474 50125 16670 38908 23605 56637 55187 59064 76995 
56706 59494 75845 59397 31892 51242 94840 97950 55434 45121 92901 828 99902 47018 80880 45445 53102 27541 74875 68681 
36638 69822 65087 88871 2630 34993 95199 68820 95556 10990 74885 13946 23272 91202 18112 1483 55202 35422 30035 97546 
38264 59511 87381 62414 330 61796 91383 27275 83371 83283 91340 66213 42994 96650 92879 24757 41040 45599 67983 18848 
52126 59360 60384 43121 3255 74467 40264 83064 80454 6994 84937 14752 40019 46450 14106 72059 17812 48052 13222 45022 
24843 60095 85295 99191 86781 71797 1505 12739 39816 70353 33873 43740 71972 20856 51014 63635 78115 25082 72061 31596 
6338 33389 11296 96799 2550 17618 7355 21416 31528 75255 34305 99441 544 60694 57032 12021 21733 20871 50712 10072 
4874 86498 38730 49670 37174 77395 93767 48605 63474 40333 72168 38445 83145 13899 61020 16880 21383 47111 76147 1521 
99811 81074 80856 10528 74898 80907 7282 68570 57705 13233 8161 42735 48589 61868 55783 95445 1397 92252 83728 77277 
9356 19720 14747 4466 73926 28081 28257 71684 40962 39450 60280 56100 69943 64965 15363 19748 14175 97179 3654 77885 
63449 85374 77883 92053 28699 15409 828 17982 76063 88266 30300 29235 60363 11563 72651 73437 95353 7311 3715 52045 
92810 72324 46828 85038 91080 97240 86252 27708 21113 67227 82266 8525 82446 77324 55181 57814 52200 37108 89531 57422 
96035 69240 75932 79630 39463 81381 3956 24825 64128 77081 94035 44780 39874 77789 40356 13021 99184 85571 57770 28394 
72189 85415 83040 41259 25055 91877 49974 45062 97041 38864 73542 39893 12018 50844 1028 99546 29552 17000 59445 19184 
47424 71143 88589 10252 77269 46893 96201 78783 5072 40890 37714 92361 4700 99975 95847 53390 89811 4685 74420 65219 
20549 70008 56547 46435 65076 7759 78762 52162 54285 33721 20389 89418 94536 2924 18314 15466 74414 88855 56176 70377 
5796 14203 12304 13852 19992 82315 37690 22774 71890 72812 88095 96088 61320 1584 91743 28716 85237 8585 2593 83182 
67532 13591 81625 57698 10390 60090 51107 80724 89659 84089 33863 89329 99119 59755 30213 36879 58224 12119 70320 55203 
14219 18498 91374 58798 41304 97006 18803 86550 85718 64384 25859 34020 42113 6904 86667 76524 23746 69846 25310 17016 
85872 56571 29275 12119 94376 42152 2004 36970 18842 11908 43663 44950 5315 11405 54637 64515 61361 2791 57927 65255 
43402 89328 65812 57506 94124 46094 88993 92832 5505 22622 22392 41768 80683 77892 68768 31843 91221 69835 91761 71014 
12175 99995 71420 15646 73677 1705 57839 78071 32230 1326 19030 28290 88412 39769 27985 23749 93047 54427 11443 74056 
11281 42143 77714 23144 38129 14972 33883 43284 16918 10339 32399 66683 81063 1173 43354 86045 1950 89483 1116 78327 
63749 97176 5845 11905 66454 89764 19361 50260 18325 58856 80491 35510 36267 2999 90054 62266 92347 47314 28919 26873 
18051 7557 33153 17764 56226 54063 94090 5262 86348 4545 52733 46329 2967 24992 83860 30721 72440 22843 11429 97870 
55652 22012 26019 86683 16080 67663 50087 33569 88317 27904 2217 95189 97291 56432 53808 21707 30370 14006 22083 69859 
69751 76461 68053 85403 14421 42281 32295 89677 8188 44150 75961 42222 34479 62262 2056 32752 4696 84477 86756 95666 
68134 24518 3568 65284 45016 63574 25436 9576 28194 25665 13796 39953 28321 1529 83674 12097 11914 32889 95132 84726 
97909 27515 46319 32808 83516 22482 24322 57197 36195 5083 21723 38613 60854 45128 33153 96189 2531 19226 67449 77789 
81657 66830 96309 61534 20936 59539 42159 87321 70285 68393 18799 9901 27771 53343 89322 57127 54413 24286 53078 70500 
87927 35880 95629 1692 17861 54563 91393 60476 55333 79487 53775 4011 55071 13224 27735 71717 19086 5719 70190 56148 
61714 55861 99773 15307 18926 94912 78290 89782 20374 22263 30612 4723 89680 650 45915 11501 51813 86149 66423 21451 
60585 43803 18816 75696 83705 34091 45651 15409 83504 74655 73836 30443 9857 43528 94487 71477 86770 71123 11855 71060 
10354 30205 77516 33738 34258 83297 48180 95777 21111 12001 76384 68756 91180 61419 28619 75822 37865 87037 75059 42320 
61695 8095 25078 64050 71128 12825 87849 60304 57997 72035 74402 70433 53404 47341 5761 41951 47545 46553 33462 77089 
7077 65239 22379 8273 89647 90046 32268 97373 3102 30171 83499 1899 5245 56890 14136 11241 69009 14850 51032 10178 
49575 77789 66611 95643 82943 70027 25787 67364 22147 90345 6874 90978 34041 23464 7117 99601 49519 72617 46312 12397 
34587 93081 9169 32086 59329 95958 68707 26436 42046 57990 57874 17251 56801 58573 37200 32787 67270 52157 73002 55305 
21391 40052 66508 24380 95620 19825 69452 47810 95677 68877 38109 7639 25002 45965 82289 72965 34172 26857 28136 47162 
33997 88658 74446 64820 25008 59741 38686 56337 70440 77976 66110 26948 49518 85294 96746 27199 37383 64032 90245 91467 
92156 26800 90903 50405 76174 84554 24681 95952 73063 88173 68415 80472 11147 9714 50293 77537 95152 78815 19550 75375 
4151 43176 6604 91088 65268 21639 40089 44167 7885 66601 32823 20608 84141 46652 89558 96647 68123 2323 50856 71378 
53620 34372 11674 37385 8296 43313 91102 46783 46518 27651 16085 44545 61315 26665 26166 11142 37314 58949 43410 44197 
1296 97421 852 53134 21342 74027 4108 64501 45345 43285 36457 16383 20824 95526 94767 92518 61471 93597 46500 80000 
48526 73023 18475 361 86707 30172 23924 4561 18743 54377 17927 96987 8844 61003 6453 5949 37300 23350 42661 52658 
27462 77278 39497 65109 93756 40709 49295 29565 98890 15983 30613 10306 9660 51476 85246 13519 96712 97670 316 5697 
36424 63293 35769 6666 99674 54758 58347 46257 47884 52090 91252 35052 58835 93662 86356 21830 52769 533 29870 3718 
67339 61978 6435 51822 24619 441 96729 77449 20051 91752 94297 77183 77685 4015 80720 57495 18773 70925 30666 99772 
70522 5877 69132 379 47343 17524 37530 98547 11256 4227 37726 22538 27668 30559 16430 66578 56424 23185 29946 26337 
63253 44610 81917 57815 37970 75672 46407 67899 43902 30200 5722 6489 60001 52155 11446 19244 28638 68617 66827 46381 
94805 191 81679 95063 99185 19432 50004 66262 89791 10446 34683 270 10592 9027 62173 10246 6232 76386 50845 89165 
46087 69901 8305 41619 54135 44305 42999 53523 33044 58916 9450 22752 56246 55889 85772 64156 48810 7223 21977 60769 
19450 95913 57927 55935 73117 56990 4227 16050 11316 28520 60598 28565 68695 79919 27409 21909 22524 39080 14619 60757 
88805 65502 96575 27997 6355 52083 96428 91016 40007 62484 50110 17239 12358 3599 93855 70509 85621 75716 11452 59728 
89975 15110 33912 68443 50508 28420 40365 77134 25176 95827 19751 84222 41450 31202 47930 2120 58710 5100 58016 49862 
53435 70158 54501 79384 2229 18206 30876 91130 50097 54359 41643 22266 83278 7253 81716 93639 80852 35334 24402 9579 
1190 99442 73648 43260 60819 43163 75240 88384 52367 37351 79681 39576 29536 9219 82981 8159 57961 33886 37704 20592 
43227 87241 71003 12322 52050 7920 25860 66186 44816 49067 11056 91740 64676 94688 70164 20157 99420 98742 92355 62 
88702 84146 5798 62478 18075 36888 55781 34034 489 90784 46484 54266 67731 8199 79080 58273 82864 21942 75227 73127 
40959 95360 49726 49397 68574 79459 55085 82490 611 73687 52324 86660 56940 13546 91168 11784 90041 59236 27942 30620 
88287 25200 64076 93686 29939 68434 47910 37889 26543 28929 34288 29860 13452 91535 3223 1613 53970 9403 25743 69415 
87701 31543 37262 68061 49489 58161 66353 1871 91722 97515 79244 86397 67399 94048 88655 62664 1656 15876 22553 31047 
13748 22809 94322 48350 56716 22024 76820 80884 24259 88459 68902 46041 8502 57086 64268 30321 68592 33028 45596 39816 
63754 40857 48835 73462 38820 4673 94910 35297 19117 82866 37132 72237 30023 379 67944 6940 58833 76675 79280 10200 
34381 30301 5811 86520 3863 17501 19798 62441 6675 3258 76176 7131 61900 32536 59573 14377 90392 89404 89337 17792 
63615 40122 86176 26110 54448 81263 44128 38970 30938 1636 93046 3331 53592 70498 70300 52181 80345 52822 58800 97818 
7157 89079 27720 93664 94114 15639 24873 46037 97358 63723 53250 28708 8806 5107 88436 76305 17322 66010 13493 58188 
37560 77819 751 65481 67660 22607 34482 17509 52952 13223 83581 2335 61128 96284 25595 41672 48459 25777 58748 68158 
60488 2212 85473 70850 84895 54515 95994 61657 13184 47342 73646 13840 37279 58010 96554 19769 68071 87604 78367 9866 
24204 28192 49627 31908 35786 54520 35103 90761 45582 94512 970 91389 26325 60296 57084 4184 20353 20710 71494 12205 
70692 97365 93921 49964 13477 45042 15955 9752 53708 18113 34041 7930 90202 73868 62028 28411 73972 61856 3232 84317 
62904 24166 53257 29621 82829 29842 63229 43017 54457 24918 83721 59545 34800 48360 60176 64772 50619 6887 36965 3415 
46492 84662 46799 86471 7377 7459 50141 79848 76757 83263 75575 3742 2493 59884 87519 43220 85849 73174 16566 56795 
86907 69994 60426 95672 86664 22594 27686 25556 14096 78881 75411 94941 70802 12836 48664 41166 4952 75495 22009 56712 
19301 6690 70787 96802 46755 57403 51659 12966 25772 93541 32548 35611 36087 48220 21669 19645 35403 42221 32343 97161 
2570 78522 40714 72728 17292 30704 13650 51921 77199 89149 56575 66524 38909 66531 54567 87680 95616 64178 52664 5369 
98036 21829 34603 89330 47903 16939 56939 54488 23249 1680 66913 63793 25611 58719 72344 74330 62230 65421 58017 42308 
34885 24694 2604 6290 53733 84243 49448 18983 37619 42300 34623 3905 13819 39744 26810 43594 61945 91821 47566 70604 
78201 71498 72133 61806 42960 24915 34119 53726 82092 12263 40963 53171 39141 26269 88452 57477 78022 92453 14521 45885 
69906 45201 31436 66833 90261 16600 21680 93802 93007 21449 30306 74200 53108 75452 63285 32764 80410 98905 91796 38104 
72385 50233 5097 71914 91893 22882 16796 19353 86728 11428 63601 43080 73846 57890 30533 42681 32149 60860 35436 23774 
42982 87798 44047 2243 52703 85660 33786 63141 53372 86974 37644 59175 15640 70539 57779 16385 97850 61215 29787 9197 
30989 71205 28966 23449 4334 31413 97811 74495 90533 71805 65361 3718 1158 41941 95939 74152 44441 31461 61659 55169 
34477 8220 82215 36157 24054 330 16581 47491 31755 60932 21323 60425 32542 88700 23106 42584 94303 80850 37922 7826 
88454 78978 96810 98964 93581 27832 56739 96108 95125 12757 25614 22138 88412 35442 6573 33296 9578 39318 82160 1189 
90672 77513 98015 90197 42496 74381 24313 31096 24208 12736 91440 65756 88392 97874 89682 20152 15600 38699 75585 11240 
80463 62353 37495 3995 61653 39257 46515 69063 26035 53813 88707 95299 38046 11953 60323 16264 25110 10020 95481 37146 
22813 29518 91720 65480 24215 70771 10653 84221 8 64119 91362 26772 96067 1877 59986 42588 44684 90877 21146 24212 
65649 72789 81811 9595 21948 76678 81062 13702 8548 29044 53721 69797 52082 14730 9936 74969 12665 48161 80080 68134 
49230 56241 44812 87041 98337 11516 43294 77222 97336 68110 71721 41982 16726 52232 11744 89434 33771 70489 55401 50469 
98470 40999 8397 3882 50318 81721 57219 86851 18491 57945 2482 35581 49191 48850 27674 74784 78962 63732 17531 40300 
60106 22632 93534 97573 32713 17159 65012 71339 41117 23218 99528 49369 7275 1673 39107 47890 99860 51802 91041 70189 
85629 15206 49535 67295 82454 46890 21686 31344 77566 24719 4062 8487 28604 23527 51108 197 54136 82807 38282 96903 
61143 14198 56021 74919 21863 46463 28603 86826 50404 60735 13927 77310 70724 65849 64460 42597 66081 28388 34191 94273 
90147 92894 39081 53954 51794 99918 78189 40080 93226 31732 85805 46061 21565 79543 61372 89674 49198 23294 86967 74615 
15579 43330 25117 28524 7495 73418 81101 95000 10497 8581 23601 16018 45227 53804 8322 75495 69017 97697 7106 27578 
41865 56620 63124 99094 10824 60667 33696 32845 389 24021 68552 25839 65594 59857 80621 597 22127 4567 64404 72942 
13952 13838 99736 35239 81440 77306 47922 94518 57332 59697 9913 42037 20469 29434 14709 53219 67208 17262 19970 30545 
90426 4507 50605 8309 55297 11442 79283 93108 41671 17283 89916 74591 45382 52993 11393 20938 35884 50275 32056 79594 
4165 33438 6707 48425 61071 68442 98316 5757 19316 621 28253 90502 14226 89696 61190 72805 7879 48588 5934 38997 
80450 72091 82524 96033 8940 92828 19678 28781 6949 78556 10645 98052 55052 51006 83123 45434 96114 15502 1954 5350 
62868 47968 32918 79707 62706 29545 14866 94513 36606 17361 78814 28222 16847 10801 45521 83094 10420 98791 63779 78938 
52261 13563 63407 96138 73212 1292 28928 83978 41017 84271 97608 94098 18416 83204 73112 75667 63849 29087 97676 51629 
97832 39150 154 24288 37239 31290 73252 83075 91862 95953 69447 75677 12393 58998 25705 81869 98563 33937 83172 30624 
9409 34751 90149 31241 60631 27799 40316 95358 55536 64556 62496 56117 55094 49824 51490 83020 32475 70255 27129 21851 
46315 33020 3857 45865 18411 77870 82058 12110 69877 6931 49134 23170 84299 67463 11266 67314 39348 55928 59151 76052 
78168 76260 57603 81168 61008 61592 29941 53351 61514 3730 60018 86115 36009 1811 46198 16614 38647 41804 17962 41902 
81593 30700 21050 60282 70617 30475 97730 15936 36971 81477 16830 36465 52948 20566 30395 65171 41985 32961 88789 15556 
29774 93419 66161 52703 50223 62392 66816 3577 9306 5001 52851 56269 44196 88466 37590 58925 6301 35188 17274 24771 
79824 56700 15428 60198 53007 22962 2150 52837 22492 50521 83817 25856 96811 66863 41649 71781 98761 21063 369 62736 
90841 47440 82682 50820 65786 31345 98411 83690 89978 33676 550 54990 48015 37960 43235 59495 22361 68512 80113 74988 
14297 94490 72621 87595 39155 386 56948 88841 50768 54458 8821 12396 97266 40126 74078 19160 34597 38856 23560 79123 
4994 42603 82877 38161 1438 36160 82396 28704 28152 15115 179 11589 96569 99988 22319 66616 37248 78930 29102 42296 
63068 46031 94966 59123 24302 44364 73333 51268 974 253 46389 87434 73542 4354 43800 63391 4276 99044 65219 24136 
68976 95464 36488 85200 74441 80338 54125 57559 71455 42555 68181 13377 64708 95638 41023 80398 1759 70906 64354 52174 
73779 12566 51911 96159 31477 81261 89052 93192 16949 91663 34572 20132 94748 17464 76817 37648 1476 32615 61104 80876 
80006 96374 34254 75955 31020 65840 57325 35560 44743 19199 27981 9419 48844 12953 97377 68601 57570 62691 70770 23073 
59616 6105 96010 7635 31366 26390 89231 83225 4935 29574 87150 68593 72096 12364 46877 12158 16520 63479 34324 60435 
15627 30436 28522 29519 54490 65582 16120 93347 63901 18717 60962 94220 80931 20701 9194 42010 16907 30291 19329 23358 
91037 58608 79139 21233 70306 65044 75545 79223 9901 9282 42530 49802 49635 45045 36870 50162 31687 31520 30577 3087 
11100 64038 14555 98579 76629 26307 57575 57707 80439 35820 62651 62146 36930 68815 75961 23909 54272 96850 36565 74729 
1802 53598 84467 88344 37270 98331 91706 5319 90844 55328 32486 74692 87366 44123 23513 88341 70314 88590 73454 70003 
18890 47324 21586 96871 89632 78582 19413 36191 60628 44342 46553 58301 61183 80178 67579 7250 48611 44905 51201 20011 
51937 85961 37039 1185 63613 47709 57913 53485 73648 77391 25202 8377 19153 14175 48328 6737 350 31718 77635 16802 
97681 18464 63644 82570 62296 20854 58755 24527 52298 96920 31506 6678 1703 38728 4227 66730 9796 74125 38547 14583 
81779 34708 97715 10000 75631 3536 45364 5738 17087 98006 28223 19468 62434 56481 4030 91447 93324 55671 81521 24438 
60278 80221 19634 2073 34183 5042 71955 6978 38678 29574 69518 21500 34695 93658 37608 17900 77355 72686 5925 69392 
74808 35782 5200 26213 64097 68419 84046 78981 18200 99551 94845 71949 58990 50383 91845 70551 5693 14082 15908 61565 
35101 16069 53661 56475 67733 11706 40359 17505 6648 1971 95892 60819 54742 61116 76094 503 85158 52580 18867 29007 
93157 1374 41588 66315 88051 80596 76848 34389 134 4424 75121 85016 64021 84550 67958 29628 98445 95330 61744 77866 
4750 78644 40425 22447 19533 81626 12425 77835 38061 43373 89812 64061 49931 51345 27247 37928 70157 9419 37988 32687 
8712 25861 15147 63268 12742 45430 70485 38411 53920 85017 14267 52986 11147 54798 38595 61820 1414 58624 14677 76166 
56850 68661 30431 99443 47164 65533 92691 65169 37187 79515 253 7295 30861 72916 67811 50791 98427 43326 67341 353 
74909 47795 96163 3931 21181 91401 58378 29989 6677 23041 90219 95108 49194 72032 89456 95675 85871 78713 92852 31920 
31862 81910 61038 6454 67858 37672 62476 37655 63722 24440 38069 58008 68656 51832 5357 5387 79534 16875 70513 10120 
46210 6192 77455 70168 45558 60666 42101 40451 44386 87430 96359 53779 46053 86019 29649 12853 21533 5173 4318 64163 
97235 57244 7585 19371 3316 99875 77775 81247 54163 42189 89701 17786 82328 99978 69021 67062 33100 55971 78228 53343 
28698 41777 50693 34053 18546 13017 1871 16348 99163 19447 84570 645 39501 59306 38768 62248 64570 85189 5366 19013 
21771 33556 54647 3227 79928 83232 83809 82381 11053 29358 33644 71285 53130 84813 68286 26291 34244 86720 65885 73294 
88231 19049 99918 39610 70338 88283 20254 68860 75540 25466 81095 83658 82414 25554 37192 38344 68726 37066 48909 43886 
95640 67755 65654 81170 98567 16329 56394 13118 7176 71283 13672 21381 96949 38013 90414 88256 27767 1228 1848 51359 
57190 97507 37132 10292 99121 91850 33333 5643 88083 28979 6031 6299 19482 24255 85229 95403 28007 31216 51841 15942 
78419 15972 62041 83711 15942 43717 37839 11175 19198 5028 14274 61511 25058 90287 31732 74561 80141 96779 15933 61066 
80721 96822 30461 84545 42745 85024 90372 98908 66173 66095 88661 23587 43903 11122 27832 14891 21345 75371 93444 76041 
4614 48185 69150 34742 39946 15764 31942 50100 45760 74965 71942 71797 17743 77175 17961 20307 74861 48310 10026 66051 
9477 98812 21911 49189 15849 24181 1876 47243 9939 95072 17449 9027 47668 55049 35032 20978 43644 27207 96287 84161 
16002 97019 74331 79265 34717 47082 2909 96915 27088 54912 487 73359 2677 18365 54821 19479 22334 63046 36696 5982 
51344 63828 47928 66703 60526 87906 91088 52453 51225 49164 85900 35955 55951 95873 27686 99304 50345 7570 55252 87537 
43084 82067 98434 68690 21529 31607 78636 30178 64828 27749 22090 24509 61387 5806 30140 93314 81399 2821 45963 95695 
63588 71915 29539 41407 79780 43987 61991 34016 34047 7475 43909 16490 71153 37485 39936 36183 68209 32130 48404 20284 
5622 29856 1420 39550 89919 35368 26549 5401 32341 82043 9926 64836 98733 35829 92707 94559 50226 18146 97448 34287 
77867 60383 95092 40389 63207 57252 27846 6800 64486 30258 33633 63786 83647 86748 97515 99877 81107 83204 49467 88770 
61052 22323 16126 94750 94605 42376 8911 31030 36777 99041 33153 87473 71185 85766 63135 53257 93682 87771 22103 75514 
92871 42628 10108 4612 617 45781 54934 68366 48173 12212 74388 9311 49455 64588 62515 15951 44152 28082 6770 36389 
93646 9740 58111 66600 4124 70203 74525 11489 26878 60712 29719 39740 59866 31998 45699 57695 22091 96816 18806 10671 
58447 18997 13771 98354 79322 90395 73318 59751 99322 56888 72305 83530 47760 40260 34790 29110 95499 79753 70960 50181 
4277 16798 95962 20071 47632 57953 67781 7204 73210 63317 40888 79849 57199 760 82378 89684 7735 84085 83780 29956 
20763 70226 44897 11058 30897 84057 56340 41879 3346 62836 74296 595 96364 3877 41287 75291 71659 26537 289 3481 
62816 22255 60032 33675 88311 43032 74366 31111 80882 23896 20115 42662 47783 58110 86265 25466 19216 36275 62858 80131 
95253 96018 39655 50300 33978 93849 39914 26650 5120 99471 41947 46283 40091 59541 9875 64020 69827 88890 21072 74655 
35948 6169 37939 56925 62677 14907 18316 95608 59982 6540 17832 1332 28198 93341 6079 71850 28547 68651 3710 775 
82279 4908 16741 20642 28265 21641 87451 83244 12414 88562 20116 11689 17011 66329 45044 97879 75337 86548 39246 11405 
89601 50432 84093 30797 9930 20732 81428 99778 98773 76412 96845 19663 92910 80824 52093 62514 28665 27088 27289 95704 
30535 19673 83009 89352 38585 62530 55694 35522 77878 31988 3284 18775 87540 7270 57311 49234 85967 63090 16554 30048 
86216 7963 20542 20169 96229 57760 80583 44427 53143 22865 44702 53238 88272 25688 56706 74499 65769 42603 7531 77674 
43883 97847 16518 45736 24167 94399 36834 65048 81142 56009 38090 5645 50387 92213 23390 9720 23217 1170 42411 63965 
75545 25022 62813 82272 32636 8905 98873 20664 4239 73662 83045 59050 97682 20777 39412 91250 20138 42993 67557 37271 
28979 75412 67885 59841 17494 11878 49131 2828 60623 52677 60102 90082 73724 55482 43984 84054 26325 46877 89271 93443 
55527 79355 66680 68842 17360 56491 86696 56564 83600 90376 19119 88484 82554 35282 65840 72556 81761 13737 31738 77736 
63803 20059 19174 36594 41901 76553 18486 66056 5783 60769 83987 90608 44313 39783 36095 20514 29559 47380 85269 50151 
75034 2973 60493 49650 10569 72877 21576 95263 49520 1410 41477 65164 10801 66166 80614 44809 17925 56847 82328 73471 
76534 31489 43612 45003 27100 63844 10789 5751 16255 19404 69899 24276 60798 55794 34069 48860 53196 90742 7318 15952 
98058 84826 56502 35461 36579 33061 21045 93333 43044 86212 73635 65354 69037 43407 88173 68266 18994 8153 59219 20623 
37682 1495 96497 58204 80813 53415 779 56352 71371 48369 14831 79153 36792 87885 53249 26112 84118 54241 34284 52229 
12233 97719 88205 50420 58770 13681 55575 55569 77502 8832 41560 2858 88967 38998 44503 62172 31906 83129 98208 46460 
71956 24145 56177 81226 64082 37147 16734 5467 70904 50773 36231 29144 32687 60401 68374 7929 22498 73506 84199 82505 
31400 95081 8337 6114 40310 53982 61193 27997 40969 85269 91466 56291 37228 37804 86360 50294 34626 97849 91377 92933 
37076 77674 25929 59778 56776 46444 20201 3436 31797 37592 36827 46912 53153 18229 86014 9714 46092 50896 95086 62630 
62011 31338 90976 58715 19353 94478 49352 36656 71175 74846 13897 99281 33280 43359 3880 39018 14916 53039 17443 78761 
58420 58166 86551 29785 87255 97803 91481 49279 72731 79961 60413 79199 16946 78879 11712 96868 36583 89253 97303 85223 
54247 14820 2844 50383 38897 65832 60004 72079 22897 36511 69057 98999 16925 21115 81840 1131 49080 45225 73953 36745 
25049 8075 25909 60139 73772 12414 21089 43838 47916 82019 73582 85831 40059 46447 87131 66283 84768 64127 64934 66290 
83895 3721 51760 84624 46101 60101 69266 93154 20622 20974 76938 13122 74424 10302 42602 49757 58519 9180 61690 56437 
97608 39428 65148 94286 21809 69471 1947 92792 24323 71404 5078 21488 37480 38727 41064 35906 55645 40413 88521 60167 
13367 5313 81778 68936 64461 53438 70722 59866 13914 93666 61320 88517 31437 53561 94287 5339 47106 42310 78582 6560 
38631 29827 89548 53435 68370 36383 70755 84950 60351 43007 34749 85163 44837 33787 45834 65709 44252 29328 86251 47149 
23349 33632 10353 77335 56102 60188 62335 62174 49804 49517 76616 52345 5576 16587 70510 9919 29272 90383 96151 52192 
49634 69220 25764 8822 94922 47849 8641 73540 75367 37428 48226 71836 16594 69846 68824 73570 22599 76060 6056 38573 
24220 572 21870 39796 92378 73906 2036 54748 10213 70111 3042 98734 76840 75597 74347 47298 99436 77415 64876 69022 
3603 84544 39706 98492 35648 95617 8111 22590 22064 39831 51583 25862 89203 92688 65993 71277 20613 11113 47632 26668 
66359 30208 94826 29053 21604 8458 72724 92113 49549 22090 45222 32497 1311 80180 68316 36657 10198 91956 22453 90546 
20402 95687 77054 88200 59454 98907 51823 88294 60148 60558 80964 59281 26312 45396 29252 30592 23575 92186 44820 19905 
59507 72177 50306 21005 10498 65564 99949 19983 7199 6808 34569 11 99519 50148 736 28470 93742 26307 35198 50907 
16366 27504 25740 4988 45316 73623 90483 39746 63917 29270 46073 53990 47235 5761 4017 4528 1717 26547 15845 14506 
17838 60746 31699 22779 1013 54881 74003 85007 5438 53667 26902 5543 44786 70335 71027 56242 93969 92516 19270 30550 
39181 67566 17546 24881 74982 66021 19467 56192 6771 64523 62391 38453 80791 58919 95748 33519 36032 97896 78042 33270 
12137 36617 4538 85786 58979 88218 69166 14287 89230 50682 16271 5416 4697 3649 60642 85248 75882 87660 86934 27505 
31986 80795 62117 11197 56345 67289 77319 58415 21929 7279 49783 99663 36711 19213 95846 52880 81964 90382 11762 71313 
14862 46223 79146 32923 23803 15561 93076 80789 75778 41383 12279 15375 58785 16350 82210 78523 61163 81638 50385 46828 
74227 52450 98084 20728 33976 88658 4983 90946 63943 70246 1740 91393 32857 39217 85823 12004 81 69473 49793 29449 
68359 27505 50399 65468 57424 40303 34644 77904 2602 87823 97362 75778 14511 82281 49104 3621 93152 33818 75044 79733 
43525 74641 14340 75261 32986 83175 11554 61439 1954 42262 89496 7864 18153 87596 91740 91696 55433 9820 25575 66623 
51944 76978 53084 1797 17536 85103 84583 64572 41571 87341 15269 2961 61793 29180 5493 39978 38120 63495 8226 68364 
18973 82800 86552 3098 81629 16558 65599 56393 67916 40905 36361 16856 49774 98047 63097 21242 12089 88188 41888 60352 
62013 82429 67107 26367 71173 42641 19995 6774 82905 19675 25715 64686 13086 37835 61113 1177 20937 90146 85622 17924 
55587 23698 24252 97943 55508 21784 76492 26684 74984 25192 98722 8616 11286 17553 48453 27424 72807 10547 60550 41612 
61660 34092 33324 27304 25940 51812 48541 16569 17054 44210 14681 25507 22939 48635 59958 63455 39932 74702 31341 87851 
87070 21341 57421 28196 14615 87148 44984 46082 35242 92523 7908 76955 38782 80187 12844 38842 67690 23020 69208 28894 
56445 96344 4579 57114 90229 41913 20082 98489 92308 22300 20744 47758 33675 57443 8682 875 72136 9358 95766 46736 
28139 91478 37094 99752 25760 15479 46464 88268 48357 44554 21512 52319 3647 27512 57724 53281 72983 98325 27305 98712 
40510 76169 40606 86452 31854 13825 128 82687 95115 14558 50311 3827 12954 6557 84727 47581 82858 90948 89777 18558 
31128 61162 56155 23049 31284 97835 39285 58793 30116 72104 12841 47465 56163 82973 80211 72980 10317 33532 22101 50169 
76016 98314 6422 71718 13432 12266 28520 6220 79165 96973 93576 765 28219 16129 30576 6034 14259 57550 60027 57652 
35643 16440 45745 48965 59323 77744 32341 20188 80958 98040 79602 53101 26114 83810 46444 91668 40452 97880 12660 91032 
47734 25650 43330 82082 75612 22307 60741 22374 43563 78665 23095 5054 43352 29702 62779 32599 75549 43413 21856 6012 
65667 13991 37995 42627 36090 97418 38214 7447 21033 35646 39269 91946 12571 91406 60932 71184 6895 12310 1780 31152 
4254 73535 90173 66143 23781 28589 40776 91586 87316 21155 64681 84108 71703 85488 41369 59778 52864 42860 12682 7171 
22135 20138 40962 40087 26807 8409 78052 73223 54674 26331 36853 7632 83918 53231 49410 73488 83271 74083 18252 79257 
78237 53945 20896 60987 14089 35213 75095 5034 17239 99381 6235 22471 38177 85089 22112 75829 26182 12823 4353 24267 
72811 76522 86603 220 96612 40266 29704 31791 52712 37795 8213 50563 95984 91791 16085 97701 59603 86781 92787 84370 
17786 83299 14901 26923 51616 7475 78588 38485 50251 66185 56461 13220 51025 51598 72921 62060 37287 7599 76294 90008 
87951 99391 87172 74682 70186 92347 32421 69774 31275 82435 63109 49814 43360 68787 88907 59214 78981 35164 48374 43952 
632 30588 46568 65360 88154 46706 16783 18333 89521 80272 99666 36349 48137 3527 26660 44162 86857 99300 54526 73421 
47967 24135 2728 13894 62722 85504 3907 16001 27790 80063 56759 97470 64366 60220 77878 64663 19937 71343 17349 37783 
88071 82024 61437 47220 74853 15258 9210 66027 17798 97437 33786 3491 57056 39139 80412 47720 43244 75458 45613 34277 
55020 56580 38482 32156 44326 53815 2297 72968 67646 6874 86872 26447 96915 41918 17455 10341 49204 59316 40751 49426 
6527 12868 47858 53354 34370 31144 20742 77295 31926 26724 57599 43443 44708 63855 94891 80050 36034 34339 60622 1395 
41228 93427 56005 98655 55599 19004 76137 88336 36201 93061 82680 64369 9195 65602 65156 35203 47683 53300 89870 52604 
88971 4218 67298 79929 76238 24152 63273 60675 11536 54383 6700 67745 63297 90713 99703 72858 51931 51763 89669 32139 
71883 76791 31667 94400 16356 48561 39748 11432 36132 82888 7818 61013 32367 81669 48231 49772 49595 65038 21195 23842 
27939 1816 78884 41361 9820 79107 79599 42104 3419 63416 20031 45757 48612 53376 43476 38618 5392 91129 51671 81650 
20604 4385 91529 5190 86348 70651 87363 13319 39124 44235 81283 47801 91702 44636 44583 73974 22950 12912 58292 47609 
274 2890 13518 41274 67449 38727 28858 53721 25102 33068 39828 45543 27431 67235 86634 11850 92153 26465 13051 93542 
90775 58701 80567 56419 34113 418 38189 20631 2725 86920 5747 48711 19335 17303 52694 42600 2180 5502 71742 61485 
94836 7288 39863 45732 16091 27655 5616 2415 6565 75433 25512 95585 10023 93776 8967 51262 31653 44966 74721 43977 
6130 55168 91101 47227 75201 73569 76413 55125 6081 69387 14258 58443 89721 35616 68537 72999 85010 43421 54715 34937 
65391 19027 17438 74301 6772 94368 48440 14022 10585 72530 43353 84291 65474 87326 39609 21668 69253 46750 28583 11062 
41193 28177 42335 61432 37829 6451 61781 64976 32664 98769 5011 94460 83379 48561 81055 34749 6571 65355 13423 37315 
47736 16938 90153 88514 62806 28595 99359 2386 59789 60144 12816 2447 15128 54743 13780 74028 92558 65417 18802 29387 
32019 95744 14464 16808 21711 34098 56624 48057 29673 29236 10207 36695 31151 51279 42859 29386 48007 24194 27032 18743 
57007 78629 73205 41120 24298 29312 35619 10600 3471 63567 91621 22928 46766 89165 42812 60822 189 99565 56527 48962 
36433 2117 51526 66696 89997 61964 60107 83584 53360 90821 53856 25043 90406 2438 72738 33323 82926 14771 8277 79078 
11058 94220 53696 19476 1340 74537 68718 51848 93075 12535 87742 70449 43139 51314 3548 55911 97802 60895 52247 13419 
84380 22715 97586 98484 60598 3338 8709 78678 20658 19974 94669 83499 31690 11710 89634 4368 17097 70897 2408 49318 
18323 68468 95559 38319 12445 84758 20693 94797 58431 36819 72695 18434 23233 15132 19436 29357 28327 23390 47501 45945 
76840 30421 69605 98761 12574 49635 12686 98454 61818 29645 81849 9938 34820 16571 86989 78520 68156 19403 42413 82956 
27574 44772 18708 41854 21898 84581 35316 31958 85278 2648 63751 40566 14682 91729 80631 65149 14741 47960 41150 86477 
70597 13962 93973 85841 22150 17954 13238 6136 57651 97542 88674 13045 76523 7753 18785 33448 16150 11697 36789 72086 
67328 96402 82806 78966 5134 33510 13532 28112 30807 55295 29518 29573 37013 6829 55113 20942 27911 45399 37104 54107 
838 17318 41746 41130 83211 34751 37740 32048 7569 24366 66343 17873 30874 94385 68003 59874 8919 35181 34055 76077 
3812 88716 69401 76445 53952 73531 24741 6623 89321 53249 65066 59248 51529 73341 40178 31484 752 97093 44053 12716 
90717 6070 2382 80248 12047 5194 84275 80234 39141 91739 56027 83066 43010 55265 93892 69524 62528 52771 7972 46480 
44105 48480 56055 74526 4909 62786 83420 98703 53259 61574 35344 7502 86157 9286 85049 14539 75961 18320 79620 94203 
70746 99722 26129 38502 18995 20146 16490 47208 23703 80535 13120 96481 4800 10150 57094 809 6556 39432 62108 13404 
98264 6260 61328 53014 29519 78015 78726 98253 19275 80080 61602 57185 81862 91851 21599 68322 88386 36594 86950 70643 
49320 15602 73662 46811 19730 47866 88647 7050 94078 68403 23357 67404 38170 17420 29244 82009 79881 2311 10588 34763 
65406 36298 48668 37299 93301 16189 13268 94590 51763 60255 89925 79184 42332 22154 52224 81722 13492 54695 97280 72548 
42908 31445 72577 26835 52240 6949 71552 11807 11153 81962 21483 95351 77834 99763 29974 63192 61671 28771 6322 35114 
27681 46989 1005 10846 9945 43169 57671 45863 38461 66507 79772 15028 4292 43793 88550 31254 37142 35283 31311 20200 
31044 70837 19817 84553 36493 11376 51328 61011 35439 39007 19434 41558 19505 89098 85535 40570 23785 28287 30719 96867 
89711 13143 88016 16474 9590 21556 23742 34618 95013 81750 47661 58619 12589 57364 45167 70806 97042 85655 71822 54691 
78083 98122 55098 28866 79191 10624 30464 2585 1650 92919 80497 91380 60525 24708 83629 59102 82865 12004 53089 62671 
3121 69108 37251 90614 37170 23061 72718 2581 51035 90350 46582 44526 13751 75593 83993 5357 34312 6722 40741 73648 
98483 56157 78760 70825 58716 56647 81610 61707 41532 36559 24094 52636 82346 84229 46186 16300 39242 15452 92210 78950 
17680 34773 80200 84273 91327 2963 55758 67173 74224 39073 9158 26903 59355 45152 91565 77997 1355 83431 19364 85717 
80941 31882 90625 95854 98566 17735 49246 22112 363 9912 38584 3017 14758 89633 79331 60892 97951 8269 50763 58172 
39899 5348 64224 6171 41239 32213 92954 89481 21621 59714 17383 79441 22668 6284 99329 97926 33284 24133 60049 5654 
31462 83286 32353 27620 18071 31655 92062 99763 74855 1744 33935 18541 35067 42996 48442 86960 34618 46614 91748 87163 
27097 85320 62682 32466 84573 69897 94961 98332 68056 87432 10218 74553 17880 43824 39057 10857 91808 44078 19480 23863 
85281 6068 84796 85363 62781 58383 6789 55274 91699 83926 2522 23823 59321 91613 59540 38680 25430 26234 18763 75386 
84222 82900 1685 69099 63525 32466 35847 36911 31777 63651 24898 8838 84695 97442 5217 84505 23706 22848 51698 24479 
57093 79179 80999 3479 53479 80394 54310 99000 38286 53610 25767 51090 14272 19963 68417 12817 76062 56092 8009 60195 
41738 75260 69178 18993 2651 53385 54683 58397 53330 75000 49089 83427 75518 47981 63179 12757 88483 95055 38398 54476 
67086 72298 89913 32636 73311 5592 22149 32900 45990 54277 93063 90433 46941 63926 89798 68756 56529 65283 25447 49890 
91315 73830 10483 66537 42406 58869 84993 37022 48059 71203 63134 96930 72019 25892 60276 26849 1695 75344 94076 59874 
9813 60215 90010 60638 40760 73986 46466 95041 60823 3730 18241 22016 19339 95898 90089 9079 31539 95339 40894 46664 
34391 81731 70645 12566 93797 97097 26857 4758 14753 9680 87491 61921 66647 46436 18772 89935 44204 6530 59166 46840 
43958 24282 36137 58184 79797 58986 1422 97440 62971 62595 22975 8580 71049 10043 87922 517 28817 78167 34854 49977 
88015 90993 75088 91031 65450 89037 42167 64491 11989 45750 37090 61361 25450 52956 49395 98254 11649 89824 90227 80234 
39722 97470 12511 5641 66718 31211 82969 62182 16739 86641 38075 11119 49512 21538 69384 79902 86130 54539 51547 75477 
177 20934 13488 79126 46664 9533 59337 79414 4978 69588 24307 36595 70854 20429 52018 65249 22130 72587 75895 3327 
98512 11371 49523 70642 21091 82095 26927 77634 2132 78303 90640 2086 53432 89120 9236 37366 15841 13225 41466 15546 
99661 31731 42274 91820 28087 6852 56260 25465 30411 79739 36436 96121 40726 1246 90687 44675 1995 65005 87813 41811 
36915 92519 29562 11144 83404 53393 88832 72805 79766 23520 74132 16600 51412 67152 5731 30620 88808 22128 41603 21098 
63670 75320 44670 13473 27811 75944 29753 15369 28416 20975 70712 25899 12761 97064 39215 80051 50634 23576 82943 81000 
82738 90362 27315 32979 77186 30391 21229 41659 34349 78643 45625 80392 12559 12394 56866 74636 82725 76765 78071 75531 
37501 55927 8433 71741 98715 1682 80638 84996 51085 26046 79034 85078 95239 1672 42602 18203 97512 26210 43932 24464 
77711 29622 62446 55156 85140 55910 42785 52228 95931 63862 89030 8376 69498 30720 60733 29959 94319 24492 67779 47727 
57479 96379 27236 82759 49026 64566 40679 51795 55566 99807 48444 51976 16989 47037 8771 15419 39573 34280 41599 50084 
42429 31790 53016 82205 74344 46157 67655 55471 4211 88786 93924 39341 62658 42857 65606 18866 95839 21723 17405 66968 
81890 18281 43512 71126 45199 76803 3034 58823 57424 70424 78381 7317 44900 41894 19123 1908 18585 57812 93607 25684 
72893 24850 85458 40004 56018 68456 84975 60476 69914 87980 67398 30276 76264 69218 83468 7748 47976 13253 15683 87140 
91229 55946 20956 46242 89691 2591 26425 75404 10207 11353 49782 47280 21195 18772 3196 28743 10217 52833 51005 8410 
25431 24694 98820 96497 83932 99213 91361 47344 19851 75271 16494 62324 28323 18264 99943 86960 48462 50386 35041 39523 
48144 34659 56019 50476 7723 17571 35829 85695 54879 28002 14546 49211 4723 69532 10880 66785 24199 34299 21874 47133 
19712 66453 19973 64908 77637 82180 44794 27522 17487 5755 7207 36029 65358 63892 56659 17944 89382 32621 13976 54419 
60566 27492 81798 32579 14008 79693 86898 86838 56424 62061 84641 45704 66562 9993 16914 4959 34908 46125 42596 42078 
35634 67584 9870 9266 93974 34632 13663 92959 9482 58964 43322 8410 80181 18325 7981 51467 45987 92722 39202 70078 
68814 11726 80367 30905 41875 29768 1452 51480 46538 93304 26351 95898 84785 42031 69897 80902 53567 23060 15905 68284 
57985 57695 7048 15500 68031 66040 88669 45035 47793 766 69594 87793 53309 93347 13454 56635 78325 97879 8601 52199 
65325 28362 88626 51424 4168 39519 37336 84121 7588 14368 65722 32553 48446 54246 87345 66024 5025 33839 63731 20342 
22324 31549 6004 22128 59806 34945 25691 1792 92935 85354 1209 4400 29191 75924 59894 4679 38419 14409 87807 20993 
18581 45573 81643 70428 53623 97117 7529 39311 36734 3916 78504 32117 72304 77999 54699 21250 79927 81372 9042 18558 
84873 54954 51317 97026 29191 39863 23119 12700 37385 75415 35556 33224 87642 99896 40543 20252 6477 10779 41941 6982 
71506 54645 11514 43443 82967 48081 28685 82143 50580 50690 77345 9354 61565 13674 8744 49896 54409 48789 33471 15 
62700 871 69553 20408 73962 51205 11640 12444 75933 19896 46437 88057 37534 62547 67656